1 1 2
1 2 4
1 3 4
1 4 4
1 5 4
1 6 4
1 7 4
1 8 4
1 9 4
1 10 4
1 11 5
1 12 5
1 13 5
1 14 5
1 15 5
1 16 5
1 17 5
1 18 5
1 19 5
1 20 5
1 21 5
1 22 5
1 23 5
1 24 5
1 25 5
1 26 5
1 27 5
1 28 5
1 29 5
1 30 5
1 31 5
1 32 5
1 33 5
1 34 5
1 35 5
1 36 5
1 37 5
1 38 5
1 39 5
1 40 5
1 41 5
1 42 5
1 43 5
1 44 5
1 45 5
1 46 5
1 47 5
1 48 5
1 49 5
1 50 5
1 51 5
1 52 5
1 53 5
1 54 5
1 55 5
1 56 5
1 57 5
1 58 5
1 59 5
1 60 5
1 61 5
1 62 5
1 63 5
1 64 5
1 65 5
1 66 5
1 67 5
1 68 5
1 69 5
1 70 5
1 71 5
1 72 5
1 73 5
1 74 5
1 75 5
1 76 5
1 77 5
1 78 5
1 79 5
1 80 5
1 81 5
1 82 5
1 83 5
1 84 5
1 85 5
1 86 5
1 87 5
1 88 5
1 89 5
1 90 5
1 91 5
1 92 5
1 93 5
1 94 5
1 95 5
1 96 5
1 97 5
1 98 5
1 99 5
1 100 5
1 101 528
2 1 2
2 2 6
2 3 7
2 4 7
2 5 8
2 6 9
2 7 9
2 8 9
2 9 9
2 10 9
2 11 9
2 12 9
2 13 9
2 14 9
2 15 9
2 16 10
2 17 10
2 18 10
2 19 10
2 20 10
2 21 10
2 22 10
2 23 10
2 24 10
2 25 10
2 26 10
2 27 10
2 28 10
2 29 10
2 30 10
2 31 10
2 32 10
2 33 10
2 34 10
2 35 10
2 36 10
2 37 10
2 38 10
2 39 10
2 40 10
2 41 11
2 42 11
2 43 11
2 44 11
2 45 11
2 46 12
2 47 12
2 48 12
2 49 12
2 50 12
2 51 12
2 52 12
2 53 12
2 54 12
2 55 12
2 56 12
2 57 12
2 58 12
2 59 12
2 60 12
2 61 12
2 62 12
2 63 12
2 64 12
2 65 12
2 66 12
2 67 12
2 68 12
2 69 12
2 70 12
2 71 12
2 72 12
2 73 12
2 74 12
2 75 12
2 76 12
2 77 12
2 78 12
2 79 12
2 80 12
2 81 12
2 82 12
2 83 12
2 84 12
2 85 12
2 86 12
2 87 12
2 88 12
2 89 12
2 90 12
2 91 12
2 92 12
2 93 12
2 94 12
2 95 12
2 96 12
2 97 12
2 98 12
2 99 12
2 100 12
2 101 506
3 1 2
3 2 2
3 3 15
3 4 15
3 5 15
3 6 17
3 7 17
3 8 17
3 9 17
3 10 16
3 11 17
3 12 19
3 13 17
3 14 18
3 15 19
3 16 18
3 17 18
3 18 19
3 19 15
3 20 18
3 21 20
3 22 19
3 23 19
3 24 20
3 25 19
3 26 19
3 27 20
3 28 18
3 29 18
3 30 20
3 31 20
3 32 20
3 33 20
3 34 20
3 35 20
3 36 18
3 37 19
3 38 19
3 39 21
3 40 20
3 41 20
3 42 22
3 43 20
3 44 20
3 45 22
3 46 20
3 47 20
3 48 22
3 49 20
3 50 20
3 51 22
3 52 20
3 53 18
3 54 22
3 55 20
3 56 20
3 57 22
3 58 21
3 59 22
3 60 22
3 61 22
3 62 22
3 63 22
3 64 20
3 65 20
3 66 22
3 67 22
3 68 22
3 69 22
3 70 18
3 71 22
3 72 22
3 73 20
3 74 20
3 75 22
3 76 22
3 77 22
3 78 22
3 79 22
3 80 22
3 81 22
3 82 20
3 83 20
3 84 22
3 85 22
3 86 22
3 87 20
3 88 22
3 89 22
3 90 23
3 91 21
3 92 21
3 93 23
3 94 22
3 95 22
3 96 23
3 97 22
3 98 22
3 99 23
3 100 22
3 101 884
4 1 2
4 2 2
4 3 2
4 4 17
4 5 17
4 6 18
4 7 18
4 8 19
4 9 19
4 10 17
4 11 19
4 12 20
4 13 20
4 14 19
4 15 19
4 16 20
4 17 19
4 18 18
4 19 19
4 20 20
4 21 21
4 22 23
4 23 22
4 24 22
4 25 22
4 26 22
4 27 20
4 28 22
4 29 20
4 30 22
4 31 22
4 32 22
4 33 23
4 34 23
4 35 21
4 36 22
4 37 21
4 38 22
4 39 23
4 40 23
4 41 22
4 42 22
4 43 24
4 44 26
4 45 22
4 46 25
4 47 24
4 48 24
4 49 24
4 50 24
4 51 24
4 52 22
4 53 20
4 54 20
4 55 22
4 56 26
4 57 24
4 58 25
4 59 24
4 60 26
4 61 22
4 62 26
4 63 26
4 64 26
4 65 26
4 66 20
4 67 24
4 68 24
4 69 24
4 70 20
4 71 24
4 72 26
4 73 24
4 74 26
4 75 24
4 76 28
4 77 26
4 78 26
4 79 24
4 80 24
4 81 24
4 82 26
4 83 26
4 84 26
4 85 26
4 86 24
4 87 22
4 88 25
4 89 26
4 90 24
4 91 26
4 92 26
4 93 24
4 94 24
4 95 26
4 96 28
4 97 26
4 98 26
4 99 26
4 100 28
4 101 987
5 1 2
5 2 2
5 3 2
5 4 2
5 5 22
5 6 22
5 7 23
5 8 20
5 9 23
5 10 23
5 11 23
5 12 24
5 13 27
5 14 26
5 15 23
5 16 23
5 17 26
5 18 26
5 19 26
5 20 24
5 21 28
5 22 27
5 23 25
5 24 24
5 25 27
5 26 29
5 27 30
5 28 26
5 29 28
5 30 27
5 31 29
5 32 24
5 33 30
5 34 29
5 35 31
5 36 26
5 37 27
5 38 28
5 39 28
5 40 29
5 41 30
5 42 26
5 43 26
5 44 26
5 45 27
5 46 30
5 47 28
5 48 30
5 49 32
5 50 30
5 51 29
5 52 27
5 53 26
5 54 28
5 55 32
5 56 28
5 57 30
5 58 30
5 59 32
5 60 30
5 61 26
5 62 30
5 63 30
5 64 26
5 65 28
5 66 30
5 67 30
5 68 32
5 69 34
5 70 26
5 71 30
5 72 30
5 73 32
5 74 30
5 75 33
5 76 32
5 77 34
5 78 32
5 79 32
5 80 26
5 81 32
5 82 34
5 83 30
5 84 29
5 85 30
5 86 29
5 87 30
5 88 26
5 89 34
5 90 28
5 91 34
5 92 31
5 93 30
5 94 32
5 95 34
5 96 34
5 97 34
5 98 34
5 99 30
5 100 30
5 101 1166
6 1 2
6 2 2
6 3 2
6 4 2
6 5 2
6 6 32
6 7 34
6 8 30
6 9 34
6 10 32
6 11 34
6 12 34
6 13 36
6 14 36
6 15 35
6 16 35
6 17 37
6 18 33
6 19 34
6 20 35
6 21 37
6 22 34
6 23 35
6 24 36
6 25 39
6 26 38
6 27 42
6 28 36
6 29 38
6 30 36
6 31 33
6 32 34
6 33 38
6 34 38
6 35 40
6 36 35
6 37 38
6 38 37
6 39 38
6 40 38
6 41 40
6 42 41
6 43 42
6 44 36
6 45 42
6 46 40
6 47 38
6 48 42
6 49 43
6 50 40
6 51 42
6 52 38
6 53 38
6 54 34
6 55 36
6 56 34
6 57 36
6 58 38
6 59 38
6 60 40
6 61 38
6 62 42
6 63 44
6 64 40
6 65 40
6 66 44
6 67 38
6 68 42
6 69 44
6 70 36
6 71 42
6 72 36
6 73 40
6 74 42
6 75 44
6 76 44
6 77 46
6 78 45
6 79 44
6 80 38
6 81 46
6 82 42
6 83 42
6 84 44
6 85 39
6 86 40
6 87 44
6 88 36
6 89 40
6 90 38
6 91 44
6 92 40
6 93 44
6 94 44
6 95 44
6 96 42
6 97 48
6 98 44
6 99 44
6 100 42
6 101 1290
7 1 2
7 2 2
7 3 2
7 4 2
7 5 2
7 6 36
7 7 37
7 8 33
7 9 37
7 10 37
7 11 37
7 12 35
7 13 39
7 14 37
7 15 37
7 16 37
7 17 41
7 18 39
7 19 39
7 20 39
7 21 43
7 22 43
7 23 37
7 24 35
7 25 37
7 26 37
7 27 41
7 28 39
7 29 43
7 30 41
7 31 43
7 32 37
7 33 45
7 34 43
7 35 43
7 36 37
7 37 41
7 38 39
7 39 41
7 40 41
7 41 41
7 42 41
7 43 45
7 44 39
7 45 45
7 46 43
7 47 37
7 48 41
7 49 43
7 50 40
7 51 43
7 52 43
7 53 42
7 54 42
7 55 49
7 56 43
7 57 41
7 58 45
7 59 43
7 60 45
7 61 41
7 62 48
7 63 50
7 64 47
7 65 43
7 66 47
7 67 41
7 68 43
7 69 48
7 70 35
7 71 41
7 72 40
7 73 46
7 74 45
7 75 45
7 76 46
7 77 46
7 78 43
7 79 43
7 80 39
7 81 47
7 82 47
7 83 48
7 84 47
7 85 46
7 86 45
7 87 47
7 88 42
7 89 47
7 90 43
7 91 49
7 92 46
7 93 42
7 94 47
7 95 45
7 96 43
7 97 48
7 98 47
7 99 46
7 100 45
7 101 1479
8 1 2
8 2 2
8 3 2
8 4 2
8 5 2
8 6 27
8 7 27
8 8 29
8 9 27
8 10 27
8 11 27
8 12 28
8 13 27
8 14 27
8 15 28
8 16 27
8 17 27
8 18 27
8 19 29
8 20 29
8 21 29
8 22 31
8 23 27
8 24 32
8 25 30
8 26 33
8 27 31
8 28 32
8 29 30
8 30 31
8 31 31
8 32 30
8 33 35
8 34 33
8 35 30
8 36 29
8 37 27
8 38 30
8 39 33
8 40 35
8 41 33
8 42 33
8 43 35
8 44 31
8 45 33
8 46 33
8 47 31
8 48 37
8 49 33
8 50 37
8 51 37
8 52 33
8 53 29
8 54 35
8 55 33
8 56 31
8 57 33
8 58 34
8 59 33
8 60 37
8 61 33
8 62 39
8 63 41
8 64 39
8 65 31
8 66 33
8 67 27
8 68 33
8 69 32
8 70 30
8 71 35
8 72 33
8 73 33
8 74 37
8 75 39
8 76 39
8 77 38
8 78 39
8 79 35
8 80 33
8 81 33
8 82 35
8 83 35
8 84 39
8 85 35
8 86 35
8 87 37
8 88 37
8 89 35
8 90 31
8 91 37
8 92 35
8 93 33
8 94 37
8 95 37
8 96 41
8 97 39
8 98 37
8 99 39
8 100 35
8 101 1327
9 1 2
9 2 2
9 3 2
9 4 2
9 5 2
9 6 36
9 7 37
9 8 37
9 9 40
9 10 38
9 11 39
9 12 38
9 13 38
9 14 38
9 15 40
9 16 38
9 17 42
9 18 40
9 19 42
9 20 36
9 21 41
9 22 42
9 23 36
9 24 36
9 25 40
9 26 44
9 27 44
9 28 40
9 29 45
9 30 44
9 31 42
9 32 39
9 33 48
9 34 44
9 35 44
9 36 40
9 37 41
9 38 43
9 39 44
9 40 42
9 41 41
9 42 45
9 43 46
9 44 41
9 45 46
9 46 44
9 47 43
9 48 44
9 49 45
9 50 48
9 51 49
9 52 47
9 53 46
9 54 46
9 55 46
9 56 42
9 57 45
9 58 42
9 59 42
9 60 44
9 61 45
9 62 46
9 63 50
9 64 48
9 65 45
9 66 49
9 67 41
9 68 47
9 69 48
9 70 39
9 71 47
9 72 43
9 73 47
9 74 47
9 75 52
9 76 48
9 77 47
9 78 48
9 79 46
9 80 42
9 81 47
9 82 47
9 83 46
9 84 47
9 85 47
9 86 47
9 87 49
9 88 44
9 89 51
9 90 43
9 91 48
9 92 49
9 93 47
9 94 49
9 95 50
9 96 47
9 97 49
9 98 45
9 99 51
9 100 45
9 101 1469
10 1 2
10 2 2
10 3 2
10 4 2
10 5 2
10 6 23
10 7 26
10 8 22
10 9 24
10 10 26
10 11 26
10 12 24
10 13 28
10 14 26
10 15 25
10 16 25
10 17 28
10 18 26
10 19 30
10 20 28
10 21 31
10 22 32
10 23 26
10 24 24
10 25 28
10 26 30
10 27 30
10 28 31
10 29 34
10 30 30
10 31 31
10 32 22
10 33 30
10 34 28
10 35 28
10 36 26
10 37 30
10 38 30
10 39 32
10 40 34
10 41 32
10 42 28
10 43 32
10 44 26
10 45 28
10 46 30
10 47 30
10 48 32
10 49 36
10 50 34
10 51 34
10 52 30
10 53 32
10 54 30
10 55 38
10 56 32
10 57 32
10 58 34
10 59 32
10 60 32
10 61 32
10 62 35
10 63 34
10 64 34
10 65 30
10 66 32
10 67 30
10 68 34
10 69 35
10 70 27
10 71 32
10 72 30
10 73 38
10 74 36
10 75 38
10 76 38
10 77 38
10 78 35
10 79 34
10 80 28
10 81 34
10 82 37
10 83 34
10 84 34
10 85 37
10 86 30
10 87 31
10 88 31
10 89 35
10 90 30
10 91 38
10 92 36
10 93 32
10 94 35
10 95 34
10 96 32
10 97 36
10 98 35
10 99 36
10 100 36
10 101 1256
11 1 2
11 2 2
11 3 2
11 4 2
11 5 2
11 6 35
11 7 36
11 8 36
11 9 38
11 10 40
11 11 39
11 12 39
11 13 40
11 14 37
11 15 39
11 16 38
11 17 41
11 18 40
11 19 43
11 20 38
11 21 43
11 22 46
11 23 36
11 24 37
11 25 40
11 26 42
11 27 42
11 28 42
11 29 46
11 30 44
11 31 44
11 32 38
11 33 48
11 34 43
11 35 43
11 36 39
11 37 42
11 38 40
11 39 44
11 40 44
11 41 40
11 42 40
11 43 48
11 44 40
11 45 45
11 46 46
11 47 43
11 48 44
11 49 46
11 50 47
11 51 48
11 52 46
11 53 44
11 54 44
11 55 50
11 56 42
11 57 46
11 58 46
11 59 44
11 60 46
11 61 45
11 62 48
11 63 49
11 64 50
11 65 44
11 66 48
11 67 42
11 68 46
11 69 48
11 70 38
11 71 46
11 72 42
11 73 48
11 74 46
11 75 48
11 76 46
11 77 44
11 78 46
11 79 44
11 80 40
11 81 48
11 82 50
11 83 48
11 84 50
11 85 50
11 86 46
11 87 48
11 88 44
11 89 50
11 90 42
11 91 50
11 92 48
11 93 46
11 94 52
11 95 49
11 96 48
11 97 51
11 98 46
11 99 50
11 100 48
11 101 1508
12 1 2
12 2 2
12 3 2
12 4 2
12 5 2
12 6 28
12 7 26
12 8 28
12 9 27
12 10 27
12 11 27
12 12 31
12 13 32
12 14 30
12 15 31
12 16 30
12 17 29
12 18 28
12 19 29
12 20 29
12 21 33
12 22 33
12 23 30
12 24 35
12 25 34
12 26 36
12 27 35
12 28 34
12 29 32
12 30 31
12 31 31
12 32 29
12 33 36
12 34 36
12 35 37
12 36 32
12 37 33
12 38 37
12 39 36
12 40 34
12 41 33
12 42 32
12 43 34
12 44 29
12 45 38
12 46 38
12 47 36
12 48 40
12 49 39
12 50 38
12 51 35
12 52 35
12 53 31
12 54 31
12 55 32
12 56 34
12 57 34
12 58 35
12 59 36
12 60 39
12 61 34
12 62 38
12 63 39
12 64 39
12 65 33
12 66 32
12 67 34
12 68 36
12 69 40
12 70 33
12 71 38
12 72 37
12 73 37
12 74 37
12 75 39
12 76 39
12 77 38
12 78 43
12 79 38
12 80 36
12 81 38
12 82 38
12 83 40
12 84 39
12 85 36
12 86 36
12 87 36
12 88 36
12 89 42
12 90 36
12 91 42
12 92 40
12 93 38
12 94 39
12 95 36
12 96 40
12 97 40
12 98 36
12 99 38
12 100 38
12 101 1312
13 1 2
13 2 2
13 3 2
13 4 2
13 5 2
13 6 38
13 7 38
13 8 33
13 9 37
13 10 39
13 11 39
13 12 39
13 13 45
13 14 41
13 15 40
13 16 39
13 17 41
13 18 39
13 19 41
13 20 41
13 21 43
13 22 43
13 23 42
13 24 41
13 25 45
13 26 45
13 27 45
13 28 45
13 29 43
13 30 41
13 31 43
13 32 39
13 33 44
13 34 49
13 35 47
13 36 40
13 37 47
13 38 47
13 39 47
13 40 43
13 41 45
13 42 42
13 43 44
13 44 39
13 45 48
13 46 49
13 47 46
13 48 48
13 49 52
13 50 48
13 51 45
13 52 43
13 53 40
13 54 40
13 55 48
13 56 46
13 57 47
13 58 50
13 59 48
13 60 45
13 61 41
13 62 44
13 63 46
13 64 44
13 65 45
13 66 45
13 67 47
13 68 46
13 69 49
13 70 44
13 71 48
13 72 40
13 73 46
13 74 45
13 75 45
13 76 47
13 77 50
13 78 50
13 79 48
13 80 44
13 81 48
13 82 50
13 83 51
13 84 49
13 85 48
13 86 46
13 87 46
13 88 43
13 89 50
13 90 46
13 91 55
13 92 49
13 93 49
13 94 50
13 95 47
13 96 46
13 97 52
13 98 48
13 99 47
13 100 51
13 101 1517
14 1 2
14 2 2
14 3 2
14 4 2
14 5 2
14 6 34
14 7 33
14 8 27
14 9 33
14 10 33
14 11 31
14 12 33
14 13 39
14 14 37
14 15 37
14 16 37
14 17 39
14 18 35
14 19 35
14 20 31
14 21 35
14 22 35
14 23 37
14 24 31
14 25 35
14 26 37
14 27 41
14 28 35
14 29 39
14 30 39
14 31 39
14 32 33
14 33 41
14 34 41
14 35 44
14 36 37
14 37 39
14 38 39
14 39 41
14 40 37
14 41 37
14 42 41
14 43 39
14 44 35
14 45 45
14 46 44
14 47 35
14 48 41
14 49 44
14 50 36
14 51 37
14 52 39
14 53 38
14 54 38
14 55 45
14 56 43
14 57 43
14 58 43
14 59 41
14 60 40
14 61 39
14 62 41
14 63 43
14 64 40
14 65 39
14 66 43
14 67 41
14 68 43
14 69 48
14 70 36
14 71 41
14 72 38
14 73 40
14 74 40
14 75 44
14 76 43
14 77 40
14 78 44
14 79 44
14 80 40
14 81 45
14 82 47
14 83 45
14 84 45
14 85 42
14 86 39
14 87 43
14 88 38
14 89 45
14 90 41
14 91 50
14 92 45
14 93 42
14 94 45
14 95 41
14 96 37
14 97 42
14 98 41
14 99 40
14 100 43
14 101 1481
15 1 2
15 2 2
15 3 2
15 4 2
15 5 2
15 6 30
15 7 29
15 8 25
15 9 29
15 10 27
15 11 27
15 12 31
15 13 33
15 14 33
15 15 34
15 16 32
15 17 35
15 18 31
15 19 31
15 20 30
15 21 33
15 22 33
15 23 33
15 24 29
15 25 31
15 26 35
15 27 37
15 28 29
15 29 35
15 30 33
15 31 31
15 32 29
15 33 39
15 34 37
15 35 39
15 36 35
15 37 33
15 38 35
15 39 39
15 40 35
15 41 35
15 42 37
15 43 39
15 44 27
15 45 37
15 46 35
15 47 32
15 48 33
15 49 37
15 50 35
15 51 33
15 52 37
15 53 33
15 54 35
15 55 38
15 56 37
15 57 39
15 58 38
15 59 39
15 60 39
15 61 37
15 62 39
15 63 39
15 64 35
15 65 35
15 66 39
15 67 35
15 68 41
15 69 44
15 70 31
15 71 38
15 72 33
15 73 33
15 74 35
15 75 41
15 76 37
15 77 39
15 78 44
15 79 42
15 80 35
15 81 43
15 82 41
15 83 40
15 84 35
15 85 32
15 86 31
15 87 32
15 88 27
15 89 39
15 90 36
15 91 40
15 92 42
15 93 38
15 94 39
15 95 37
15 96 37
15 97 40
15 98 39
15 99 39
15 100 41
15 101 1326
16 1 2
16 2 2
16 3 2
16 4 2
16 5 2
16 6 28
16 7 25
16 8 29
16 9 27
16 10 28
16 11 27
16 12 33
16 13 30
16 14 31
16 15 33
16 16 33
16 17 31
16 18 29
16 19 29
16 20 27
16 21 30
16 22 35
16 23 29
16 24 35
16 25 32
16 26 37
16 27 35
16 28 33
16 29 33
16 30 31
16 31 29
16 32 30
16 33 31
16 34 33
16 35 35
16 36 33
16 37 32
16 38 37
16 39 37
16 40 37
16 41 31
16 42 33
16 43 37
16 44 31
16 45 37
16 46 39
16 47 35
16 48 39
16 49 37
16 50 39
16 51 37
16 52 35
16 53 33
16 54 35
16 55 37
16 56 39
16 57 37
16 58 39
16 59 33
16 60 37
16 61 35
16 62 35
16 63 35
16 64 39
16 65 31
16 66 35
16 67 33
16 68 39
16 69 38
16 70 33
16 71 39
16 72 37
16 73 35
16 74 35
16 75 39
16 76 39
16 77 37
16 78 43
16 79 41
16 80 33
16 81 37
16 82 39
16 83 33
16 84 33
16 85 35
16 86 37
16 87 37
16 88 35
16 89 39
16 90 36
16 91 38
16 92 39
16 93 38
16 94 42
16 95 39
16 96 41
16 97 37
16 98 35
16 99 38
16 100 41
16 101 1295
17 1 2
17 2 2
17 3 2
17 4 2
17 5 2
17 6 35
17 7 36
17 8 35
17 9 37
17 10 36
17 11 36
17 12 38
17 13 40
17 14 39
17 15 39
17 16 38
17 17 40
17 18 36
17 19 40
17 20 38
17 21 40
17 22 40
17 23 38
17 24 39
17 25 42
17 26 43
17 27 45
17 28 41
17 29 43
17 30 41
17 31 41
17 32 33
17 33 43
17 34 41
17 35 40
17 36 39
17 37 41
17 38 40
17 39 41
17 40 43
17 41 43
17 42 44
17 43 47
17 44 38
17 45 45
17 46 45
17 47 43
17 48 45
17 49 47
17 50 45
17 51 47
17 52 41
17 53 43
17 54 43
17 55 45
17 56 41
17 57 45
17 58 45
17 59 45
17 60 46
17 61 43
17 62 47
17 63 47
17 64 43
17 65 39
17 66 43
17 67 41
17 68 47
17 69 47
17 70 39
17 71 47
17 72 39
17 73 45
17 74 45
17 75 49
17 76 47
17 77 49
17 78 49
17 79 47
17 80 41
17 81 49
17 82 49
17 83 45
17 84 47
17 85 47
17 86 43
17 87 47
17 88 41
17 89 47
17 90 41
17 91 50
17 92 47
17 93 47
17 94 45
17 95 45
17 96 45
17 97 47
17 98 47
17 99 49
17 100 47
17 101 1501
18 1 2
18 2 2
18 3 2
18 4 2
18 5 2
18 6 35
18 7 36
18 8 34
18 9 39
18 10 34
18 11 33
18 12 33
18 13 37
18 14 36
18 15 39
18 16 37
18 17 41
18 18 40
18 19 40
18 20 35
18 21 38
18 22 40
18 23 36
18 24 32
18 25 37
18 26 43
18 27 40
18 28 34
18 29 41
18 30 43
18 31 40
18 32 38
18 33 47
18 34 40
18 35 43
18 36 39
18 37 37
18 38 39
18 39 43
18 40 41
18 41 40
18 42 44
18 43 45
18 44 37
18 45 43
18 46 40
18 47 39
18 48 43
18 49 43
18 50 45
18 51 45
18 52 46
18 53 42
18 54 41
18 55 42
18 56 37
18 57 41
18 58 37
18 59 41
18 60 37
18 61 38
18 62 39
18 63 41
18 64 41
18 65 43
18 66 47
18 67 40
18 68 45
18 69 47
18 70 37
18 71 45
18 72 41
18 73 43
18 74 45
18 75 51
18 76 45
18 77 43
18 78 44
18 79 42
18 80 38
18 81 45
18 82 45
18 83 45
18 84 47
18 85 46
18 86 43
18 87 48
18 88 43
18 89 47
18 90 39
18 91 47
18 92 47
18 93 45
18 94 49
18 95 47
18 96 43
18 97 45
18 98 44
18 99 48
18 100 43
18 101 1488
19 1 2
19 2 2
19 3 2
19 4 2
19 5 2
19 6 35
19 7 37
19 8 34
19 9 36
19 10 38
19 11 38
19 12 36
19 13 40
19 14 38
19 15 36
19 16 36
19 17 40
19 18 38
19 19 42
19 20 37
19 21 40
19 22 42
19 23 37
19 24 34
19 25 40
19 26 41
19 27 42
19 28 43
19 29 45
19 30 39
19 31 40
19 32 38
19 33 42
19 34 41
19 35 42
19 36 37
19 37 41
19 38 42
19 39 42
19 40 43
19 41 41
19 42 43
19 43 45
19 44 38
19 45 43
19 46 44
19 47 43
19 48 43
19 49 47
19 50 47
19 51 44
19 52 43
19 53 43
19 54 42
19 55 49
19 56 43
19 57 43
19 58 43
19 59 38
19 60 37
19 61 43
19 62 41
19 63 45
19 64 49
19 65 44
19 66 46
19 67 41
19 68 45
19 69 47
19 70 39
19 71 45
19 72 41
19 73 49
19 74 44
19 75 45
19 76 46
19 77 43
19 78 41
19 79 43
19 80 39
19 81 43
19 82 49
19 83 49
19 84 49
19 85 49
19 86 45
19 87 45
19 88 39
19 89 44
19 90 41
19 91 47
19 92 45
19 93 45
19 94 50
19 95 49
19 96 43
19 97 49
19 98 45
19 99 48
19 100 43
19 101 1519
20 1 2
20 2 2
20 3 2
20 4 2
20 5 2
20 6 22
20 7 23
20 8 19
20 9 22
20 10 22
20 11 20
20 12 17
20 13 24
20 14 24
20 15 22
20 16 22
20 17 24
20 18 24
20 19 22
20 20 25
20 21 28
20 22 29
20 23 22
20 24 26
20 25 24
20 26 26
20 27 22
20 28 27
20 29 25
20 30 30
20 31 26
20 32 24
20 33 29
20 34 28
20 35 26
20 36 22
20 37 26
20 38 26
20 39 30
20 40 32
20 41 28
20 42 30
20 43 30
20 44 22
20 45 26
20 46 26
20 47 25
20 48 32
20 49 32
20 50 27
20 51 30
20 52 29
20 53 24
20 54 24
20 55 35
20 56 32
20 57 25
20 58 31
20 59 27
20 60 31
20 61 24
20 62 32
20 63 32
20 64 35
20 65 25
20 66 31
20 67 26
20 68 27
20 69 30
20 70 25
20 71 28
20 72 31
20 73 31
20 74 33
20 75 33
20 76 34
20 77 33
20 78 30
20 79 29
20 80 25
20 81 31
20 82 33
20 83 32
20 84 33
20 85 31
20 86 31
20 87 32
20 88 30
20 89 31
20 90 28
20 91 35
20 92 29
20 93 30
20 94 37
20 95 28
20 96 31
20 97 33
20 98 31
20 99 32
20 100 31
20 101 1243
21 1 2
21 2 2
21 3 2
21 4 2
21 5 2
21 6 37
21 7 38
21 8 32
21 9 39
21 10 38
21 11 40
21 12 34
21 13 40
21 14 36
21 15 38
21 16 33
21 17 40
21 18 40
21 19 38
21 20 40
21 21 44
21 22 42
21 23 38
21 24 39
21 25 42
21 26 42
21 27 40
21 28 43
21 29 42
21 30 42
21 31 40
21 32 38
21 33 46
21 34 44
21 35 43
21 36 38
21 37 42
21 38 41
21 39 46
21 40 42
21 41 45
21 42 44
21 43 44
21 44 40
21 45 46
21 46 42
21 47 42
21 48 45
21 49 47
21 50 42
21 51 47
21 52 45
21 53 41
21 54 41
21 55 47
21 56 42
21 57 41
21 58 46
21 59 44
21 60 46
21 61 43
21 62 50
21 63 51
21 64 47
21 65 43
21 66 46
21 67 42
21 68 43
21 69 45
21 70 40
21 71 45
21 72 44
21 73 47
21 74 49
21 75 49
21 76 47
21 77 50
21 78 48
21 79 45
21 80 41
21 81 47
21 82 45
21 83 49
21 84 48
21 85 47
21 86 47
21 87 49
21 88 41
21 89 48
21 90 44
21 91 50
21 92 43
21 93 46
21 94 48
21 95 45
21 96 47
21 97 53
21 98 49
21 99 47
21 100 46
21 101 1523
22 1 2
22 2 2
22 3 2
22 4 2
22 5 2
22 6 34
22 7 36
22 8 30
22 9 36
22 10 35
22 11 36
22 12 30
22 13 40
22 14 38
22 15 36
22 16 34
22 17 40
22 18 36
22 19 38
22 20 40
22 21 42
22 22 44
22 23 36
22 24 32
22 25 36
22 26 38
22 27 34
22 28 36
22 29 42
22 30 42
22 31 40
22 32 37
22 33 44
22 34 42
22 35 39
22 36 36
22 37 40
22 38 36
22 39 40
22 40 42
22 41 40
22 42 40
22 43 46
22 44 35
22 45 40
22 46 38
22 47 39
22 48 40
22 49 44
22 50 40
22 51 42
22 52 43
22 53 38
22 54 39
22 55 49
22 56 43
22 57 40
22 58 45
22 59 42
22 60 42
22 61 40
22 62 40
22 63 42
22 64 44
22 65 41
22 66 42
22 67 41
22 68 45
22 69 44
22 70 35
22 71 41
22 72 38
22 73 43
22 74 44
22 75 45
22 76 44
22 77 46
22 78 40
22 79 39
22 80 36
22 81 45
22 82 48
22 83 48
22 84 45
22 85 48
22 86 44
22 87 45
22 88 39
22 89 46
22 90 41
22 91 49
22 92 45
22 93 41
22 94 47
22 95 40
22 96 41
22 97 45
22 98 46
22 99 47
22 100 47
22 101 1448
23 1 2
23 2 2
23 3 2
23 4 2
23 5 2
23 6 35
23 7 34
23 8 34
23 9 36
23 10 36
23 11 36
23 12 40
23 13 40
23 14 38
23 15 40
23 16 39
23 17 42
23 18 36
23 19 40
23 20 36
23 21 38
23 22 40
23 23 38
23 24 36
23 25 38
23 26 42
23 27 42
23 28 38
23 29 42
23 30 42
23 31 41
23 32 36
23 33 46
23 34 44
23 35 42
23 36 41
23 37 44
23 38 42
23 39 43
23 40 44
23 41 40
23 42 38
23 43 42
23 44 38
23 45 44
23 46 44
23 47 41
23 48 38
23 49 42
23 50 41
23 51 40
23 52 38
23 53 42
23 54 42
23 55 44
23 56 41
23 57 47
23 58 48
23 59 46
23 60 48
23 61 44
23 62 45
23 63 47
23 64 47
23 65 42
23 66 46
23 67 44
23 68 48
23 69 47
23 70 37
23 71 45
23 72 36
23 73 40
23 74 40
23 75 48
23 76 46
23 77 46
23 78 51
23 79 49
23 80 42
23 81 50
23 82 51
23 83 43
23 84 43
23 85 47
23 86 38
23 87 43
23 88 41
23 89 49
23 90 41
23 91 51
23 92 49
23 93 45
23 94 47
23 95 41
23 96 40
23 97 42
23 98 41
23 99 45
23 100 50
23 101 1534
24 1 2
24 2 2
24 3 2
24 4 2
24 5 2
24 6 32
24 7 30
24 8 28
24 9 26
24 10 30
24 11 30
24 12 30
24 13 34
24 14 36
24 15 32
24 16 34
24 17 34
24 18 30
24 19 28
24 20 32
24 21 32
24 22 36
24 23 34
24 24 39
24 25 36
24 26 40
24 27 38
24 28 36
24 29 34
24 30 36
24 31 30
24 32 26
24 33 34
24 34 36
24 35 32
24 36 36
24 37 34
24 38 34
24 39 40
24 40 40
24 41 32
24 42 38
24 43 40
24 44 30
24 45 40
24 46 38
24 47 38
24 48 44
24 49 40
24 50 38
24 51 39
24 52 37
24 53 35
24 54 32
24 55 34
24 56 38
24 57 33
24 58 34
24 59 40
24 60 43
24 61 34
24 62 42
24 63 40
24 64 36
24 65 28
24 66 36
24 67 32
24 68 42
24 69 40
24 70 37
24 71 42
24 72 41
24 73 36
24 74 40
24 75 42
24 76 40
24 77 41
24 78 44
24 79 44
24 80 40
24 81 40
24 82 42
24 83 39
24 84 36
24 85 36
24 86 40
24 87 38
24 88 38
24 89 44
24 90 38
24 91 44
24 92 42
24 93 41
24 94 41
24 95 36
24 96 40
24 97 39
24 98 40
24 99 41
24 100 42
24 101 1338
25 1 2
25 2 2
25 3 2
25 4 2
25 5 2
25 6 23
25 7 22
25 8 22
25 9 22
25 10 24
25 11 25
25 12 26
25 13 29
25 14 24
25 15 26
25 16 25
25 17 28
25 18 20
25 19 28
25 20 24
25 21 24
25 22 28
25 23 26
25 24 27
25 25 30
25 26 32
25 27 30
25 28 28
25 29 28
25 30 26
25 31 30
25 32 22
25 33 34
25 34 32
25 35 28
25 36 30
25 37 32
25 38 28
25 39 32
25 40 30
25 41 26
25 42 28
25 43 32
25 44 23
25 45 36
25 46 36
25 47 34
25 48 34
25 49 36
25 50 36
25 51 32
25 52 28
25 53 28
25 54 30
25 55 26
25 56 28
25 57 34
25 58 34
25 59 34
25 60 36
25 61 30
25 62 34
25 63 35
25 64 32
25 65 30
25 66 32
25 67 30
25 68 34
25 69 33
25 70 28
25 71 36
25 72 28
25 73 32
25 74 32
25 75 36
25 76 34
25 77 33
25 78 35
25 79 34
25 80 30
25 81 34
25 82 38
25 83 36
25 84 30
25 85 35
25 86 30
25 87 32
25 88 29
25 89 37
25 90 27
25 91 39
25 92 36
25 93 36
25 94 36
25 95 33
25 96 35
25 97 36
25 98 33
25 99 36
25 100 38
25 101 1258
26 1 2
26 2 2
26 3 2
26 4 2
26 5 2
26 6 35
26 7 34
26 8 32
26 9 32
26 10 34
26 11 34
26 12 36
26 13 40
26 14 36
26 15 37
26 16 36
26 17 38
26 18 34
26 19 38
26 20 36
26 21 38
26 22 40
26 23 38
26 24 39
26 25 42
26 26 43
26 27 42
26 28 40
26 29 38
26 30 37
26 31 38
26 32 32
26 33 44
26 34 44
26 35 42
26 36 40
26 37 42
26 38 40
26 39 44
26 40 40
26 41 38
26 42 40
26 43 42
26 44 34
26 45 46
26 46 44
26 47 42
26 48 45
26 49 46
26 50 46
26 51 42
26 52 42
26 53 38
26 54 40
26 55 40
26 56 40
26 57 44
26 58 42
26 59 44
26 60 46
26 61 40
26 62 46
26 63 47
26 64 42
26 65 40
26 66 42
26 67 38
26 68 44
26 69 48
26 70 40
26 71 46
26 72 38
26 73 42
26 74 40
26 75 44
26 76 42
26 77 46
26 78 46
26 79 46
26 80 41
26 81 44
26 82 46
26 83 44
26 84 42
26 85 44
26 86 42
26 87 42
26 88 40
26 89 50
26 90 42
26 91 50
26 92 46
26 93 46
26 94 46
26 95 43
26 96 45
26 97 48
26 98 44
26 99 46
26 100 46
26 101 1466
27 1 2
27 2 2
27 3 2
27 4 2
27 5 2
27 6 42
27 7 40
27 8 35
27 9 38
27 10 40
27 11 38
27 12 38
27 13 46
27 14 45
27 15 42
27 16 44
27 17 46
27 18 40
27 19 41
27 20 42
27 21 42
27 22 44
27 23 44
27 24 43
27 25 46
27 26 48
27 27 51
27 28 43
27 29 45
27 30 46
27 31 43
27 32 38
27 33 48
27 34 48
27 35 49
27 36 44
27 37 44
27 38 44
27 39 50
27 40 45
27 41 44
27 42 48
27 43 48
27 44 40
27 45 52
27 46 50
27 47 45
27 48 52
27 49 52
27 50 48
27 51 46
27 52 46
27 53 46
27 54 44
27 55 48
27 56 49
27 57 50
27 58 48
27 59 50
27 60 50
27 61 44
27 62 48
27 63 48
27 64 40
27 65 46
27 66 46
27 67 44
27 68 52
27 69 56
27 70 46
27 71 51
27 72 48
27 73 48
27 74 50
27 75 52
27 76 49
27 77 50
27 78 52
27 79 54
27 80 48
27 81 52
27 82 50
27 83 50
27 84 48
27 85 46
27 86 46
27 87 48
27 88 46
27 89 52
27 90 46
27 91 56
27 92 52
27 93 52
27 94 54
27 95 52
27 96 50
27 97 54
27 98 51
27 99 49
27 100 52
27 101 1572
28 1 2
28 2 2
28 3 2
28 4 2
28 5 2
28 6 31
28 7 34
28 8 29
28 9 28
28 10 35
28 11 32
28 12 29
28 13 37
28 14 38
28 15 30
28 16 38
28 17 34
28 18 30
28 19 35
28 20 34
28 21 30
28 22 38
28 23 35
28 24 33
28 25 35
28 26 38
28 27 39
28 28 38
28 29 39
28 30 40
28 31 39
28 32 34
28 33 37
28 34 39
28 35 36
28 36 32
28 37 36
28 38 37
28 39 38
28 40 40
28 41 34
28 42 36
28 43 36
28 44 33
28 45 36
28 46 40
28 47 37
28 48 44
28 49 44
28 50 38
28 51 36
28 52 38
28 53 36
28 54 38
28 55 44
28 56 46
28 57 39
28 58 40
28 59 38
28 60 37
28 61 34
28 62 42
28 63 42
28 64 40
28 65 38
28 66 42
28 67 36
28 68 42
28 69 42
28 70 38
28 71 42
28 72 40
28 73 42
28 74 44
28 75 44
28 76 46
28 77 40
28 78 38
28 79 42
28 80 40
28 81 36
28 82 46
28 83 40
28 84 40
28 85 42
28 86 36
28 87 36
28 88 44
28 89 40
28 90 34
28 91 48
28 92 46
28 93 42
28 94 48
28 95 45
28 96 40
28 97 44
28 98 40
28 99 36
28 100 42
28 101 1360
29 1 2
29 2 2
29 3 2
29 4 2
29 5 2
29 6 35
29 7 38
29 8 34
29 9 37
29 10 39
29 11 38
29 12 38
29 13 41
29 14 38
29 15 37
29 16 37
29 17 40
29 18 38
29 19 42
29 20 39
29 21 44
29 22 45
29 23 36
29 24 37
29 25 40
29 26 41
29 27 42
29 28 43
29 29 45
29 30 41
29 31 40
29 32 37
29 33 43
29 34 41
29 35 43
29 36 38
29 37 42
29 38 42
29 39 46
29 40 46
29 41 44
29 42 44
29 43 48
29 44 34
29 45 40
29 46 42
29 47 42
29 48 38
29 49 44
29 50 43
29 51 43
29 52 40
29 53 42
29 54 43
29 55 50
29 56 44
29 57 45
29 58 46
29 59 40
29 60 40
29 61 44
29 62 44
29 63 46
29 64 49
29 65 44
29 66 48
29 67 42
29 68 45
29 69 48
29 70 40
29 71 44
29 72 42
29 73 50
29 74 48
29 75 50
29 76 50
29 77 48
29 78 48
29 79 46
29 80 38
29 81 46
29 82 50
29 83 48
29 84 50
29 85 50
29 86 44
29 87 44
29 88 36
29 89 42
29 90 42
29 91 44
29 92 44
29 93 46
29 94 50
29 95 44
29 96 44
29 97 48
29 98 44
29 99 46
29 100 48
29 101 1538
30 1 2
30 2 2
30 3 2
30 4 2
30 5 2
30 6 24
30 7 25
30 8 25
30 9 28
30 10 28
30 11 29
30 12 25
30 13 28
30 14 24
30 15 28
30 16 26
30 17 30
30 18 29
30 19 31
30 20 28
30 21 29
30 22 34
30 23 23
30 24 23
30 25 26
30 26 29
30 27 29
30 28 28
30 29 36
30 30 34
30 31 32
30 32 28
30 33 36
30 34 31
30 35 32
30 36 28
30 37 31
30 38 33
30 39 36
30 40 35
30 41 30
30 42 33
30 43 34
30 44 26
30 45 31
30 46 30
30 47 30
30 48 27
30 49 32
30 50 32
30 51 34
30 52 32
30 53 34
30 54 34
30 55 38
30 56 32
30 57 35
30 58 35
30 59 34
30 60 34
30 61 33
30 62 36
30 63 38
30 64 38
30 65 34
30 66 38
30 67 31
30 68 36
30 69 36
30 70 21
30 71 32
30 72 26
30 73 34
30 74 34
30 75 40
30 76 38
30 77 38
30 78 38
30 79 34
30 80 30
30 81 34
30 82 38
30 83 38
30 84 38
30 85 38
30 86 36
30 87 34
30 88 28
30 89 35
30 90 30
30 91 34
30 92 38
30 93 32
30 94 36
30 95 36
30 96 34
30 97 36
30 98 36
30 99 36
30 100 36
30 101 1308
31 1 2
31 2 2
31 3 2
31 4 2
31 5 2
31 6 38
31 7 41
31 8 36
31 9 39
31 10 42
31 11 40
31 12 35
31 13 44
31 14 39
31 15 40
31 16 41
31 17 44
31 18 41
31 19 46
31 20 44
31 21 42
31 22 48
31 23 38
31 24 37
31 25 42
31 26 45
31 27 45
31 28 44
31 29 49
31 30 46
31 31 47
31 32 39
31 33 45
31 34 42
31 35 42
31 36 40
31 37 43
31 38 44
31 39 48
31 40 50
31 41 45
31 42 46
31 43 48
31 44 42
31 45 46
31 46 48
31 47 44
31 48 47
31 49 51
31 50 46
31 51 46
31 52 42
31 53 47
31 54 45
31 55 54
31 56 48
31 57 48
31 58 50
31 59 47
31 60 44
31 61 48
31 62 50
31 63 46
31 64 48
31 65 45
31 66 48
31 67 46
31 68 50
31 69 50
31 70 40
31 71 48
31 72 42
31 73 51
31 74 52
31 75 53
31 76 52
31 77 51
31 78 50
31 79 46
31 80 43
31 81 46
31 82 52
31 83 52
31 84 52
31 85 52
31 86 46
31 87 48
31 88 46
31 89 48
31 90 42
31 91 54
31 92 52
31 93 48
31 94 50
31 95 50
31 96 46
31 97 52
31 98 50
31 99 46
31 100 52
31 101 1548
32 1 2
32 2 2
32 3 2
32 4 2
32 5 2
32 6 28
32 7 27
32 8 30
32 9 29
32 10 30
32 11 29
32 12 30
32 13 29
32 14 26
32 15 30
32 16 31
32 17 31
32 18 28
32 19 32
32 20 29
32 21 32
32 22 37
32 23 24
32 24 32
32 25 29
32 26 34
32 27 30
32 28 34
32 29 35
32 30 36
32 31 34
32 32 32
32 33 36
32 34 33
32 35 32
32 36 30
32 37 30
32 38 34
32 39 37
32 40 40
32 41 33
32 42 36
32 43 38
32 44 32
32 45 32
32 46 37
32 47 33
32 48 36
32 49 32
32 50 38
32 51 38
32 52 38
32 53 34
32 54 34
32 55 40
32 56 36
32 57 35
32 58 34
32 59 34
32 60 38
32 61 34
32 62 40
32 63 40
32 64 42
32 65 32
32 66 38
32 67 30
32 68 36
32 69 36
32 70 30
32 71 37
32 72 36
32 73 38
32 74 38
32 75 41
32 76 38
32 77 38
32 78 42
32 79 38
32 80 31
32 81 38
32 82 40
32 83 36
32 84 36
32 85 32
32 86 34
32 87 36
32 88 35
32 89 36
32 90 34
32 91 40
32 92 40
32 93 36
32 94 42
32 95 40
32 96 42
32 97 38
32 98 37
32 99 40
32 100 39
32 101 1352
33 1 2
33 2 2
33 3 2
33 4 2
33 5 2
33 6 40
33 7 41
33 8 40
33 9 42
33 10 41
33 11 41
33 12 39
33 13 42
33 14 36
33 15 43
33 16 41
33 17 45
33 18 41
33 19 44
33 20 41
33 21 43
33 22 44
33 23 35
33 24 39
33 25 45
33 26 46
33 27 45
33 28 44
33 29 48
33 30 47
33 31 44
33 32 42
33 33 51
33 34 48
33 35 48
33 36 43
33 37 44
33 38 42
33 39 44
33 40 42
33 41 40
33 42 46
33 43 46
33 44 43
33 45 46
33 46 47
33 47 46
33 48 48
33 49 46
33 50 48
33 51 50
33 52 47
33 53 48
33 54 45
33 55 51
33 56 46
33 57 48
33 58 41
33 59 45
33 60 46
33 61 48
33 62 50
33 63 54
33 64 51
33 65 48
33 66 52
33 67 44
33 68 50
33 69 53
33 70 40
33 71 50
33 72 44
33 73 52
33 74 51
33 75 51
33 76 46
33 77 48
33 78 47
33 79 42
33 80 42
33 81 46
33 82 50
33 83 50
33 84 52
33 85 46
33 86 50
33 87 52
33 88 46
33 89 50
33 90 48
33 91 52
33 92 51
33 93 50
33 94 52
33 95 53
33 96 50
33 97 53
33 98 50
33 99 51
33 100 46
33 101 1562
34 1 2
34 2 2
34 3 2
34 4 2
34 5 2
34 6 34
34 7 34
34 8 30
34 9 35
34 10 35
34 11 35
34 12 33
34 13 41
34 14 33
34 15 37
34 16 35
34 17 37
34 18 33
34 19 37
34 20 36
34 21 35
34 22 37
34 23 35
34 24 39
34 25 41
34 26 41
34 27 42
34 28 41
34 29 38
34 30 37
34 31 39
34 32 34
34 33 42
34 34 44
34 35 42
34 36 37
34 37 42
34 38 40
34 39 41
34 40 38
34 41 37
34 42 39
34 43 37
34 44 35
34 45 45
34 46 45
34 47 41
34 48 45
34 49 47
34 50 40
34 51 42
34 52 35
34 53 37
34 54 37
34 55 41
34 56 39
34 57 42
34 58 46
34 59 44
34 60 46
34 61 40
34 62 45
34 63 46
34 64 43
34 65 40
34 66 41
34 67 42
34 68 38
34 69 41
34 70 36
34 71 40
34 72 36
34 73 43
34 74 44
34 75 45
34 76 46
34 77 46
34 78 48
34 79 42
34 80 40
34 81 43
34 82 46
34 83 47
34 84 44
34 85 43
34 86 40
34 87 44
34 88 39
34 89 45
34 90 41
34 91 50
34 92 44
34 93 46
34 94 46
34 95 42
34 96 43
34 97 48
34 98 44
34 99 42
34 100 46
34 101 1394
35 1 2
35 2 2
35 3 2
35 4 2
35 5 2
35 6 33
35 7 32
35 8 29
35 9 33
35 10 29
35 11 29
35 12 32
35 13 37
35 14 33
35 15 35
35 16 35
35 17 37
35 18 31
35 19 33
35 20 33
35 21 39
35 22 35
35 23 33
35 24 37
35 25 39
35 26 39
35 27 37
35 28 35
35 29 34
35 30 34
35 31 33
35 32 32
35 33 37
35 34 39
35 35 43
35 36 36
35 37 38
35 38 40
35 39 42
35 40 37
35 41 39
35 42 40
35 43 40
35 44 31
35 45 38
35 46 39
35 47 39
35 48 39
35 49 37
35 50 37
35 51 37
35 52 35
35 53 35
35 54 34
35 55 42
35 56 40
35 57 41
35 58 39
35 59 39
35 60 41
35 61 36
35 62 38
35 63 40
35 64 40
35 65 38
35 66 42
35 67 38
35 68 39
35 69 44
35 70 38
35 71 39
35 72 40
35 73 42
35 74 42
35 75 43
35 76 40
35 77 44
35 78 43
35 79 43
35 80 34
35 81 46
35 82 44
35 83 42
35 84 42
35 85 36
35 86 40
35 87 42
35 88 34
35 89 40
35 90 42
35 91 44
35 92 41
35 93 44
35 94 44
35 95 38
35 96 36
35 97 40
35 98 39
35 99 38
35 100 42
35 101 1383
36 1 2
36 2 2
36 3 2
36 4 2
36 5 2
36 6 30
36 7 28
36 8 29
36 9 29
36 10 27
36 11 29
36 12 33
36 13 33
36 14 30
36 15 33
36 16 33
36 17 33
36 18 27
36 19 31
36 20 29
36 21 35
36 22 33
36 23 29
36 24 36
36 25 36
36 26 37
36 27 36
36 28 33
36 29 35
36 30 33
36 31 31
36 32 29
36 33 38
36 34 38
36 35 39
36 36 33
36 37 35
36 38 37
36 39 38
36 40 36
36 41 35
36 42 35
36 43 38
36 44 30
36 45 37
36 46 37
36 47 37
36 48 40
36 49 37
36 50 39
36 51 38
36 52 36
36 53 33
36 54 32
36 55 38
36 56 39
36 57 39
36 58 34
36 59 38
36 60 37
36 61 33
36 62 36
36 63 38
36 64 35
36 65 34
36 66 37
36 67 35
36 68 39
36 69 44
36 70 34
36 71 40
36 72 38
36 73 38
36 74 37
36 75 41
36 76 36
36 77 40
36 78 44
36 79 42
36 80 33
36 81 43
36 82 40
36 83 40
36 84 38
36 85 34
36 86 36
36 87 38
36 88 37
36 89 41
36 90 38
36 91 43
36 92 42
36 93 40
36 94 41
36 95 40
36 96 40
36 97 42
36 98 38
36 99 41
36 100 40
36 101 1362
37 1 2
37 2 2
37 3 2
37 4 2
37 5 2
37 6 39
37 7 40
37 8 38
37 9 41
37 10 40
37 11 40
37 12 43
37 13 47
37 14 45
37 15 45
37 16 45
37 17 47
37 18 41
37 19 45
37 20 39
37 21 43
37 22 46
37 23 43
37 24 37
37 25 43
37 26 47
37 27 43
37 28 42
37 29 47
37 30 47
37 31 47
37 32 41
37 33 49
37 34 50
37 35 49
37 36 45
37 37 49
37 38 47
37 39 45
37 40 44
37 41 41
37 42 43
37 43 49
37 44 40
37 45 49
37 46 50
37 47 48
37 48 47
37 49 51
37 50 50
37 51 47
37 52 48
37 53 45
37 54 46
37 55 52
37 56 50
37 57 52
37 58 51
37 59 49
37 60 49
37 61 47
37 62 44
37 63 48
37 64 53
37 65 48
37 66 50
37 67 50
37 68 54
37 69 53
37 70 43
37 71 50
37 72 43
37 73 49
37 74 48
37 75 50
37 76 49
37 77 46
37 78 47
37 79 46
37 80 41
37 81 48
37 82 53
37 83 49
37 84 47
37 85 53
37 86 49
37 87 50
37 88 47
37 89 55
37 90 48
37 91 56
37 92 56
37 93 50
37 94 53
37 95 48
37 96 43
37 97 46
37 98 47
37 99 52
37 100 53
37 101 1568
38 1 2
38 2 2
38 3 2
38 4 2
38 5 2
38 6 33
38 7 33
38 8 27
38 9 33
38 10 33
38 11 33
38 12 37
38 13 39
38 14 35
38 15 37
38 16 35
38 17 35
38 18 31
38 19 37
38 20 31
38 21 37
38 22 37
38 23 35
38 24 31
38 25 33
38 26 38
38 27 37
38 28 35
38 29 37
38 30 37
38 31 39
38 32 32
38 33 41
38 34 43
38 35 40
38 36 37
38 37 41
38 38 41
38 39 40
38 40 37
38 41 36
38 42 37
38 43 38
38 44 33
38 45 41
38 46 44
38 47 39
38 48 41
38 49 44
38 50 41
38 51 39
38 52 38
38 53 37
38 54 39
38 55 40
38 56 40
38 57 44
38 58 43
38 59 39
38 60 41
38 61 41
38 62 37
38 63 45
38 64 44
38 65 35
38 66 41
38 67 41
38 68 42
38 69 45
38 70 36
38 71 41
38 72 34
38 73 42
38 74 36
38 75 42
38 76 42
38 77 38
38 78 41
38 79 41
38 80 39
38 81 42
38 82 43
38 83 45
38 84 45
38 85 44
38 86 40
38 87 42
38 88 38
38 89 48
38 90 42
38 91 50
38 92 41
38 93 42
38 94 42
38 95 38
38 96 38
38 97 42
38 98 40
38 99 41
38 100 45
38 101 1467
39 1 2
39 2 2
39 3 2
39 4 2
39 5 2
39 6 40
39 7 41
39 8 35
39 9 43
39 10 41
39 11 41
39 12 39
39 13 45
39 14 41
39 15 47
39 16 39
39 17 45
39 18 41
39 19 43
39 20 43
39 21 47
39 22 49
39 23 43
39 24 43
39 25 43
39 26 49
39 27 43
39 28 40
39 29 46
39 30 47
39 31 45
39 32 43
39 33 53
39 34 49
39 35 45
39 36 47
39 37 48
39 38 47
39 39 51
39 40 48
39 41 47
39 42 47
39 43 51
39 44 42
39 45 47
39 46 46
39 47 50
39 48 50
39 49 52
39 50 49
39 51 53
39 52 51
39 53 45
39 54 47
39 55 47
39 56 47
39 57 49
39 58 52
39 59 51
39 60 53
39 61 47
39 62 47
39 63 51
39 64 53
39 65 44
39 66 51
39 67 48
39 68 51
39 69 50
39 70 45
39 71 53
39 72 44
39 73 49
39 74 51
39 75 55
39 76 50
39 77 53
39 78 54
39 79 49
39 80 45
39 81 53
39 82 50
39 83 52
39 84 51
39 85 53
39 86 51
39 87 53
39 88 45
39 89 56
39 90 49
39 91 55
39 92 47
39 93 53
39 94 52
39 95 47
39 96 51
39 97 53
39 98 52
39 99 52
39 100 54
39 101 1535
40 1 2
40 2 2
40 3 2
40 4 2
40 5 2
40 6 24
40 7 25
40 8 17
40 9 23
40 10 27
40 11 23
40 12 21
40 13 27
40 14 27
40 15 25
40 16 25
40 17 27
40 18 19
40 19 25
40 20 29
40 21 25
40 22 31
40 23 25
40 24 26
40 25 21
40 26 29
40 27 27
40 28 27
40 29 33
40 30 31
40 31 29
40 32 28
40 33 31
40 34 29
40 35 21
40 36 25
40 37 25
40 38 25
40 39 29
40 40 37
40 41 31
40 42 31
40 43 35
40 44 27
40 45 27
40 46 31
40 47 28
40 48 33
40 49 33
40 50 29
40 51 29
40 52 29
40 53 29
40 54 29
40 55 32
40 56 33
40 57 27
40 58 34
40 59 31
40 60 30
40 61 31
40 62 33
40 63 34
40 64 37
40 65 25
40 66 33
40 67 27
40 68 33
40 69 28
40 70 28
40 71 32
40 72 27
40 73 29
40 74 36
40 75 37
40 76 34
40 77 34
40 78 36
40 79 34
40 80 29
40 81 32
40 82 34
40 83 35
40 84 35
40 85 35
40 86 29
40 87 34
40 88 33
40 89 29
40 90 25
40 91 37
40 92 31
40 93 31
40 94 39
40 95 34
40 96 37
40 97 38
40 98 34
40 99 29
40 100 34
40 101 1259
41 1 2
41 2 2
41 3 2
41 4 2
41 5 2
41 6 41
41 7 42
41 8 31
41 9 43
41 10 43
41 11 39
41 12 35
41 13 45
41 14 43
41 15 41
41 16 39
41 17 45
41 18 41
41 19 43
41 20 43
41 21 47
41 22 47
41 23 41
41 24 41
41 25 41
41 26 45
41 27 45
41 28 42
41 29 47
41 30 47
41 31 45
41 32 39
41 33 47
41 34 43
41 35 41
41 36 41
41 37 43
41 38 41
41 39 49
41 40 49
41 41 49
41 42 47
41 43 47
41 44 43
41 45 43
41 46 43
41 47 43
41 48 45
41 49 48
41 50 39
41 51 45
41 52 45
41 53 47
41 54 43
41 55 51
41 56 47
41 57 45
41 58 50
41 59 48
41 60 47
41 61 47
41 62 50
41 63 49
41 64 46
41 65 39
41 66 49
41 67 46
41 68 49
41 69 51
41 70 43
41 71 48
41 72 45
41 73 49
41 74 51
41 75 53
41 76 50
41 77 52
41 78 51
41 79 51
41 80 45
41 81 52
41 82 49
41 83 49
41 84 48
41 85 51
41 86 45
41 87 49
41 88 45
41 89 50
41 90 45
41 91 55
41 92 44
41 93 50
41 94 51
41 95 44
41 96 45
41 97 50
41 98 49
41 99 42
41 100 50
41 101 1513
42 1 2
42 2 2
42 3 2
42 4 2
42 5 2
42 6 34
42 7 35
42 8 29
42 9 37
42 10 31
42 11 35
42 12 33
42 13 37
42 14 36
42 15 35
42 16 35
42 17 39
42 18 32
42 19 33
42 20 37
42 21 39
42 22 37
42 23 35
42 24 37
42 25 35
42 26 35
42 27 43
42 28 35
42 29 39
42 30 41
42 31 39
42 32 35
42 33 43
42 34 41
42 35 33
42 36 35
42 37 37
42 38 37
42 39 41
42 40 41
42 41 43
42 42 43
42 43 44
42 44 37
42 45 39
42 46 41
42 47 38
42 48 43
42 49 43
42 50 41
42 51 41
42 52 39
42 53 41
42 54 41
42 55 39
42 56 37
42 57 40
42 58 41
42 59 41
42 60 40
42 61 40
42 62 43
42 63 49
42 64 43
42 65 39
42 66 45
42 67 35
42 68 42
42 69 45
42 70 37
42 71 42
42 72 32
42 73 39
42 74 41
42 75 43
42 76 39
42 77 47
42 78 45
42 79 45
42 80 38
42 81 46
42 82 39
42 83 45
42 84 46
42 85 38
42 86 41
42 87 46
42 88 41
42 89 43
42 90 39
42 91 46
42 92 37
42 93 43
42 94 46
42 95 47
42 96 45
42 97 50
42 98 46
42 99 41
42 100 42
42 101 1480
43 1 2
43 2 2
43 3 2
43 4 2
43 5 2
43 6 38
43 7 39
43 8 33
43 9 39
43 10 35
43 11 39
43 12 35
43 13 39
43 14 39
43 15 39
43 16 36
43 17 43
43 18 41
43 19 34
43 20 41
43 21 45
43 22 43
43 23 39
43 24 39
43 25 43
43 26 39
43 27 43
43 28 41
43 29 43
43 30 45
43 31 39
43 32 39
43 33 47
43 34 45
43 35 41
43 36 39
43 37 41
43 38 41
43 39 47
43 40 43
43 41 45
43 42 47
43 43 47
43 44 37
43 45 43
43 46 39
43 47 41
43 48 43
43 49 47
43 50 43
43 51 45
43 52 45
43 53 45
43 54 40
43 55 49
43 56 43
43 57 41
43 58 45
43 59 45
43 60 43
43 61 43
43 62 51
43 63 52
43 64 47
43 65 43
43 66 49
43 67 38
43 68 45
43 69 48
43 70 41
43 71 45
43 72 45
43 73 47
43 74 49
43 75 50
43 76 44
43 77 51
43 78 49
43 79 49
43 80 42
43 81 49
43 82 46
43 83 47
43 84 47
43 85 43
43 86 47
43 87 46
43 88 39
43 89 46
43 90 45
43 91 47
43 92 41
43 93 47
43 94 50
43 95 48
43 96 48
43 97 53
43 98 50
43 99 48
43 100 46
43 101 1525
44 1 2
44 2 2
44 3 2
44 4 2
44 5 2
44 6 29
44 7 29
44 8 30
44 9 31
44 10 29
44 11 29
44 12 29
44 13 31
44 14 31
44 15 32
44 16 33
44 17 35
44 18 33
44 19 31
44 20 31
44 21 33
44 22 38
44 23 29
44 24 31
44 25 31
44 26 33
44 27 35
44 28 33
44 29 37
44 30 37
44 31 35
44 32 33
44 33 41
44 34 33
44 35 33
44 36 33
44 37 31
44 38 31
44 39 35
44 40 37
44 41 33
44 42 35
44 43 41
44 44 33
44 45 39
44 46 38
44 47 33
44 48 39
44 49 37
44 50 37
44 51 35
44 52 39
44 53 37
44 54 39
44 55 41
44 56 37
44 57 37
44 58 39
44 59 37
44 60 35
44 61 37
44 62 38
44 63 37
44 64 37
44 65 37
44 66 36
44 67 31
44 68 39
44 69 41
44 70 31
44 71 39
44 72 38
44 73 38
44 74 39
44 75 41
44 76 33
44 77 35
44 78 40
44 79 37
44 80 36
44 81 41
44 82 41
44 83 37
44 84 41
44 85 38
44 86 38
44 87 41
44 88 41
44 89 40
44 90 33
44 91 41
44 92 39
44 93 39
44 94 43
44 95 42
44 96 44
44 97 43
44 98 39
44 99 41
44 100 40
44 101 1337
45 1 2
45 2 2
45 3 2
45 4 2
45 5 2
45 6 33
45 7 29
45 8 29
45 9 33
45 10 25
45 11 32
45 12 35
45 13 33
45 14 37
45 15 35
45 16 33
45 17 37
45 18 34
45 19 29
45 20 33
45 21 39
45 22 35
45 23 35
45 24 34
45 25 37
45 26 33
45 27 40
45 28 33
45 29 37
45 30 34
45 31 31
45 32 33
45 33 37
45 34 39
45 35 39
45 36 35
45 37 39
45 38 41
45 39 41
45 40 37
45 41 39
45 42 39
45 43 41
45 44 33
45 45 43
45 46 41
45 47 35
45 48 41
45 49 41
45 50 35
45 51 35
45 52 39
45 53 34
45 54 37
45 55 41
45 56 37
45 57 41
45 58 41
45 59 36
45 60 37
45 61 39
45 62 41
45 63 42
45 64 39
45 65 38
45 66 42
45 67 35
45 68 43
45 69 47
45 70 35
45 71 39
45 72 37
45 73 39
45 74 39
45 75 43
45 76 39
45 77 44
45 78 45
45 79 45
45 80 39
45 81 47
45 82 42
45 83 43
45 84 42
45 85 35
45 86 41
45 87 43
45 88 35
45 89 43
45 90 38
45 91 40
45 92 34
45 93 34
45 94 38
45 95 41
45 96 35
45 97 43
45 98 43
45 99 39
45 100 43
45 101 1393
46 1 2
46 2 2
46 3 2
46 4 2
46 5 2
46 6 33
46 7 31
46 8 31
46 9 35
46 10 33
46 11 37
46 12 39
46 13 37
46 14 39
46 15 39
46 16 35
46 17 40
46 18 35
46 19 39
46 20 36
46 21 39
46 22 43
46 23 37
46 24 33
46 25 37
46 26 41
46 27 39
46 28 39
46 29 43
46 30 41
46 31 41
46 32 35
46 33 43
46 34 44
46 35 43
46 36 39
46 37 43
46 38 45
46 39 45
46 40 43
46 41 41
46 42 39
46 43 45
46 44 37
46 45 45
46 46 47
46 47 41
46 48 41
46 49 45
46 50 41
46 51 41
46 52 41
46 53 38
46 54 41
46 55 45
46 56 41
46 57 45
46 58 47
46 59 43
46 60 45
46 61 43
46 62 43
46 63 45
46 64 47
46 65 43
46 66 45
46 67 43
46 68 47
46 69 47
46 70 37
46 71 43
46 72 37
46 73 43
46 74 37
46 75 43
46 76 43
46 77 42
46 78 45
46 79 47
46 80 41
46 81 48
46 82 51
46 83 47
46 84 45
46 85 47
46 86 43
46 87 43
46 88 41
46 89 49
46 90 41
46 91 51
46 92 50
46 93 41
46 94 47
46 95 44
46 96 39
46 97 45
46 98 43
46 99 43
46 100 49
46 101 1461
47 1 2
47 2 2
47 3 2
47 4 2
47 5 2
47 6 40
47 7 37
47 8 35
47 9 37
47 10 37
47 11 39
47 12 39
47 13 43
47 14 41
47 15 39
47 16 37
47 17 42
47 18 38
47 19 42
47 20 39
47 21 41
47 22 43
47 23 43
47 24 41
47 25 47
47 26 46
47 27 47
47 28 47
47 29 43
47 30 43
47 31 45
47 32 36
47 33 47
47 34 50
47 35 47
47 36 43
47 37 47
47 38 45
47 39 47
47 40 41
47 41 40
47 42 45
47 43 43
47 44 37
47 45 51
47 46 51
47 47 47
47 48 47
47 49 49
47 50 41
47 51 43
47 52 41
47 53 39
47 54 43
47 55 47
47 56 43
47 57 49
47 58 47
47 59 43
47 60 47
47 61 43
47 62 47
47 63 51
47 64 47
47 65 45
47 66 47
47 67 45
47 68 47
47 69 51
47 70 45
47 71 49
47 72 47
47 73 51
47 74 49
47 75 51
47 76 53
47 77 48
47 78 47
47 79 47
47 80 45
47 81 45
47 82 51
47 83 51
47 84 49
47 85 49
47 86 47
47 87 47
47 88 45
47 89 53
47 90 46
47 91 57
47 92 49
47 93 49
47 94 52
47 95 45
47 96 39
47 97 47
47 98 43
47 99 43
47 100 49
47 101 1533
48 1 2
48 2 2
48 3 2
48 4 2
48 5 2
48 6 35
48 7 29
48 8 29
48 9 29
48 10 30
48 11 33
48 12 34
48 13 34
48 14 39
48 15 34
48 16 32
48 17 37
48 18 32
48 19 33
48 20 36
48 21 35
48 22 39
48 23 37
48 24 39
48 25 39
48 26 41
48 27 43
48 28 41
48 29 38
48 30 37
48 31 35
48 32 27
48 33 33
48 34 37
48 35 37
48 36 37
48 37 37
48 38 37
48 39 39
48 40 35
48 41 33
48 42 38
48 43 41
48 44 33
48 45 43
48 46 45
48 47 41
48 48 47
48 49 43
48 50 39
48 51 41
48 52 39
48 53 33
48 54 37
48 55 39
48 56 43
48 57 41
48 58 43
48 59 37
48 60 43
48 61 35
48 62 43
48 63 37
48 64 39
48 65 33
48 66 39
48 67 35
48 68 43
48 69 45
48 70 39
48 71 40
48 72 43
48 73 43
48 74 44
48 75 41
48 76 43
48 77 41
48 78 42
48 79 39
48 80 43
48 81 43
48 82 46
48 83 45
48 84 43
48 85 39
48 86 43
48 87 37
48 88 40
48 89 43
48 90 41
48 91 45
48 92 44
48 93 41
48 94 45
48 95 41
48 96 39
48 97 41
48 98 43
48 99 39
48 100 45
48 101 1353
49 1 2
49 2 2
49 3 2
49 4 2
49 5 2
49 6 41
49 7 43
49 8 33
49 9 39
49 10 43
49 11 43
49 12 41
49 13 49
49 14 47
49 15 41
49 16 43
49 17 47
49 18 40
49 19 45
49 20 45
49 21 45
49 22 47
49 23 46
49 24 42
49 25 49
49 26 49
49 27 51
49 28 50
49 29 49
49 30 47
49 31 47
49 32 37
49 33 49
49 34 53
49 35 49
49 36 45
49 37 51
49 38 49
49 39 51
49 40 45
49 41 47
49 42 49
49 43 51
49 44 41
49 45 52
49 46 53
49 47 50
49 48 53
49 49 56
49 50 51
49 51 49
49 52 47
49 53 47
49 54 43
49 55 49
49 56 53
49 57 51
49 58 51
49 59 53
49 60 53
49 61 47
49 62 51
49 63 49
49 64 49
49 65 49
49 66 51
49 67 48
49 68 53
49 69 55
49 70 47
49 71 49
49 72 49
49 73 55
49 74 53
49 75 53
49 76 55
49 77 55
49 78 51
49 79 51
49 80 49
49 81 53
49 82 57
49 83 55
49 84 47
49 85 48
49 86 45
49 87 41
49 88 43
49 89 55
49 90 47
49 91 59
49 92 55
49 93 53
49 94 57
49 95 53
49 96 49
49 97 57
49 98 52
49 99 49
49 100 55
49 101 1551
50 1 2
50 2 2
50 3 2
50 4 2
50 5 2
50 6 19
50 7 21
50 8 17
50 9 20
50 10 23
50 11 21
50 12 21
50 13 25
50 14 23
50 15 23
50 16 20
50 17 25
50 18 19
50 19 26
50 20 22
50 21 24
50 22 29
50 23 22
50 24 19
50 25 26
50 26 27
50 27 27
50 28 24
50 29 27
50 30 27
50 31 27
50 32 15
50 33 31
50 34 29
50 35 27
50 36 25
50 37 28
50 38 25
50 39 28
50 40 27
50 41 24
50 42 28
50 43 32
50 44 21
50 45 31
50 46 29
50 47 29
50 48 29
50 49 31
50 50 31
50 51 31
50 52 29
50 53 25
50 54 27
50 55 25
50 56 27
50 57 31
50 58 29
50 59 29
50 60 29
50 61 25
50 62 31
50 63 29
50 64 31
50 65 27
50 66 31
50 67 23
50 68 33
50 69 33
50 70 23
50 71 29
50 72 26
50 73 33
50 74 29
50 75 35
50 76 31
50 77 31
50 78 31
50 79 29
50 80 25
50 81 29
50 82 35
50 83 31
50 84 29
50 85 33
50 86 31
50 87 27
50 88 25
50 89 35
50 90 25
50 91 35
50 92 33
50 93 31
50 94 35
50 95 31
50 96 33
50 97 35
50 98 31
50 99 35
50 100 34
50 101 1233
51 1 2
51 2 2
51 3 2
51 4 2
51 5 2
51 6 42
51 7 41
51 8 39
51 9 43
51 10 43
51 11 45
51 12 42
51 13 43
51 14 39
51 15 43
51 16 38
51 17 46
51 18 41
51 19 47
51 20 44
51 21 42
51 22 47
51 23 43
51 24 40
51 25 45
51 26 49
51 27 47
51 28 43
51 29 49
51 30 47
51 31 47
51 32 39
51 33 54
51 34 49
51 35 43
51 36 46
51 37 47
51 38 43
51 39 50
51 40 45
51 41 47
51 42 43
51 43 49
51 44 43
51 45 49
51 46 47
51 47 49
51 48 48
51 49 49
51 50 53
51 51 55
51 52 51
51 53 49
51 54 51
51 55 41
51 56 41
51 57 51
51 58 47
51 59 51
51 60 53
51 61 49
51 62 55
51 63 51
51 64 51
51 65 51
51 66 53
51 67 45
51 68 51
51 69 49
51 70 43
51 71 49
51 72 47
51 73 49
51 74 53
51 75 57
51 76 53
51 77 53
51 78 53
51 79 49
51 80 47
51 81 49
51 82 50
51 83 47
51 84 45
51 85 51
51 86 47
51 87 45
51 88 49
51 89 53
51 90 43
51 91 51
51 92 51
51 93 53
51 94 53
51 95 53
51 96 55
51 97 55
51 98 51
51 99 57
51 100 53
51 101 1433
52 1 2
52 2 2
52 3 2
52 4 2
52 5 2
52 6 31
52 7 31
52 8 31
52 9 33
52 10 30
52 11 31
52 12 31
52 13 33
52 14 30
52 15 33
52 16 29
52 17 32
52 18 34
52 19 37
52 20 31
52 21 35
52 22 38
52 23 30
52 24 29
52 25 34
52 26 38
52 27 33
52 28 35
52 29 36
52 30 36
52 31 36
52 32 31
52 33 42
52 34 36
52 35 37
52 36 33
52 37 37
52 38 37
52 39 37
52 40 35
52 41 35
52 42 37
52 43 37
52 44 33
52 45 35
52 46 38
52 47 37
52 48 39
52 49 41
52 50 41
52 51 43
52 52 39
52 53 35
52 54 41
52 55 37
52 56 39
52 57 39
52 58 39
52 59 34
52 60 39
52 61 37
52 62 38
52 63 37
52 64 45
52 65 39
52 66 37
52 67 37
52 68 37
52 69 39
52 70 33
52 71 37
52 72 39
52 73 43
52 74 41
52 75 45
52 76 45
52 77 41
52 78 39
52 79 31
52 80 33
52 81 37
52 82 41
52 83 41
52 84 41
52 85 43
52 86 41
52 87 37
52 88 43
52 89 43
52 90 37
52 91 43
52 92 41
52 93 41
52 94 43
52 95 39
52 96 41
52 97 39
52 98 38
52 99 45
52 100 40
52 101 1340
53 1 2
53 2 2
53 3 2
53 4 2
53 5 2
53 6 37
53 7 39
53 8 37
53 9 42
53 10 41
53 11 39
53 12 39
53 13 39
53 14 40
53 15 42
53 16 41
53 17 45
53 18 43
53 19 45
53 20 39
53 21 44
53 22 47
53 23 39
53 24 35
53 25 37
53 26 43
53 27 42
53 28 39
53 29 47
53 30 46
53 31 46
53 32 41
53 33 51
53 34 42
53 35 47
53 36 43
53 37 42
53 38 43
53 39 49
53 40 49
53 41 45
53 42 47
53 43 51
53 44 43
53 45 49
53 46 47
53 47 41
53 48 42
53 49 43
53 50 45
53 51 47
53 52 49
53 53 49
53 54 45
53 55 45
53 56 41
53 57 44
53 58 45
53 59 47
53 60 47
53 61 47
53 62 49
53 63 51
53 64 49
53 65 47
53 66 51
53 67 45
53 68 49
53 69 49
53 70 39
53 71 47
53 72 43
53 73 43
53 74 47
53 75 54
53 76 47
53 77 49
53 78 53
53 79 51
53 80 44
53 81 51
53 82 51
53 83 47
53 84 51
53 85 51
53 86 47
53 87 51
53 88 47
53 89 51
53 90 41
53 91 51
53 92 51
53 93 47
53 94 51
53 95 49
53 96 49
53 97 49
53 98 49
53 99 51
53 100 51
53 101 1497
54 1 2
54 2 2
54 3 2
54 4 2
54 5 2
54 6 37
54 7 37
54 8 35
54 9 39
54 10 33
54 11 35
54 12 35
54 13 38
54 14 38
54 15 41
54 16 37
54 17 43
54 18 41
54 19 38
54 20 39
54 21 42
54 22 45
54 23 37
54 24 36
54 25 39
54 26 44
54 27 42
54 28 32
54 29 43
54 30 43
54 31 42
54 32 39
54 33 49
54 34 42
54 35 45
54 36 41
54 37 34
54 38 41
54 39 47
54 40 46
54 41 45
54 42 45
54 43 49
54 44 37
54 45 45
54 46 39
54 47 41
54 48 45
54 49 45
54 50 47
54 51 45
54 52 47
54 53 44
54 54 47
54 55 47
54 56 42
54 57 45
54 58 43
54 59 45
54 60 41
54 61 39
54 62 43
54 63 39
54 64 43
54 65 43
54 66 49
54 67 41
54 68 47
54 69 49
54 70 39
54 71 47
54 72 40
54 73 45
54 74 47
54 75 53
54 76 47
54 77 47
54 78 49
54 79 45
54 80 39
54 81 47
54 82 47
54 83 45
54 84 47
54 85 47
54 86 43
54 87 49
54 88 45
54 89 49
54 90 37
54 91 49
54 92 49
54 93 45
54 94 51
54 95 49
54 96 47
54 97 49
54 98 49
54 99 47
54 100 46
54 101 1512
55 1 2
55 2 2
55 3 2
55 4 2
55 5 2
55 6 27
55 7 31
55 8 27
55 9 30
55 10 29
55 11 33
55 12 29
55 13 34
55 14 32
55 15 28
55 16 31
55 17 34
55 18 31
55 19 31
55 20 34
55 21 37
55 22 37
55 23 31
55 24 29
55 25 34
55 26 34
55 27 35
55 28 34
55 29 38
55 30 37
55 31 37
55 32 29
55 33 34
55 34 35
55 35 33
55 36 29
55 37 32
55 38 37
55 39 39
55 40 38
55 41 39
55 42 37
55 43 40
55 44 33
55 45 37
55 46 35
55 47 35
55 48 37
55 49 41
55 50 39
55 51 37
55 52 35
55 53 36
55 54 33
55 55 44
55 56 38
55 57 36
55 58 39
55 59 37
55 60 37
55 61 37
55 62 41
55 63 35
55 64 39
55 65 35
55 66 37
55 67 36
55 68 38
55 69 40
55 70 33
55 71 37
55 72 27
55 73 40
55 74 39
55 75 39
55 76 41
55 77 43
55 78 39
55 79 40
55 80 33
55 81 35
55 82 41
55 83 43
55 84 43
55 85 41
55 86 39
55 87 39
55 88 37
55 89 39
55 90 31
55 91 45
55 92 41
55 93 39
55 94 41
55 95 41
55 96 35
55 97 43
55 98 41
55 99 37
55 100 41
55 101 1382
56 1 2
56 2 2
56 3 2
56 4 2
56 5 2
56 6 31
56 7 31
56 8 29
56 9 29
56 10 27
56 11 28
56 12 32
56 13 37
56 14 36
56 15 33
56 16 37
56 17 33
56 18 31
56 19 29
56 20 31
56 21 33
56 22 35
56 23 34
56 24 36
56 25 37
56 26 37
56 27 37
56 28 34
56 29 33
56 30 38
56 31 37
56 32 33
56 33 35
56 34 41
56 35 39
56 36 33
56 37 33
56 38 41
56 39 39
56 40 38
56 41 33
56 42 37
56 43 37
56 44 30
56 45 37
56 46 37
56 47 38
56 48 45
56 49 43
56 50 38
56 51 37
56 52 36
56 53 30
56 54 35
56 55 43
56 56 44
56 57 39
56 58 41
56 59 37
56 60 39
56 61 34
56 62 37
56 63 37
56 64 43
56 65 34
56 66 39
56 67 37
56 68 40
56 69 41
56 70 38
56 71 39
56 72 37
56 73 41
56 74 41
56 75 41
56 76 45
56 77 39
56 78 39
56 79 39
56 80 36
56 81 36
56 82 45
56 83 43
56 84 43
56 85 39
56 86 39
56 87 39
56 88 41
56 89 42
56 90 33
56 91 43
56 92 41
56 93 38
56 94 43
56 95 39
56 96 35
56 97 37
56 98 37
56 99 33
56 100 41
56 101 1371
57 1 2
57 2 2
57 3 2
57 4 2
57 5 2
57 6 41
57 7 39
57 8 35
57 9 40
57 10 37
57 11 39
57 12 42
57 13 46
57 14 45
57 15 45
57 16 43
57 17 45
57 18 39
57 19 40
57 20 40
57 21 39
57 22 41
57 23 44
57 24 39
57 25 45
57 26 48
57 27 50
57 28 41
57 29 48
57 30 46
57 31 45
57 32 40
57 33 49
57 34 47
57 35 48
57 36 45
57 37 42
57 38 45
57 39 45
57 40 45
57 41 44
57 42 47
57 43 47
57 44 41
57 45 51
57 46 47
57 47 47
57 48 51
57 49 53
57 50 49
57 51 47
57 52 45
57 53 45
57 54 46
57 55 49
57 56 48
57 57 51
57 58 49
57 59 47
57 60 47
57 61 47
57 62 48
57 63 47
57 64 48
57 65 47
57 66 50
57 67 47
57 68 53
57 69 52
57 70 45
57 71 51
57 72 41
57 73 47
57 74 51
57 75 53
57 76 49
57 77 47
57 78 52
57 79 50
57 80 46
57 81 47
57 82 55
57 83 53
57 84 53
57 85 51
57 86 43
57 87 49
57 88 45
57 89 51
57 90 41
57 91 56
57 92 55
57 93 53
57 94 53
57 95 51
57 96 47
57 97 51
57 98 47
57 99 47
57 100 51
57 101 1542
58 1 2
58 2 2
58 3 2
58 4 2
58 5 2
58 6 35
58 7 37
58 8 33
58 9 37
58 10 37
58 11 40
58 12 40
58 13 44
58 14 42
58 15 42
58 16 40
58 17 44
58 18 38
58 19 38
58 20 40
58 21 43
58 22 46
58 23 41
58 24 40
58 25 44
58 26 47
58 27 43
58 28 42
58 29 47
58 30 41
58 31 39
58 32 39
58 33 43
58 34 45
58 35 43
58 36 42
58 37 44
58 38 46
58 39 48
58 40 47
58 41 44
58 42 43
58 43 49
58 44 37
58 45 45
58 46 41
58 47 49
58 48 44
58 49 51
58 50 48
58 51 47
58 52 45
58 53 45
58 54 41
58 55 50
58 56 48
58 57 47
58 58 51
58 59 47
58 60 45
58 61 47
58 62 44
58 63 41
58 64 51
58 65 43
58 66 48
58 67 47
58 68 51
58 69 47
58 70 43
58 71 51
58 72 39
58 73 47
58 74 48
58 75 51
58 76 47
58 77 49
58 78 51
58 79 51
58 80 41
58 81 43
58 82 51
58 83 47
58 84 43
58 85 51
58 86 47
58 87 43
58 88 35
58 89 47
58 90 41
58 91 49
58 92 49
58 93 51
58 94 53
58 95 48
58 96 47
58 97 51
58 98 47
58 99 45
58 100 53
58 101 1441
59 1 2
59 2 2
59 3 2
59 4 2
59 5 2
59 6 39
59 7 38
59 8 34
59 9 39
59 10 39
59 11 38
59 12 37
59 13 45
59 14 40
59 15 44
59 16 39
59 17 44
59 18 38
59 19 40
59 20 40
59 21 39
59 22 43
59 23 39
59 24 43
59 25 46
59 26 47
59 27 46
59 28 46
59 29 45
59 30 44
59 31 41
59 32 39
59 33 48
59 34 49
59 35 44
59 36 44
59 37 47
59 38 39
59 39 43
59 40 43
59 41 39
59 42 43
59 43 45
59 44 40
59 45 50
59 46 47
59 47 47
59 48 49
59 49 52
59 50 44
59 51 49
59 52 39
59 53 45
59 54 39
59 55 45
59 56 42
59 57 43
59 58 47
59 59 49
59 60 47
59 61 43
59 62 46
59 63 47
59 64 46
59 65 41
59 66 48
59 67 47
59 68 51
59 69 49
59 70 41
59 71 51
59 72 41
59 73 45
59 74 48
59 75 48
59 76 45
59 77 47
59 78 51
59 79 45
59 80 45
59 81 50
59 82 54
59 83 51
59 84 48
59 85 49
59 86 45
59 87 49
59 88 41
59 89 51
59 90 45
59 91 55
59 92 49
59 93 51
59 94 53
59 95 47
59 96 49
59 97 53
59 98 49
59 99 48
59 100 53
59 101 1545
60 1 2
60 2 2
60 3 2
60 4 2
60 5 2
60 6 27
60 7 24
60 8 24
60 9 26
60 10 25
60 11 22
60 12 26
60 13 28
60 14 24
60 15 31
60 16 27
60 17 28
60 18 28
60 19 25
60 20 26
60 21 27
60 22 32
60 23 25
60 24 27
60 25 28
60 26 32
60 27 26
60 28 27
60 29 29
60 30 30
60 31 26
60 32 28
60 33 35
60 34 30
60 35 32
60 36 31
60 37 31
60 38 32
60 39 35
60 40 33
60 41 27
60 42 30
60 43 30
60 44 29
60 45 37
60 46 33
60 47 28
60 48 35
60 49 32
60 50 29
60 51 33
60 52 31
60 53 29
60 54 31
60 55 31
60 56 34
60 57 29
60 58 35
60 59 35
60 60 39
60 61 33
60 62 37
60 63 37
60 64 37
60 65 28
60 66 32
60 67 31
60 68 35
60 69 34
60 70 21
60 71 35
60 72 29
60 73 28
60 74 31
60 75 37
60 76 33
60 77 35
60 78 42
60 79 34
60 80 35
60 81 35
60 82 36
60 83 31
60 84 32
60 85 33
60 86 35
60 87 36
60 88 33
60 89 41
60 90 35
60 91 38
60 92 35
60 93 31
60 94 35
60 95 29
60 96 37
60 97 35
60 98 33
60 99 35
60 100 38
60 101 1253
61 1 2
61 2 2
61 3 2
61 4 2
61 5 2
61 6 35
61 7 37
61 8 35
61 9 38
61 10 38
61 11 34
61 12 39
61 13 42
61 14 40
61 15 40
61 16 38
61 17 40
61 18 39
61 19 41
61 20 37
61 21 41
61 22 42
61 23 39
61 24 31
61 25 40
61 26 41
61 27 43
61 28 40
61 29 45
61 30 42
61 31 42
61 32 37
61 33 47
61 34 42
61 35 46
61 36 40
61 37 43
61 38 44
61 39 42
61 40 43
61 41 41
61 42 45
61 43 45
61 44 39
61 45 47
61 46 46
61 47 38
61 48 43
61 49 46
61 50 43
61 51 43
61 52 45
61 53 44
61 54 44
61 55 49
61 56 45
61 57 42
61 58 45
61 59 43
61 60 44
61 61 43
61 62 42
61 63 46
61 64 45
61 65 44
61 66 43
61 67 43
61 68 47
61 69 51
61 70 34
61 71 45
61 72 40
61 73 46
61 74 45
61 75 50
61 76 49
61 77 47
61 78 47
61 79 45
61 80 42
61 81 47
61 82 51
61 83 45
61 84 47
61 85 48
61 86 45
61 87 47
61 88 42
61 89 51
61 90 45
61 91 51
61 92 49
61 93 41
61 94 47
61 95 45
61 96 43
61 97 45
61 98 45
61 99 49
61 100 45
61 101 1542
62 1 2
62 2 2
62 3 2
62 4 2
62 5 2
62 6 39
62 7 41
62 8 35
62 9 41
62 10 40
62 11 37
62 12 34
62 13 41
62 14 38
62 15 36
62 16 38
62 17 44
62 18 42
62 19 39
62 20 42
62 21 44
62 22 44
62 23 37
62 24 38
62 25 44
62 26 40
62 27 44
62 28 43
62 29 45
62 30 46
62 31 41
62 32 38
62 33 46
62 34 40
62 35 42
62 36 40
62 37 43
62 38 42
62 39 48
62 40 42
62 41 44
62 42 48
62 43 46
62 44 42
62 45 48
62 46 43
62 47 39
62 48 47
62 49 48
62 50 43
62 51 45
62 52 44
62 53 46
62 54 41
62 55 50
62 56 45
62 57 39
62 58 46
62 59 47
62 60 48
62 61 45
62 62 52
62 63 51
62 64 45
62 65 41
62 66 47
62 67 43
62 68 47
62 69 49
62 70 35
62 71 47
62 72 43
62 73 48
62 74 50
62 75 51
62 76 45
62 77 53
62 78 50
62 79 47
62 80 43
62 81 48
62 82 47
62 83 45
62 84 49
62 85 47
62 86 49
62 87 47
62 88 43
62 89 51
62 90 47
62 91 51
62 92 46
62 93 45
62 94 49
62 95 47
62 96 47
62 97 51
62 98 51
62 99 49
62 100 47
62 101 1481
63 1 2
63 2 2
63 3 2
63 4 2
63 5 2
63 6 45
63 7 45
63 8 42
63 9 46
63 10 44
63 11 42
63 12 40
63 13 46
63 14 40
63 15 41
63 16 44
63 17 49
63 18 44
63 19 46
63 20 47
63 21 48
63 22 48
63 23 39
63 24 42
63 25 49
63 26 45
63 27 49
63 28 48
63 29 50
63 30 50
63 31 48
63 32 46
63 33 53
63 34 48
63 35 52
63 36 45
63 37 47
63 38 49
63 39 53
63 40 46
63 41 49
63 42 53
63 43 51
63 44 47
63 45 50
63 46 50
63 47 44
63 48 52
63 49 50
63 50 48
63 51 50
63 52 49
63 53 51
63 54 47
63 55 55
63 56 49
63 57 46
63 58 47
63 59 51
63 60 53
63 61 50
63 62 57
63 63 58
63 64 53
63 65 51
63 66 55
63 67 47
63 68 51
63 69 57
63 70 40
63 71 51
63 72 48
63 73 55
63 74 55
63 75 56
63 76 49
63 77 57
63 78 55
63 79 51
63 80 45
63 81 53
63 82 51
63 83 51
63 84 55
63 85 49
63 86 53
63 87 52
63 88 51
63 89 52
63 90 51
63 91 56
63 92 53
63 93 49
63 94 56
63 95 57
63 96 55
63 97 59
63 98 55
63 99 51
63 100 51
63 101 1532
64 1 2
64 2 2
64 3 2
64 4 2
64 5 2
64 6 33
64 7 35
64 8 35
64 9 33
64 10 36
64 11 32
64 12 36
64 13 36
64 14 32
64 15 31
64 16 34
64 17 34
64 18 32
64 19 38
64 20 38
64 21 39
64 22 43
64 23 32
64 24 34
64 25 36
64 26 36
64 27 34
64 28 42
64 29 40
64 30 36
64 31 38
64 32 38
64 33 38
64 34 34
64 35 38
64 36 35
64 37 37
64 38 41
64 39 42
64 40 41
64 41 41
64 42 36
64 43 39
64 44 37
64 45 33
64 46 40
64 47 37
64 48 43
64 49 40
64 50 44
64 51 39
64 52 42
64 53 35
64 54 38
64 55 45
64 56 43
64 57 37
64 58 41
64 59 37
64 60 39
64 61 40
64 62 43
64 63 43
64 64 49
64 65 39
64 66 41
64 67 37
64 68 41
64 69 39
64 70 34
64 71 42
64 72 42
64 73 46
64 74 46
64 75 47
64 76 43
64 77 46
64 78 45
64 79 41
64 80 37
64 81 39
64 82 45
64 83 38
64 84 43
64 85 41
64 86 41
64 87 37
64 88 42
64 89 37
64 90 39
64 91 44
64 92 41
64 93 37
64 94 47
64 95 44
64 96 47
64 97 47
64 98 44
64 99 44
64 100 45
64 101 1351
65 1 2
65 2 2
65 3 2
65 4 2
65 5 2
65 6 29
65 7 31
65 8 30
65 9 33
65 10 34
65 11 33
65 12 33
65 13 34
65 14 28
65 15 30
65 16 30
65 17 34
65 18 34
65 19 38
65 20 33
65 21 38
65 22 40
65 23 30
65 24 31
65 25 34
65 26 33
65 27 34
65 28 37
65 29 38
65 30 37
65 31 38
65 32 32
65 33 42
65 34 38
65 35 37
65 36 33
65 37 37
65 38 37
65 39 41
65 40 35
65 41 37
65 42 36
65 43 41
65 44 34
65 45 39
65 46 40
65 47 37
65 48 38
65 49 41
65 50 41
65 51 39
65 52 40
65 53 37
65 54 35
65 55 38
65 56 31
65 57 37
65 58 38
65 59 38
65 60 40
65 61 39
65 62 41
65 63 43
65 64 44
65 65 39
65 66 41
65 67 37
65 68 38
65 69 39
65 70 33
65 71 40
65 72 36
65 73 43
65 74 37
65 75 42
65 76 37
65 77 39
65 78 39
65 79 39
65 80 35
65 81 40
65 82 42
65 83 41
65 84 43
65 85 44
65 86 41
65 87 39
65 88 38
65 89 43
65 90 36
65 91 44
65 92 41
65 93 41
65 94 43
65 95 41
65 96 43
65 97 45
65 98 41
65 99 45
65 100 43
65 101 1409
66 1 2
66 2 2
66 3 2
66 4 2
66 5 2
66 6 35
66 7 35
66 8 32
66 9 36
66 10 36
66 11 34
66 12 34
66 13 37
66 14 33
66 15 36
66 16 35
66 17 39
66 18 34
66 19 39
66 20 36
66 21 37
66 22 39
66 23 32
66 24 32
66 25 37
66 26 40
66 27 39
66 28 38
66 29 44
66 30 42
66 31 40
66 32 36
66 33 45
66 34 40
66 35 42
66 36 37
66 37 36
66 38 38
66 39 41
66 40 40
66 41 40
66 42 43
66 43 43
66 44 37
66 45 40
66 46 42
66 47 38
66 48 42
66 49 41
66 50 43
66 51 43
66 52 42
66 53 42
66 54 39
66 55 47
66 56 42
66 57 43
66 58 37
66 59 39
66 60 38
66 61 42
66 62 44
66 63 46
66 64 43
66 65 42
66 66 45
66 67 39
66 68 43
66 69 47
66 70 37
66 71 43
66 72 41
66 73 44
66 74 46
66 75 48
66 76 42
66 77 43
66 78 44
66 79 42
66 80 35
66 81 43
66 82 46
66 83 47
66 84 44
66 85 39
66 86 38
66 87 42
66 88 37
66 89 42
66 90 39
66 91 47
66 92 46
66 93 43
66 94 47
66 95 47
66 96 44
66 97 47
66 98 43
66 99 46
66 100 42
66 101 1495
67 1 2
67 2 2
67 3 2
67 4 2
67 5 2
67 6 41
67 7 41
67 8 38
67 9 42
67 10 44
67 11 42
67 12 44
67 13 48
67 14 44
67 15 46
67 16 47
67 17 48
67 18 40
67 19 48
67 20 44
67 21 45
67 22 50
67 23 42
67 24 42
67 25 46
67 26 52
67 27 48
67 28 47
67 29 52
67 30 48
67 31 49
67 32 44
67 33 51
67 34 50
67 35 51
67 36 47
67 37 49
67 38 50
67 39 52
67 40 52
67 41 48
67 42 48
67 43 53
67 44 44
67 45 50
67 46 54
67 47 50
67 48 52
67 49 52
67 50 52
67 51 49
67 52 50
67 53 49
67 54 45
67 55 54
67 56 52
67 57 54
67 58 53
67 59 53
67 60 51
67 61 52
67 62 51
67 63 50
67 64 52
67 65 50
67 66 52
67 67 52
67 68 52
67 69 51
67 70 47
67 71 51
67 72 47
67 73 51
67 74 52
67 75 55
67 76 49
67 77 51
67 78 57
67 79 56
67 80 46
67 81 56
67 82 59
67 83 55
67 84 53
67 85 51
67 86 49
67 87 52
67 88 49
67 89 52
67 90 43
67 91 55
67 92 54
67 93 51
67 94 54
67 95 55
67 96 53
67 97 55
67 98 51
67 99 51
67 100 57
67 101 1463
68 1 2
68 2 2
68 3 2
68 4 2
68 5 2
68 6 25
68 7 25
68 8 24
68 9 26
68 10 25
68 11 25
68 12 28
68 13 32
68 14 29
68 15 30
68 16 29
68 17 30
68 18 24
68 19 29
68 20 25
68 21 28
68 22 28
68 23 28
68 24 30
68 25 30
68 26 30
68 27 33
68 28 29
68 29 32
68 30 30
68 31 30
68 32 26
68 33 34
68 34 34
68 35 34
68 36 29
68 37 33
68 38 30
68 39 32
68 40 34
68 41 32
68 42 32
68 43 35
68 44 26
68 45 36
68 46 35
68 47 30
68 48 34
68 49 36
68 50 33
68 51 31
68 52 29
68 53 32
68 54 31
68 55 35
68 56 34
68 57 36
68 58 37
68 59 35
68 60 36
68 61 33
68 62 35
68 63 38
68 64 37
68 65 31
68 66 34
68 67 33
68 68 36
68 69 38
68 70 27
68 71 34
68 72 29
68 73 31
68 74 31
68 75 38
68 76 37
68 77 37
68 78 40
68 79 38
68 80 32
68 81 39
68 82 40
68 83 37
68 84 36
68 85 36
68 86 30
68 87 35
68 88 33
68 89 38
68 90 32
68 91 41
68 92 38
68 93 34
68 94 36
68 95 33
68 96 33
68 97 36
68 98 35
68 99 37
68 100 36
68 101 1295
69 1 2
69 2 2
69 3 2
69 4 2
69 5 2
69 6 39
69 7 37
69 8 34
69 9 38
69 10 34
69 11 36
69 12 38
69 13 42
69 14 40
69 15 42
69 16 38
69 17 41
69 18 40
69 19 38
69 20 39
69 21 44
69 22 41
69 23 42
69 24 40
69 25 42
69 26 42
69 27 41
69 28 37
69 29 38
69 30 40
69 31 40
69 32 38
69 33 46
69 34 48
69 35 48
69 36 42
69 37 44
69 38 46
69 39 48
69 40 40
69 41 44
69 42 40
69 43 40
69 44 37
69 45 44
69 46 41
69 47 42
69 48 46
69 49 47
69 50 44
69 51 43
69 52 44
69 53 38
69 54 41
69 55 45
69 56 44
69 57 46
69 58 47
69 59 48
69 60 49
69 61 42
69 62 46
69 63 48
69 64 45
69 65 43
69 66 45
69 67 44
69 68 46
69 69 51
69 70 40
69 71 45
69 72 43
69 73 45
69 74 44
69 75 49
69 76 48
69 77 49
69 78 49
69 79 46
69 80 42
69 81 50
69 82 47
69 83 45
69 84 45
69 85 43
69 86 43
69 87 45
69 88 43
69 89 51
69 90 47
69 91 53
69 92 47
69 93 47
69 94 45
69 95 41
69 96 41
69 97 47
69 98 48
69 99 49
69 100 48
69 101 1519
70 1 2
70 2 2
70 3 2
70 4 2
70 5 2
70 6 29
70 7 24
70 8 22
70 9 22
70 10 28
70 11 22
70 12 26
70 13 34
70 14 32
70 15 29
70 16 32
70 17 34
70 18 28
70 19 30
70 20 30
70 21 30
70 22 32
70 23 32
70 24 30
70 25 34
70 26 36
70 27 38
70 28 32
70 29 34
70 30 33
70 31 32
70 32 26
70 33 36
70 34 36
70 35 36
70 36 32
70 37 33
70 38 28
70 39 35
70 40 30
70 41 29
70 42 32
70 43 36
70 44 27
70 45 40
70 46 38
70 47 32
70 48 36
70 49 38
70 50 30
70 51 31
70 52 31
70 53 33
70 54 33
70 55 37
70 56 38
70 57 37
70 58 37
70 59 38
70 60 38
70 61 32
70 62 39
70 63 39
70 64 32
70 65 34
70 66 38
70 67 33
70 68 39
70 69 43
70 70 34
70 71 39
70 72 36
70 73 37
70 74 34
70 75 36
70 76 31
70 77 35
70 78 32
70 79 38
70 80 35
70 81 40
70 82 41
70 83 40
70 84 35
70 85 37
70 86 34
70 87 36
70 88 33
70 89 40
70 90 33
70 91 44
70 92 40
70 93 40
70 94 42
70 95 36
70 96 34
70 97 39
70 98 35
70 99 31
70 100 40
70 101 1337
71 1 2
71 2 2
71 3 2
71 4 2
71 5 2
71 6 42
71 7 37
71 8 39
71 9 36
71 10 38
71 11 35
71 12 40
71 13 46
71 14 46
71 15 44
71 16 44
71 17 46
71 18 40
71 19 44
71 20 40
71 21 42
71 22 44
71 23 44
71 24 43
71 25 48
71 26 50
71 27 49
71 28 45
71 29 44
71 30 46
71 31 46
71 32 38
71 33 50
71 34 51
71 35 49
71 36 46
71 37 48
71 38 46
71 39 48
71 40 46
71 41 42
71 42 48
71 43 48
71 44 38
71 45 50
71 46 48
71 47 49
71 48 52
71 49 54
71 50 52
71 51 51
71 52 49
71 53 44
71 54 44
71 55 46
71 56 46
71 57 48
71 58 43
71 59 48
71 60 50
71 61 44
71 62 47
71 63 51
71 64 48
71 65 47
71 66 51
71 67 46
71 68 53
71 69 56
71 70 46
71 71 53
71 72 45
71 73 48
71 74 43
71 75 50
71 76 45
71 77 50
71 78 45
71 79 49
71 80 45
71 81 50
71 82 55
71 83 51
71 84 49
71 85 51
71 86 49
71 87 49
71 88 46
71 89 57
71 90 48
71 91 57
71 92 55
71 93 53
71 94 55
71 95 50
71 96 47
71 97 50
71 98 49
71 99 53
71 100 52
71 101 1553
72 1 2
72 2 2
72 3 2
72 4 2
72 5 2
72 6 33
72 7 29
72 8 36
72 9 28
72 10 34
72 11 30
72 12 36
72 13 34
72 14 36
72 15 36
72 16 38
72 17 36
72 18 30
72 19 36
72 20 36
72 21 35
72 22 41
72 23 31
72 24 40
72 25 38
72 26 42
72 27 41
72 28 36
72 29 40
72 30 41
72 31 38
72 32 32
72 33 40
72 34 38
72 35 34
72 36 38
72 37 37
72 38 40
72 39 42
72 40 40
72 41 36
72 42 42
72 43 44
72 44 32
72 45 36
72 46 40
72 47 41
72 48 41
72 49 41
72 50 44
72 51 44
72 52 44
72 53 40
72 54 43
72 55 40
72 56 43
72 57 42
72 58 40
72 59 42
72 60 42
72 61 34
72 62 42
72 63 39
72 64 37
72 65 36
72 66 40
72 67 30
72 68 44
72 69 45
72 70 38
72 71 45
72 72 42
72 73 42
72 74 39
72 75 47
72 76 41
72 77 44
72 78 43
72 79 46
72 80 42
72 81 43
72 82 45
72 83 41
72 84 41
72 85 41
72 86 44
72 87 39
72 88 41
72 89 40
72 90 39
72 91 42
72 92 47
72 93 43
72 94 40
72 95 43
72 96 45
72 97 42
72 98 43
72 99 45
72 100 45
72 101 1365
73 1 2
73 2 2
73 3 2
73 4 2
73 5 2
73 6 41
73 7 44
73 8 40
73 9 40
73 10 42
73 11 42
73 12 38
73 13 46
73 14 42
73 15 40
73 16 41
73 17 44
73 18 38
73 19 48
73 20 46
73 21 46
73 22 51
73 23 40
73 24 42
73 25 46
73 26 48
73 27 44
73 28 47
73 29 48
73 30 46
73 31 50
73 32 42
73 33 52
73 34 50
73 35 46
73 36 44
73 37 48
73 38 46
73 39 51
73 40 46
73 41 48
73 42 48
73 43 52
73 44 36
73 45 40
73 46 45
73 47 49
73 48 46
73 49 54
73 50 53
73 51 52
73 52 48
73 53 45
73 54 49
73 55 51
73 56 48
73 57 50
73 58 49
73 59 50
73 60 50
73 61 45
73 62 51
73 63 52
73 64 52
73 65 51
73 66 51
73 67 42
73 68 50
73 69 51
73 70 45
73 71 51
73 72 48
73 73 56
73 74 51
73 75 52
73 76 53
73 77 52
73 78 44
73 79 48
73 80 43
73 81 47
73 82 53
73 83 55
73 84 52
73 85 55
73 86 51
73 87 46
73 88 46
73 89 47
73 90 45
73 91 53
73 92 52
73 93 51
73 94 51
73 95 51
73 96 51
73 97 55
73 98 53
73 99 55
73 100 54
73 101 1524
74 1 2
74 2 2
74 3 2
74 4 2
74 5 2
74 6 37
74 7 39
74 8 38
74 9 34
74 10 42
74 11 42
74 12 38
74 13 42
74 14 39
74 15 38
74 16 40
74 17 44
74 18 34
74 19 46
74 20 41
74 21 40
74 22 46
74 23 34
74 24 40
74 25 42
74 26 45
74 27 45
74 28 41
74 29 48
74 30 44
74 31 44
74 32 38
74 33 47
74 34 42
74 35 40
74 36 38
74 37 45
74 38 37
74 39 44
74 40 42
74 41 39
74 42 43
74 43 51
74 44 39
74 45 44
74 46 48
74 47 46
74 48 46
74 49 49
74 50 50
74 51 50
74 52 46
74 53 47
74 54 47
74 55 43
74 56 42
74 57 48
74 58 46
74 59 43
74 60 45
74 61 45
74 62 47
74 63 45
74 64 50
74 65 47
74 66 51
74 67 39
74 68 48
74 69 47
74 70 41
74 71 48
74 72 42
74 73 49
74 74 49
74 75 51
74 76 49
74 77 47
74 78 46
74 79 46
74 80 39
74 81 44
74 82 45
74 83 46
74 84 45
74 85 52
74 86 46
74 87 48
74 88 43
74 89 43
74 90 39
74 91 49
74 92 48
74 93 49
74 94 50
74 95 51
74 96 51
74 97 53
74 98 49
74 99 53
74 100 51
74 101 1460
75 1 2
75 2 2
75 3 2
75 4 2
75 5 2
75 6 27
75 7 28
75 8 23
75 9 24
75 10 28
75 11 28
75 12 28
75 13 30
75 14 28
75 15 28
75 16 28
75 17 32
75 18 22
75 19 32
75 20 28
75 21 32
75 22 32
75 23 24
75 24 26
75 25 28
75 26 32
75 27 33
75 28 24
75 29 34
75 30 32
75 31 32
75 32 28
75 33 38
75 34 34
75 35 32
75 36 26
75 37 30
75 38 32
75 39 33
75 40 28
75 41 32
75 42 36
75 43 35
75 44 30
75 45 28
75 46 34
75 47 33
75 48 34
75 49 36
75 50 37
75 51 35
75 52 34
75 53 33
75 54 33
75 55 31
75 56 34
75 57 35
75 58 32
75 59 31
75 60 33
75 61 34
75 62 33
75 63 37
75 64 38
75 65 32
75 66 38
75 67 27
75 68 36
75 69 39
75 70 29
75 71 36
75 72 30
75 73 39
75 74 38
75 75 40
75 76 38
75 77 36
75 78 35
75 79 33
75 80 29
75 81 36
75 82 31
75 83 39
75 84 40
75 85 38
75 86 36
75 87 38
75 88 33
75 89 36
75 90 33
75 91 39
75 92 35
75 93 36
75 94 36
75 95 39
75 96 36
75 97 39
75 98 36
75 99 37
75 100 33
75 101 1258
76 1 2
76 2 2
76 3 2
76 4 2
76 5 2
76 6 35
76 7 37
76 8 32
76 9 32
76 10 38
76 11 38
76 12 36
76 13 40
76 14 38
76 15 34
76 16 38
76 17 40
76 18 28
76 19 40
76 20 38
76 21 38
76 22 38
76 23 32
76 24 34
76 25 34
76 26 36
76 27 38
76 28 34
76 29 43
76 30 43
76 31 42
76 32 40
76 33 42
76 34 42
76 35 36
76 36 30
76 37 40
76 38 40
76 39 38
76 40 40
76 41 41
76 42 43
76 43 42
76 44 39
76 45 36
76 46 45
76 47 38
76 48 39
76 49 40
76 50 38
76 51 37
76 52 36
76 53 41
76 54 40
76 55 40
76 56 44
76 57 41
76 58 43
76 59 40
76 60 41
76 61 41
76 62 42
76 63 44
76 64 49
76 65 40
76 66 44
76 67 37
76 68 42
76 69 44
76 70 37
76 71 39
76 72 35
76 73 44
76 74 45
76 75 47
76 76 51
76 77 46
76 78 43
76 79 42
76 80 41
76 81 43
76 82 40
76 83 48
76 84 49
76 85 46
76 86 43
76 87 45
76 88 47
76 89 39
76 90 39
76 91 49
76 92 44
76 93 41
76 94 44
76 95 42
76 96 38
76 97 42
76 98 40
76 99 39
76 100 43
76 101 1364
77 1 2
77 2 2
77 3 2
77 4 2
77 5 2
77 6 43
77 7 44
77 8 35
77 9 41
77 10 44
77 11 44
77 12 40
77 13 46
77 14 42
77 15 44
77 16 38
77 17 46
77 18 42
77 19 44
77 20 46
77 21 50
77 22 50
77 23 44
77 24 44
77 25 44
77 26 47
77 27 46
77 28 42
77 29 47
77 30 44
77 31 44
77 32 44
77 33 49
77 34 48
77 35 45
77 36 40
77 37 48
77 38 46
77 39 52
77 40 48
77 41 50
77 42 50
77 43 50
77 44 46
77 45 48
77 46 48
77 47 46
77 48 50
77 49 54
77 50 47
77 51 52
77 52 50
77 53 47
77 54 43
77 55 44
77 56 44
77 57 44
77 58 48
77 59 47
77 60 45
77 61 45
77 62 46
77 63 46
77 64 50
77 65 44
77 66 52
77 67 48
77 68 48
77 69 50
77 70 45
77 71 50
77 72 46
77 73 53
77 74 53
77 75 55
77 76 54
77 77 56
77 78 54
77 79 51
77 80 47
77 81 52
77 82 45
77 83 54
77 84 54
77 85 53
77 86 52
77 87 54
77 88 44
77 89 51
77 90 50
77 91 54
77 92 41
77 93 52
77 94 54
77 95 50
77 96 53
77 97 58
77 98 54
77 99 50
77 100 52
77 101 1549
78 1 2
78 2 2
78 3 2
78 4 2
78 5 2
78 6 39
78 7 38
78 8 31
78 9 36
78 10 38
78 11 38
78 12 40
78 13 44
78 14 40
78 15 44
78 16 38
78 17 42
78 18 38
78 19 38
78 20 40
78 21 44
78 22 44
78 23 42
78 24 44
78 25 43
78 26 48
78 27 44
78 28 36
78 29 42
78 30 42
78 31 38
78 32 38
78 33 48
78 34 48
78 35 44
78 36 40
78 37 44
78 38 44
78 39 48
78 40 42
78 41 45
78 42 44
78 43 46
78 44 40
78 45 47
78 46 45
78 47 47
78 48 50
78 49 50
78 50 47
78 51 48
78 52 46
78 53 42
78 54 43
78 55 39
78 56 45
78 57 46
78 58 48
78 59 48
78 60 50
78 61 47
78 62 46
78 63 48
78 64 48
78 65 39
78 66 46
78 67 45
78 68 48
78 69 49
78 70 44
78 71 51
78 72 43
78 73 46
78 74 48
78 75 51
78 76 47
78 77 50
78 78 54
78 79 50
78 80 45
78 81 51
78 82 41
78 83 49
78 84 46
78 85 46
78 86 47
78 87 49
78 88 41
78 89 54
78 90 44
78 91 49
78 92 40
78 93 47
78 94 45
78 95 45
78 96 49
78 97 53
78 98 49
78 99 48
78 100 51
78 101 1476
79 1 2
79 2 2
79 3 2
79 4 2
79 5 2
79 6 42
79 7 41
79 8 34
79 9 44
79 10 44
79 11 42
79 12 42
79 13 48
79 14 46
79 15 48
79 16 44
79 17 48
79 18 42
79 19 44
79 20 44
79 21 46
79 22 50
79 23 44
79 24 44
79 25 44
79 26 52
79 27 50
79 28 44
79 29 51
79 30 48
79 31 46
79 32 40
79 33 50
79 34 46
79 35 44
79 36 48
79 37 48
79 38 48
79 39 52
79 40 51
79 41 48
79 42 49
79 43 53
79 44 44
79 45 52
79 46 52
79 47 50
79 48 52
79 49 55
79 50 50
79 51 51
79 52 51
79 53 50
79 54 47
79 55 50
79 56 52
79 57 50
79 58 55
79 59 53
79 60 52
79 61 51
79 62 49
79 63 49
79 64 49
79 65 41
79 66 50
79 67 51
79 68 55
79 69 54
79 70 47
79 71 55
79 72 46
79 73 48
79 74 52
79 75 56
79 76 49
79 77 51
79 78 58
79 79 56
79 80 46
79 81 54
79 82 52
79 83 50
79 84 45
79 85 54
79 86 49
79 87 53
79 88 46
79 89 56
79 90 49
79 91 58
79 92 52
79 93 55
79 94 54
79 95 49
79 96 51
79 97 52
79 98 52
79 99 50
79 100 57
79 101 1550
80 1 2
80 2 2
80 3 2
80 4 2
80 5 2
80 6 24
80 7 22
80 8 21
80 9 22
80 10 22
80 11 20
80 12 25
80 13 26
80 14 28
80 15 28
80 16 24
80 17 26
80 18 24
80 19 24
80 20 24
80 21 24
80 22 30
80 23 26
80 24 28
80 25 26
80 26 32
80 27 32
80 28 28
80 29 26
80 30 28
80 31 22
80 32 24
80 33 30
80 34 30
80 35 32
80 36 28
80 37 24
80 38 29
80 39 32
80 40 32
80 41 28
80 42 30
80 43 32
80 44 25
80 45 32
80 46 30
80 47 28
80 48 35
80 49 33
80 50 31
80 51 28
80 52 29
80 53 27
80 54 30
80 55 33
80 56 34
80 57 31
80 58 34
80 59 32
80 60 32
80 61 25
80 62 34
80 63 32
80 64 32
80 65 25
80 66 30
80 67 27
80 68 34
80 69 34
80 70 28
80 71 34
80 72 33
80 73 30
80 74 32
80 75 34
80 76 29
80 77 30
80 78 38
80 79 35
80 80 31
80 81 34
80 82 36
80 83 31
80 84 34
80 85 30
80 86 29
80 87 32
80 88 32
80 89 34
80 90 30
80 91 37
80 92 37
80 93 33
80 94 37
80 95 29
80 96 35
80 97 34
80 98 32
80 99 30
80 100 35
80 101 1264
81 1 2
81 2 2
81 3 2
81 4 2
81 5 2
81 6 41
81 7 40
81 8 38
81 9 42
81 10 40
81 11 42
81 12 44
81 13 44
81 14 44
81 15 47
81 16 38
81 17 48
81 18 44
81 19 42
81 20 42
81 21 46
81 22 46
81 23 44
81 24 44
81 25 48
81 26 50
81 27 48
81 28 44
81 29 48
81 30 46
81 31 38
81 32 42
81 33 52
81 34 50
81 35 48
81 36 48
81 37 48
81 38 44
81 39 48
81 40 44
81 41 44
81 42 44
81 43 52
81 44 44
81 45 54
81 46 44
81 47 50
81 48 51
81 49 52
81 50 50
81 51 52
81 52 50
81 53 48
81 54 46
81 55 50
81 56 48
81 57 50
81 58 51
81 59 52
81 60 54
81 61 46
81 62 51
81 63 53
81 64 51
81 65 45
81 66 52
81 67 48
81 68 54
81 69 53
81 70 46
81 71 54
81 72 48
81 73 48
81 74 50
81 75 51
81 76 41
81 77 49
81 78 54
81 79 52
81 80 48
81 81 56
81 82 54
81 83 50
81 84 48
81 85 49
81 86 50
81 87 52
81 88 44
81 89 57
81 90 50
81 91 55
81 92 53
81 93 54
81 94 54
81 95 47
81 96 53
81 97 54
81 98 50
81 99 54
81 100 54
81 101 1567
82 1 2
82 2 2
82 3 2
82 4 2
82 5 2
82 6 35
82 7 36
82 8 33
82 9 34
82 10 38
82 11 38
82 12 40
82 13 44
82 14 42
82 15 38
82 16 36
82 17 42
82 18 34
82 19 40
82 20 38
82 21 42
82 22 44
82 23 40
82 24 38
82 25 44
82 26 44
82 27 44
82 28 44
82 29 44
82 30 42
82 31 38
82 32 36
82 33 44
82 34 46
82 35 44
82 36 38
82 37 44
82 38 46
82 39 46
82 40 44
82 41 43
82 42 37
82 43 44
82 44 38
82 45 41
82 46 40
82 47 46
82 48 43
82 49 46
82 50 44
82 51 38
82 52 38
82 53 42
82 54 40
82 55 48
82 56 47
82 57 46
82 58 48
82 59 46
82 60 46
82 61 41
82 62 46
82 63 46
82 64 48
82 65 43
82 66 46
82 67 45
82 68 48
82 69 48
82 70 42
82 71 48
82 72 40
82 73 48
82 74 47
82 75 48
82 76 45
82 77 48
82 78 49
82 79 49
82 80 42
82 81 47
82 82 52
82 83 46
82 84 44
82 85 48
82 86 40
82 87 41
82 88 42
82 89 50
82 90 42
82 91 53
82 92 51
82 93 48
82 94 51
82 95 41
82 96 40
82 97 47
82 98 43
82 99 42
82 100 49
82 101 1466
83 1 2
83 2 2
83 3 2
83 4 2
83 5 2
83 6 42
83 7 45
83 8 36
83 9 44
83 10 42
83 11 43
83 12 44
83 13 50
83 14 46
83 15 44
83 16 42
83 17 46
83 18 44
83 19 44
83 20 46
83 21 50
83 22 50
83 23 46
83 24 41
83 25 44
83 26 42
83 27 50
83 28 46
83 29 50
83 30 52
83 31 46
83 32 44
83 33 52
83 34 52
83 35 48
83 36 45
83 37 49
83 38 49
83 39 53
83 40 52
83 41 50
83 42 50
83 43 54
83 44 44
83 45 52
83 46 50
83 47 44
83 48 52
83 49 54
83 50 46
83 51 44
83 52 48
83 53 48
83 54 46
83 55 58
83 56 52
83 57 52
83 58 56
83 59 52
83 60 48
83 61 46
83 62 50
83 63 50
83 64 49
83 65 51
83 66 52
83 67 48
83 68 52
83 69 56
83 70 46
83 71 48
83 72 46
83 73 52
83 74 52
83 75 56
83 76 48
83 77 54
83 78 55
83 79 56
83 80 47
83 81 56
83 82 57
83 83 55
83 84 54
83 85 48
83 86 46
83 87 50
83 88 46
83 89 52
83 90 49
83 91 60
83 92 52
83 93 52
83 94 55
83 95 49
83 96 49
83 97 56
83 98 53
83 99 51
83 100 56
83 101 1520
84 1 2
84 2 2
84 3 2
84 4 2
84 5 2
84 6 34
84 7 34
84 8 34
84 9 34
84 10 32
84 11 36
84 12 35
84 13 36
84 14 38
84 15 34
84 16 32
84 17 37
84 18 36
84 19 32
84 20 38
84 21 40
84 22 41
84 23 36
84 24 36
84 25 34
84 26 32
84 27 36
84 28 38
84 29 40
84 30 38
84 31 36
84 32 38
84 33 40
84 34 40
84 35 32
84 36 34
84 37 38
84 38 42
84 39 44
84 40 40
84 41 41
84 42 42
84 43 42
84 44 38
84 45 40
84 46 39
84 47 36
84 48 42
84 49 40
84 50 38
84 51 35
84 52 40
84 53 38
84 54 40
84 55 46
84 56 46
84 57 40
84 58 44
84 59 41
84 60 40
84 61 33
84 62 46
84 63 46
84 64 46
84 65 41
84 66 44
84 67 34
84 68 42
84 69 44
84 70 34
84 71 38
84 72 36
84 73 39
84 74 36
84 75 42
84 76 38
84 77 46
84 78 44
84 79 39
84 80 40
84 81 43
84 82 44
84 83 46
84 84 48
84 85 40
84 86 44
84 87 44
84 88 44
84 89 42
84 90 40
84 91 46
84 92 42
84 93 40
84 94 46
84 95 40
84 96 42
84 97 44
84 98 44
84 99 42
84 100 43
84 101 1376
85 1 2
85 2 2
85 3 2
85 4 2
85 5 2
85 6 31
85 7 36
85 8 32
85 9 34
85 10 34
85 11 38
85 12 36
85 13 38
85 14 36
85 15 34
85 16 36
85 17 38
85 18 32
85 19 38
85 20 36
85 21 36
85 22 38
85 23 36
85 24 30
85 25 38
85 26 36
85 27 40
85 28 42
85 29 44
85 30 38
85 31 42
85 32 36
85 33 42
85 34 42
85 35 30
85 36 34
85 37 40
85 38 36
85 39 34
85 40 34
85 41 37
85 42 36
85 43 44
85 44 37
85 45 40
85 46 43
85 47 42
85 48 42
85 49 46
85 50 46
85 51 40
85 52 38
85 53 40
85 54 40
85 55 46
85 56 40
85 57 42
85 58 42
85 59 40
85 60 34
85 61 42
85 62 43
85 63 46
85 64 47
85 65 43
85 66 45
85 67 37
85 68 44
85 69 41
85 70 38
85 71 43
85 72 36
85 73 46
85 74 42
85 75 45
85 76 42
85 77 42
85 78 38
85 79 35
85 80 38
85 81 41
85 82 48
85 83 47
85 84 47
85 85 44
85 86 41
85 87 42
85 88 41
85 89 43
85 90 36
85 91 49
85 92 43
85 93 43
85 94 48
85 95 47
85 96 40
85 97 48
85 98 39
85 99 41
85 100 40
85 101 1402
86 1 2
86 2 2
86 3 2
86 4 2
86 5 2
86 6 36
86 7 37
86 8 38
86 9 40
86 10 33
86 11 36
86 12 36
86 13 38
86 14 36
86 15 40
86 16 36
86 17 40
86 18 40
86 19 39
86 20 38
86 21 44
86 22 44
86 23 36
86 24 38
86 25 40
86 26 40
86 27 38
86 28 39
86 29 40
86 30 38
86 31 44
86 32 36
86 33 46
86 34 40
86 35 34
86 36 40
86 37 42
86 38 42
86 39 46
86 40 40
86 41 44
86 42 42
86 43 46
86 44 34
86 45 40
86 46 39
86 47 43
86 48 40
86 49 46
86 50 48
86 51 46
86 52 46
86 53 41
86 54 46
86 55 46
86 56 40
86 57 45
86 58 46
86 59 44
86 60 44
86 61 42
86 62 46
86 63 44
86 64 46
86 65 42
86 66 44
86 67 39
86 68 44
86 69 46
86 70 38
86 71 46
86 72 43
86 73 48
86 74 42
86 75 52
86 76 46
86 77 49
86 78 48
86 79 40
86 80 39
86 81 47
86 82 47
86 83 46
86 84 48
86 85 46
86 86 47
86 87 46
86 88 41
86 89 47
86 90 43
86 91 46
86 92 43
86 93 46
86 94 45
86 95 42
86 96 44
86 97 46
86 98 48
86 99 51
86 100 48
86 101 1474
87 1 2
87 2 2
87 3 2
87 4 2
87 5 2
87 6 35
87 7 36
87 8 34
87 9 36
87 10 34
87 11 36
87 12 36
87 13 36
87 14 36
87 15 36
87 16 35
87 17 39
87 18 38
87 19 38
87 20 37
87 21 42
87 22 40
87 23 36
87 24 36
87 25 40
87 26 40
87 27 42
87 28 38
87 29 42
87 30 34
87 31 36
87 32 36
87 33 42
87 34 38
87 35 38
87 36 36
87 37 38
87 38 40
87 39 44
87 40 38
87 41 42
87 42 44
87 43 46
87 44 38
87 45 43
87 46 40
87 47 40
87 48 42
87 49 44
87 50 44
87 51 46
87 52 42
87 53 42
87 54 42
87 55 45
87 56 40
87 57 42
87 58 40
87 59 38
87 60 40
87 61 42
87 62 44
87 63 46
87 64 45
87 65 42
87 66 46
87 67 38
87 68 44
87 69 47
87 70 37
87 71 44
87 72 42
87 73 46
87 74 41
87 75 48
87 76 46
87 77 48
87 78 47
87 79 41
87 80 38
87 81 46
87 82 44
87 83 45
87 84 46
87 85 43
87 86 44
87 87 46
87 88 38
87 89 44
87 90 42
87 91 44
87 92 42
87 93 44
87 94 46
87 95 47
87 96 46
87 97 50
87 98 46
87 99 48
87 100 44
87 101 1512
88 1 2
88 2 2
88 3 2
88 4 2
88 5 2
88 6 35
88 7 32
88 8 38
88 9 36
88 10 32
88 11 35
88 12 32
88 13 34
88 14 34
88 15 38
88 16 36
88 17 38
88 18 39
88 19 40
88 20 38
88 21 36
88 22 45
88 23 32
88 24 40
88 25 38
88 26 42
88 27 38
88 28 40
88 29 42
88 30 40
88 31 42
88 32 40
88 33 44
88 34 40
88 35 36
88 36 38
88 37 38
88 38 44
88 39 44
88 40 44
88 41 38
88 42 44
88 43 44
88 44 38
88 45 40
88 46 42
88 47 42
88 48 41
88 49 40
88 50 36
88 51 42
88 52 40
88 53 36
88 54 45
88 55 48
88 56 42
88 57 42
88 58 46
88 59 39
88 60 46
88 61 40
88 62 42
88 63 42
88 64 47
88 65 42
88 66 42
88 67 38
88 68 44
88 69 44
88 70 35
88 71 45
88 72 41
88 73 46
88 74 42
88 75 49
88 76 49
88 77 46
88 78 47
88 79 37
88 80 40
88 81 42
88 82 48
88 83 45
88 84 46
88 85 46
88 86 46
88 87 47
88 88 47
88 89 47
88 90 42
88 91 47
88 92 48
88 93 40
88 94 50
88 95 42
88 96 41
88 97 41
88 98 38
88 99 34
88 100 43
88 101 1386
89 1 2
89 2 2
89 3 2
89 4 2
89 5 2
89 6 40
89 7 36
89 8 38
89 9 40
89 10 34
89 11 40
89 12 40
89 13 40
89 14 41
89 15 44
89 16 40
89 17 44
89 18 38
89 19 42
89 20 40
89 21 40
89 22 42
89 23 40
89 24 44
89 25 46
89 26 48
89 27 50
89 28 44
89 29 46
89 30 44
89 31 42
89 32 40
89 33 48
89 34 50
89 35 48
89 36 44
89 37 46
89 38 44
89 39 46
89 40 46
89 41 42
89 42 46
89 43 46
89 44 40
89 45 50
89 46 48
89 47 48
89 48 50
89 49 50
89 50 44
89 51 48
89 52 42
89 53 42
89 54 46
89 55 47
89 56 42
89 57 50
89 58 50
89 59 46
89 60 51
89 61 48
89 62 50
89 63 52
89 64 48
89 65 45
89 66 49
89 67 46
89 68 52
89 69 52
89 70 42
89 71 52
89 72 42
89 73 46
89 74 48
89 75 52
89 76 50
89 77 51
89 78 54
89 79 50
89 80 46
89 81 50
89 82 53
89 83 50
89 84 50
89 85 48
89 86 45
89 87 50
89 88 44
89 89 52
89 90 42
89 91 50
89 92 49
89 93 44
89 94 48
89 95 50
89 96 47
89 97 53
89 98 50
89 99 46
89 100 50
89 101 1534
90 1 2
90 2 2
90 3 2
90 4 2
90 5 2
90 6 30
90 7 26
90 8 26
90 9 26
90 10 22
90 11 27
90 12 30
90 13 31
90 14 32
90 15 33
90 16 28
90 17 29
90 18 32
90 19 30
90 20 28
90 21 33
90 22 30
90 23 33
90 24 32
90 25 33
90 26 36
90 27 36
90 28 32
90 29 29
90 30 32
90 31 32
90 32 30
90 33 34
90 34 40
90 35 40
90 36 34
90 37 36
90 38 38
90 39 36
90 40 30
90 41 30
90 42 34
90 43 32
90 44 28
90 45 38
90 46 36
90 47 36
90 48 40
90 49 42
90 50 34
90 51 38
90 52 36
90 53 26
90 54 32
90 55 36
90 56 32
90 57 38
90 58 36
90 59 34
90 60 38
90 61 34
90 62 36
90 63 40
90 64 37
90 65 36
90 66 37
90 67 36
90 68 38
90 69 42
90 70 35
90 71 40
90 72 37
90 73 40
90 74 39
90 75 40
90 76 40
90 77 38
90 78 38
90 79 36
90 80 34
90 81 39
90 82 37
90 83 40
90 84 40
90 85 36
90 86 38
90 87 40
90 88 34
90 89 44
90 90 39
90 91 44
90 92 39
90 93 38
90 94 40
90 95 36
90 96 30
90 97 38
90 98 34
90 99 35
90 100 38
90 101 1326
91 1 2
91 2 2
91 3 2
91 4 2
91 5 2
91 6 43
91 7 41
91 8 40
91 9 40
91 10 42
91 11 46
91 12 43
91 13 48
91 14 44
91 15 46
91 16 42
91 17 43
91 18 42
91 19 47
91 20 46
91 21 44
91 22 47
91 23 45
91 24 44
91 25 44
91 26 48
91 27 48
91 28 49
91 29 48
91 30 47
91 31 50
91 32 44
91 33 46
91 34 54
91 35 51
91 36 46
91 37 52
91 38 51
91 39 50
91 40 48
91 41 44
91 42 48
91 43 48
91 44 46
91 45 54
91 46 56
91 47 50
91 48 52
91 49 56
91 50 44
91 51 48
91 52 44
91 53 43
91 54 48
91 55 52
91 56 46
91 57 53
91 58 56
91 59 51
91 60 54
91 61 51
91 62 54
91 63 56
91 64 54
91 65 51
91 66 51
91 67 52
91 68 52
91 69 53
91 70 44
91 71 51
91 72 42
91 73 51
91 74 52
91 75 54
91 76 57
91 77 56
91 78 56
91 79 52
91 80 50
91 81 52
91 82 56
91 83 58
91 84 56
91 85 54
91 86 49
91 87 52
91 88 50
91 89 54
91 90 50
91 91 61
91 92 55
91 93 50
91 94 54
91 95 50
91 96 46
91 97 56
91 98 46
91 99 42
91 100 53
91 101 1552
92 1 2
92 2 2
92 3 2
92 4 2
92 5 2
92 6 34
92 7 32
92 8 30
92 9 28
92 10 34
92 11 30
92 12 31
92 13 38
92 14 34
92 15 36
92 16 38
92 17 32
92 18 34
92 19 34
92 20 34
92 21 32
92 22 39
92 23 32
92 24 36
92 25 30
92 26 36
92 27 39
92 28 36
92 29 36
92 30 40
92 31 38
92 32 34
92 33 34
92 34 40
92 35 42
92 36 36
92 37 38
92 38 40
92 39 42
92 40 42
92 41 30
92 42 36
92 43 34
92 44 34
92 45 38
92 46 42
92 47 34
92 48 44
92 49 42
92 50 34
92 51 34
92 52 36
92 53 36
92 54 38
92 55 44
92 56 46
92 57 41
92 58 46
92 59 42
92 60 42
92 61 38
92 62 44
92 63 42
92 64 42
92 65 38
92 66 42
92 67 40
92 68 42
92 69 46
92 70 34
92 71 40
92 72 37
92 73 38
92 74 36
92 75 40
92 76 40
92 77 36
92 78 43
92 79 42
92 80 41
92 81 42
92 82 46
92 83 40
92 84 42
92 85 41
92 86 36
92 87 39
92 88 42
92 89 42
92 90 40
92 91 49
92 92 46
92 93 40
92 94 46
92 95 40
92 96 40
92 97 43
92 98 38
92 99 36
92 100 45
92 101 1382
93 1 2
93 2 2
93 3 2
93 4 2
93 5 2
93 6 43
93 7 42
93 8 40
93 9 38
93 10 44
93 11 42
93 12 42
93 13 48
93 14 46
93 15 46
93 16 47
93 17 45
93 18 40
93 19 47
93 20 44
93 21 40
93 22 47
93 23 46
93 24 44
93 25 44
93 26 52
93 27 52
93 28 46
93 29 52
93 30 46
93 31 45
93 32 38
93 33 44
93 34 44
93 35 44
93 36 49
93 37 48
93 38 46
93 39 50
93 40 50
93 41 42
93 42 50
93 43 54
93 44 42
93 45 56
93 46 54
93 47 50
93 48 52
93 49 54
93 50 52
93 51 52
93 52 49
93 53 50
93 54 50
93 55 48
93 56 50
93 57 54
93 58 52
93 59 50
93 60 50
93 61 49
93 62 50
93 63 46
93 64 46
93 65 48
93 66 50
93 67 48
93 68 56
93 69 54
93 70 48
93 71 56
93 72 47
93 73 48
93 74 52
93 75 56
93 76 51
93 77 52
93 78 56
93 79 57
93 80 50
93 81 55
93 82 58
93 83 55
93 84 51
93 85 54
93 86 47
93 87 51
93 88 46
93 89 52
93 90 44
93 91 54
93 92 55
93 93 56
93 94 54
93 95 52
93 96 52
93 97 53
93 98 48
93 99 54
93 100 57
93 101 1556
94 1 2
94 2 2
94 3 2
94 4 2
94 5 2
94 6 36
94 7 38
94 8 34
94 9 32
94 10 40
94 11 40
94 12 36
94 13 44
94 14 38
94 15 36
94 16 40
94 17 38
94 18 34
94 19 42
94 20 39
94 21 39
94 22 42
94 23 38
94 24 38
94 25 40
94 26 44
94 27 42
94 28 44
94 29 46
94 30 44
94 31 44
94 32 36
94 33 41
94 34 48
94 35 44
94 36 38
94 37 45
94 38 44
94 39 44
94 40 42
94 41 36
94 42 44
94 43 44
94 44 38
94 45 44
94 46 48
94 47 44
94 48 44
94 49 44
94 50 44
94 51 42
94 52 40
94 53 44
94 54 40
94 55 48
94 56 48
94 57 46
94 58 40
94 59 44
94 60 44
94 61 40
94 62 46
94 63 50
94 64 46
94 65 46
94 66 48
94 67 42
94 68 48
94 69 50
94 70 42
94 71 46
94 72 42
94 73 51
94 74 50
94 75 49
94 76 48
94 77 48
94 78 44
94 79 46
94 80 40
94 81 44
94 82 51
94 83 50
94 84 48
94 85 46
94 86 46
94 87 44
94 88 44
94 89 46
94 90 42
94 91 54
94 92 50
94 93 48
94 94 52
94 95 47
94 96 40
94 97 47
94 98 34
94 99 40
94 100 43
94 101 1516
95 1 2
95 2 2
95 3 2
95 4 2
95 5 2
95 6 31
95 7 32
95 8 29
95 9 32
95 10 35
95 11 34
95 12 32
95 13 35
95 14 30
95 15 32
95 16 30
95 17 38
95 18 30
95 19 38
95 20 31
95 21 34
95 22 38
95 23 29
95 24 27
95 25 36
95 26 38
95 27 36
95 28 38
95 29 41
95 30 40
95 31 40
95 32 28
95 33 44
95 34 38
95 35 36
95 36 36
95 37 38
95 38 36
95 39 40
95 40 36
95 41 34
95 42 40
95 43 42
95 44 34
95 45 38
95 46 40
95 47 38
95 48 38
95 49 38
95 50 44
95 51 44
95 52 42
95 53 40
95 54 38
95 55 38
95 56 38
95 57 42
95 58 34
95 59 38
95 60 36
95 61 34
95 62 38
95 63 38
95 64 38
95 65 40
95 66 44
95 67 36
95 68 42
95 69 44
95 70 34
95 71 38
95 72 38
95 73 44
95 74 42
95 75 46
95 76 42
95 77 42
95 78 40
95 79 38
95 80 30
95 81 36
95 82 42
95 83 38
95 84 38
95 85 42
95 86 42
95 87 38
95 88 39
95 89 42
95 90 36
95 91 45
95 92 44
95 93 42
95 94 46
95 95 46
95 96 42
95 97 44
95 98 40
95 99 46
95 100 42
95 101 1420
96 1 2
96 2 2
96 3 2
96 4 2
96 5 2
96 6 34
96 7 34
96 8 25
96 9 30
96 10 33
96 11 31
96 12 26
96 13 33
96 14 35
96 15 30
96 16 30
96 17 35
96 18 32
96 19 30
96 20 36
96 21 33
96 22 38
96 23 33
96 24 32
96 25 34
96 26 37
96 27 37
96 28 35
96 29 36
96 30 40
96 31 34
96 32 30
96 33 39
96 34 36
96 35 34
96 36 33
96 37 31
96 38 28
96 39 38
96 40 34
96 41 33
96 42 38
96 43 42
96 44 34
96 45 40
96 46 38
96 47 34
96 48 42
96 49 40
96 50 36
96 51 38
96 52 40
96 53 36
96 54 38
96 55 36
96 56 42
96 57 34
96 58 36
96 59 38
96 60 40
96 61 34
96 62 46
96 63 40
96 64 38
96 65 34
96 66 42
96 67 30
96 68 40
96 69 40
96 70 36
96 71 36
96 72 42
96 73 38
96 74 44
96 75 40
96 76 38
96 77 38
96 78 38
96 79 36
96 80 38
96 81 40
96 82 40
96 83 42
96 84 39
96 85 38
96 86 40
96 87 38
96 88 41
96 89 40
96 90 35
96 91 44
96 92 40
96 93 40
96 94 46
96 95 42
96 96 45
96 97 45
96 98 44
96 99 40
96 100 40
96 101 1400
97 1 2
97 2 2
97 3 2
97 4 2
97 5 2
97 6 44
97 7 46
97 8 36
97 9 44
97 10 46
97 11 46
97 12 38
97 13 48
97 14 43
97 15 42
97 16 39
97 17 49
97 18 42
97 19 45
97 20 47
97 21 50
97 22 50
97 23 42
97 24 43
97 25 49
97 26 48
97 27 46
97 28 50
97 29 51
97 30 50
97 31 48
97 32 40
97 33 54
97 34 52
97 35 48
97 36 46
97 37 48
97 38 44
97 39 54
97 40 48
97 41 50
97 42 54
97 43 54
97 44 44
97 45 50
97 46 50
97 47 48
97 48 52
97 49 52
97 50 50
97 51 54
97 52 52
97 53 50
97 54 44
97 55 50
97 56 50
97 57 48
97 58 48
97 59 52
97 60 54
97 61 48
97 62 56
97 63 56
97 64 52
97 65 48
97 66 56
97 67 46
97 68 52
97 69 54
97 70 47
97 71 48
97 72 48
97 73 50
97 74 52
97 75 53
97 76 48
97 77 58
97 78 52
97 79 52
97 80 46
97 81 54
97 82 54
97 83 56
97 84 50
97 85 51
97 86 54
97 87 50
97 88 48
97 89 52
97 90 48
97 91 58
97 92 51
97 93 54
97 94 58
97 95 54
97 96 55
97 97 60
97 98 52
97 99 52
97 100 49
97 101 1590
98 1 2
98 2 2
98 3 2
98 4 2
98 5 2
98 6 41
98 7 42
98 8 32
98 9 43
98 10 42
98 11 42
98 12 38
98 13 44
98 14 40
98 15 42
98 16 36
98 17 46
98 18 41
98 19 41
98 20 44
98 21 48
98 22 46
98 23 38
98 24 40
98 25 46
98 26 45
98 27 43
98 28 46
98 29 46
98 30 47
98 31 44
98 32 35
98 33 46
98 34 48
98 35 46
98 36 42
98 37 45
98 38 44
98 39 50
98 40 44
98 41 48
98 42 50
98 43 50
98 44 44
98 45 46
98 46 46
98 47 44
98 48 48
98 49 48
98 50 46
98 51 50
98 52 48
98 53 48
98 54 40
98 55 50
98 56 46
98 57 44
98 58 46
98 59 48
98 60 50
98 61 46
98 62 54
98 63 52
98 64 46
98 65 42
98 66 52
98 67 46
98 68 48
98 69 50
98 70 44
98 71 45
98 72 48
98 73 50
98 74 52
98 75 54
98 76 48
98 77 54
98 78 52
98 79 48
98 80 42
98 81 52
98 82 51
98 83 50
98 84 46
98 85 44
98 86 46
98 87 46
98 88 41
98 89 49
98 90 48
98 91 54
98 92 48
98 93 50
98 94 54
98 95 50
98 96 52
98 97 52
98 98 52
98 99 51
98 100 50
98 101 1540
99 1 2
99 2 2
99 3 2
99 4 2
99 5 2
99 6 40
99 7 40
99 8 38
99 9 44
99 10 42
99 11 41
99 12 42
99 13 42
99 14 39
99 15 44
99 16 36
99 17 44
99 18 42
99 19 45
99 20 42
99 21 47
99 22 48
99 23 40
99 24 36
99 25 42
99 26 44
99 27 42
99 28 40
99 29 46
99 30 45
99 31 45
99 32 34
99 33 48
99 34 47
99 35 48
99 36 44
99 37 44
99 38 46
99 39 48
99 40 44
99 41 48
99 42 46
99 43 50
99 44 44
99 45 50
99 46 46
99 47 44
99 48 44
99 49 46
99 50 48
99 51 50
99 52 50
99 53 46
99 54 50
99 55 44
99 56 42
99 57 48
99 58 48
99 59 48
99 60 48
99 61 48
99 62 52
99 63 50
99 64 48
99 65 44
99 66 50
99 67 43
99 68 48
99 69 50
99 70 40
99 71 44
99 72 44
99 73 48
99 74 48
99 75 56
99 76 52
99 77 52
99 78 54
99 79 46
99 80 46
99 81 48
99 82 48
99 83 50
99 84 51
99 85 50
99 86 50
99 87 50
99 88 46
99 89 54
99 90 46
99 91 52
99 92 50
99 93 48
99 94 48
99 95 47
99 96 50
99 97 48
99 98 52
99 99 55
99 100 50
99 101 1572
100 1 2
100 2 2
100 3 2
100 4 2
100 5 2
100 6 18
100 7 16
100 8 16
100 9 19
100 10 20
100 11 22
100 12 21
100 13 25
100 14 22
100 15 24
100 16 22
100 17 25
100 18 20
100 19 22
100 20 20
100 21 22
100 22 27
100 23 22
100 24 24
100 25 24
100 26 26
100 27 24
100 28 23
100 29 27
100 30 24
100 31 23
100 32 18
100 33 24
100 34 28
100 35 24
100 36 22
100 37 28
100 38 26
100 39 30
100 40 30
100 41 25
100 42 22
100 43 30
100 44 21
100 45 30
100 46 28
100 47 30
100 48 28
100 49 30
100 50 28
100 51 27
100 52 24
100 53 24
100 54 22
100 55 30
100 56 30
100 57 28
100 58 32
100 59 30
100 60 30
100 61 28
100 62 28
100 63 28
100 64 28
100 65 20
100 66 28
100 67 28
100 68 32
100 69 30
100 70 22
100 71 32
100 72 26
100 73 26
100 74 28
100 75 32
100 76 28
100 77 28
100 78 32
100 79 32
100 80 26
100 81 32
100 82 36
100 83 32
100 84 24
100 85 32
100 86 28
100 87 28
100 88 26
100 89 34
100 90 26
100 91 34
100 92 32
100 93 32
100 94 34
100 95 29
100 96 30
100 97 27
100 98 26
100 99 30
100 100 34
100 101 1238
