1 1 2
1 2 4
1 3 4
1 4 4
1 5 4
1 6 4
1 7 4
1 8 4
1 9 4
1 10 4
1 11 5
1 12 5
1 13 5
1 14 5
1 15 5
1 16 5
1 17 5
1 18 5
1 19 5
1 20 5
1 21 5
1 22 5
1 23 5
1 24 5
1 25 5
1 26 5
1 27 5
1 28 5
1 29 5
1 30 5
1 31 5
1 32 5
1 33 5
1 34 5
1 35 5
1 36 5
1 37 5
1 38 5
1 39 5
1 40 5
1 41 5
1 42 5
1 43 5
1 44 5
1 45 5
1 46 5
1 47 5
1 48 5
1 49 5
1 50 5
1 51 5
1 52 5
1 53 5
1 54 5
1 55 5
1 56 5
1 57 5
1 58 5
1 59 5
1 60 5
1 61 5
1 62 5
1 63 5
1 64 5
1 65 5
1 66 5
1 67 5
1 68 5
1 69 5
1 70 5
1 71 5
1 72 5
1 73 5
1 74 5
1 75 5
1 76 5
1 77 5
1 78 5
1 79 5
1 80 5
1 81 5
1 82 5
1 83 5
1 84 5
1 85 5
1 86 5
1 87 5
1 88 5
1 89 5
1 90 5
1 91 5
1 92 5
1 93 5
1 94 5
1 95 5
1 96 5
1 97 5
1 98 5
1 99 5
1 100 5
1 101 528
2 1 2
2 2 6
2 3 7
2 4 7
2 5 8
2 6 9
2 7 9
2 8 9
2 9 9
2 10 9
2 11 9
2 12 9
2 13 9
2 14 9
2 15 9
2 16 10
2 17 10
2 18 10
2 19 10
2 20 10
2 21 10
2 22 10
2 23 10
2 24 10
2 25 10
2 26 10
2 27 10
2 28 10
2 29 10
2 30 10
2 31 10
2 32 10
2 33 10
2 34 10
2 35 10
2 36 10
2 37 10
2 38 10
2 39 10
2 40 10
2 41 11
2 42 11
2 43 11
2 44 11
2 45 11
2 46 12
2 47 12
2 48 12
2 49 12
2 50 12
2 51 12
2 52 12
2 53 12
2 54 12
2 55 12
2 56 12
2 57 12
2 58 12
2 59 12
2 60 12
2 61 12
2 62 12
2 63 12
2 64 12
2 65 12
2 66 12
2 67 12
2 68 12
2 69 12
2 70 12
2 71 12
2 72 12
2 73 12
2 74 12
2 75 12
2 76 12
2 77 12
2 78 12
2 79 12
2 80 12
2 81 12
2 82 12
2 83 12
2 84 12
2 85 12
2 86 12
2 87 12
2 88 12
2 89 12
2 90 12
2 91 12
2 92 12
2 93 12
2 94 12
2 95 12
2 96 12
2 97 12
2 98 12
2 99 12
2 100 12
2 101 506
3 1 2
3 2 2
3 3 15
3 4 15
3 5 15
3 6 17
3 7 17
3 8 17
3 9 17
3 10 16
3 11 17
3 12 19
3 13 17
3 14 18
3 15 19
3 16 18
3 17 18
3 18 19
3 19 15
3 20 18
3 21 20
3 22 19
3 23 19
3 24 20
3 25 19
3 26 19
3 27 20
3 28 18
3 29 18
3 30 20
3 31 20
3 32 20
3 33 20
3 34 20
3 35 20
3 36 18
3 37 19
3 38 19
3 39 21
3 40 20
3 41 20
3 42 22
3 43 20
3 44 20
3 45 22
3 46 20
3 47 20
3 48 22
3 49 20
3 50 20
3 51 22
3 52 20
3 53 18
3 54 22
3 55 20
3 56 20
3 57 22
3 58 21
3 59 22
3 60 22
3 61 22
3 62 22
3 63 22
3 64 20
3 65 20
3 66 22
3 67 22
3 68 22
3 69 22
3 70 18
3 71 22
3 72 22
3 73 20
3 74 20
3 75 22
3 76 22
3 77 22
3 78 22
3 79 22
3 80 22
3 81 22
3 82 20
3 83 20
3 84 22
3 85 22
3 86 22
3 87 20
3 88 22
3 89 22
3 90 23
3 91 21
3 92 21
3 93 23
3 94 22
3 95 22
3 96 23
3 97 22
3 98 22
3 99 23
3 100 22
3 101 884
4 1 2
4 2 2
4 3 2
4 4 17
4 5 17
4 6 18
4 7 18
4 8 19
4 9 19
4 10 17
4 11 19
4 12 20
4 13 20
4 14 19
4 15 19
4 16 20
4 17 19
4 18 18
4 19 19
4 20 20
4 21 21
4 22 23
4 23 22
4 24 22
4 25 22
4 26 22
4 27 20
4 28 22
4 29 20
4 30 22
4 31 22
4 32 22
4 33 23
4 34 23
4 35 21
4 36 22
4 37 21
4 38 22
4 39 23
4 40 23
4 41 22
4 42 22
4 43 24
4 44 26
4 45 22
4 46 25
4 47 24
4 48 24
4 49 24
4 50 24
4 51 24
4 52 22
4 53 20
4 54 20
4 55 22
4 56 26
4 57 24
4 58 25
4 59 24
4 60 26
4 61 22
4 62 26
4 63 26
4 64 26
4 65 26
4 66 20
4 67 24
4 68 24
4 69 24
4 70 20
4 71 24
4 72 26
4 73 24
4 74 26
4 75 24
4 76 28
4 77 26
4 78 26
4 79 24
4 80 24
4 81 24
4 82 26
4 83 26
4 84 26
4 85 26
4 86 24
4 87 22
4 88 25
4 89 26
4 90 24
4 91 26
4 92 26
4 93 24
4 94 24
4 95 26
4 96 28
4 97 26
4 98 26
4 99 26
4 100 28
4 101 987
5 1 2
5 2 2
5 3 2
5 4 2
5 5 22
5 6 22
5 7 23
5 8 20
5 9 23
5 10 23
5 11 23
5 12 24
5 13 27
5 14 26
5 15 23
5 16 23
5 17 26
5 18 26
5 19 26
5 20 24
5 21 28
5 22 27
5 23 25
5 24 24
5 25 27
5 26 29
5 27 30
5 28 26
5 29 28
5 30 27
5 31 29
5 32 24
5 33 30
5 34 29
5 35 31
5 36 26
5 37 27
5 38 28
5 39 28
5 40 29
5 41 30
5 42 26
5 43 26
5 44 26
5 45 27
5 46 30
5 47 28
5 48 30
5 49 32
5 50 30
5 51 29
5 52 27
5 53 26
5 54 28
5 55 32
5 56 28
5 57 30
5 58 30
5 59 32
5 60 30
5 61 26
5 62 30
5 63 30
5 64 26
5 65 28
5 66 30
5 67 30
5 68 32
5 69 34
5 70 26
5 71 30
5 72 30
5 73 32
5 74 30
5 75 33
5 76 32
5 77 34
5 78 32
5 79 32
5 80 26
5 81 32
5 82 34
5 83 30
5 84 29
5 85 30
5 86 29
5 87 30
5 88 26
5 89 34
5 90 28
5 91 34
5 92 31
5 93 30
5 94 32
5 95 34
5 96 34
5 97 34
5 98 34
5 99 30
5 100 30
5 101 1166
6 1 2
6 2 2
6 3 2
6 4 2
6 5 2
6 6 32
6 7 34
6 8 30
6 9 34
6 10 32
6 11 34
6 12 34
6 13 36
6 14 36
6 15 35
6 16 35
6 17 37
6 18 33
6 19 34
6 20 35
6 21 37
6 22 34
6 23 35
6 24 36
6 25 39
6 26 38
6 27 42
6 28 36
6 29 38
6 30 36
6 31 33
6 32 34
6 33 38
6 34 38
6 35 40
6 36 35
6 37 38
6 38 37
6 39 38
6 40 38
6 41 40
6 42 41
6 43 42
6 44 36
6 45 42
6 46 40
6 47 38
6 48 42
6 49 43
6 50 40
6 51 42
6 52 38
6 53 38
6 54 34
6 55 36
6 56 34
6 57 36
6 58 38
6 59 38
6 60 40
6 61 38
6 62 42
6 63 44
6 64 40
6 65 40
6 66 44
6 67 38
6 68 42
6 69 44
6 70 36
6 71 42
6 72 36
6 73 40
6 74 42
6 75 44
6 76 44
6 77 46
6 78 45
6 79 44
6 80 38
6 81 46
6 82 42
6 83 42
6 84 44
6 85 39
6 86 40
6 87 44
6 88 36
6 89 40
6 90 38
6 91 44
6 92 40
6 93 44
6 94 44
6 95 44
6 96 42
6 97 48
6 98 44
6 99 44
6 100 42
6 101 1290
7 1 2
7 2 2
7 3 2
7 4 2
7 5 2
7 6 2
7 7 43
7 8 41
7 9 44
7 10 44
7 11 44
7 12 42
7 13 44
7 14 44
7 15 42
7 16 42
7 17 44
7 18 46
7 19 44
7 20 45
7 21 48
7 22 49
7 23 45
7 24 42
7 25 46
7 26 46
7 27 44
7 28 44
7 29 46
7 30 48
7 31 48
7 32 44
7 33 51
7 34 48
7 35 52
7 36 44
7 37 48
7 38 44
7 39 48
7 40 46
7 41 48
7 42 46
7 43 50
7 44 48
7 45 50
7 46 52
7 47 46
7 48 48
7 49 52
7 50 48
7 51 50
7 52 50
7 53 50
7 54 48
7 55 46
7 56 50
7 57 50
7 58 50
7 59 52
7 60 52
7 61 49
7 62 56
7 63 56
7 64 54
7 65 52
7 66 54
7 67 48
7 68 50
7 69 52
7 70 46
7 71 48
7 72 44
7 73 54
7 74 54
7 75 51
7 76 52
7 77 56
7 78 52
7 79 50
7 80 46
7 81 54
7 82 52
7 83 53
7 84 54
7 85 54
7 86 55
7 87 54
7 88 52
7 89 54
7 90 50
7 91 58
7 92 50
7 93 51
7 94 50
7 95 54
7 96 52
7 97 54
7 98 54
7 99 55
7 100 54
7 101 1586
8 1 2
8 2 2
8 3 2
8 4 2
8 5 2
8 6 2
8 7 2
8 8 39
8 9 39
8 10 39
8 11 40
8 12 40
8 13 38
8 14 38
8 15 38
8 16 40
8 17 40
8 18 38
8 19 38
8 20 38
8 21 40
8 22 40
8 23 38
8 24 40
8 25 40
8 26 40
8 27 44
8 28 43
8 29 40
8 30 45
8 31 44
8 32 44
8 33 44
8 34 40
8 35 44
8 36 42
8 37 42
8 38 44
8 39 42
8 40 42
8 41 42
8 42 42
8 43 44
8 44 44
8 45 44
8 46 46
8 47 46
8 48 50
8 49 44
8 50 46
8 51 48
8 52 46
8 53 46
8 54 48
8 55 42
8 56 46
8 57 44
8 58 42
8 59 44
8 60 48
8 61 43
8 62 50
8 63 48
8 64 51
8 65 48
8 66 50
8 67 43
8 68 48
8 69 44
8 70 40
8 71 46
8 72 44
8 73 48
8 74 48
8 75 48
8 76 54
8 77 52
8 78 50
8 79 44
8 80 50
8 81 48
8 82 46
8 83 45
8 84 49
8 85 46
8 86 50
8 87 50
8 88 52
8 89 52
8 90 46
8 91 50
8 92 46
8 93 48
8 94 50
8 95 48
8 96 52
8 97 48
8 98 46
8 99 53
8 100 50
8 101 1698
9 1 2
9 2 2
9 3 2
9 4 2
9 5 2
9 6 2
9 7 2
9 8 2
9 9 58
9 10 58
9 11 59
9 12 58
9 13 59
9 14 59
9 15 56
9 16 57
9 17 61
9 18 62
9 19 57
9 20 59
9 21 58
9 22 58
9 23 60
9 24 60
9 25 62
9 26 60
9 27 64
9 28 62
9 29 60
9 30 63
9 31 60
9 32 62
9 33 66
9 34 60
9 35 62
9 36 60
9 37 62
9 38 66
9 39 62
9 40 64
9 41 64
9 42 64
9 43 68
9 44 62
9 45 64
9 46 66
9 47 60
9 48 70
9 49 68
9 50 66
9 51 70
9 52 67
9 53 68
9 54 70
9 55 60
9 56 64
9 57 68
9 58 66
9 59 64
9 60 64
9 61 66
9 62 66
9 63 66
9 64 68
9 65 65
9 66 72
9 67 63
9 68 70
9 69 74
9 70 64
9 71 65
9 72 64
9 73 68
9 74 70
9 75 73
9 76 74
9 77 73
9 78 72
9 79 66
9 80 68
9 81 71
9 82 66
9 83 66
9 84 68
9 85 69
9 86 72
9 87 72
9 88 66
9 89 67
9 90 68
9 91 71
9 92 71
9 93 68
9 94 70
9 95 68
9 96 70
9 97 72
9 98 69
9 99 74
9 100 72
9 101 1942
10 1 2
10 2 2
10 3 2
10 4 2
10 5 2
10 6 2
10 7 2
10 8 2
10 9 2
10 10 44
10 11 46
10 12 45
10 13 47
10 14 47
10 15 43
10 16 45
10 17 49
10 18 45
10 19 45
10 20 48
10 21 49
10 22 45
10 23 44
10 24 47
10 25 50
10 26 46
10 27 50
10 28 50
10 29 48
10 30 54
10 31 50
10 32 44
10 33 54
10 34 47
10 35 47
10 36 46
10 37 52
10 38 52
10 39 50
10 40 50
10 41 50
10 42 44
10 43 54
10 44 54
10 45 48
10 46 53
10 47 46
10 48 52
10 49 54
10 50 53
10 51 59
10 52 52
10 53 56
10 54 58
10 55 46
10 56 53
10 57 55
10 58 55
10 59 56
10 60 52
10 61 52
10 62 56
10 63 49
10 64 51
10 65 52
10 66 58
10 67 49
10 68 52
10 69 53
10 70 48
10 71 52
10 72 46
10 73 54
10 74 50
10 75 54
10 76 54
10 77 59
10 78 57
10 79 52
10 80 54
10 81 62
10 82 55
10 83 53
10 84 54
10 85 59
10 86 54
10 87 55
10 88 55
10 89 57
10 90 50
10 91 58
10 92 58
10 93 57
10 94 54
10 95 58
10 96 58
10 97 60
10 98 55
10 99 59
10 100 60
10 101 1940
11 1 2
11 2 2
11 3 2
11 4 2
11 5 2
11 6 2
11 7 2
11 8 2
11 9 2
11 10 2
11 11 73
11 12 72
11 13 74
11 14 73
11 15 71
11 16 73
11 17 73
11 18 75
11 19 73
11 20 74
11 21 75
11 22 73
11 23 71
11 24 77
11 25 81
11 26 77
11 27 75
11 28 80
11 29 77
11 30 80
11 31 78
11 32 74
11 33 84
11 34 80
11 35 78
11 36 73
11 37 83
11 38 78
11 39 80
11 40 74
11 41 79
11 42 79
11 43 81
11 44 78
11 45 78
11 46 76
11 47 76
11 48 82
11 49 79
11 50 82
11 51 82
11 52 80
11 53 76
11 54 82
11 55 74
11 56 76
11 57 81
11 58 88
11 59 85
11 60 84
11 61 80
11 62 88
11 63 82
11 64 87
11 65 82
11 66 86
11 67 82
11 68 85
11 69 90
11 70 84
11 71 82
11 72 78
11 73 84
11 74 80
11 75 80
11 76 80
11 77 88
11 78 81
11 79 74
11 80 75
11 81 80
11 82 80
11 83 76
11 84 80
11 85 84
11 86 86
11 87 78
11 88 84
11 89 86
11 90 84
11 91 91
11 92 86
11 93 89
11 94 88
11 95 82
11 96 85
11 97 86
11 98 77
11 99 88
11 100 88
11 101 2230
12 1 2
12 2 2
12 3 2
12 4 2
12 5 2
12 6 2
12 7 2
12 8 2
12 9 2
12 10 2
12 11 2
12 12 61
12 13 61
12 14 60
12 15 60
12 16 62
12 17 60
12 18 60
12 19 59
12 20 59
12 21 61
12 22 59
12 23 59
12 24 59
12 25 59
12 26 62
12 27 61
12 28 61
12 29 61
12 30 61
12 31 62
12 32 63
12 33 63
12 34 63
12 35 60
12 36 62
12 37 63
12 38 66
12 39 62
12 40 62
12 41 66
12 42 65
12 43 65
12 44 65
12 45 66
12 46 67
12 47 65
12 48 72
12 49 69
12 50 67
12 51 68
12 52 70
12 53 64
12 54 64
12 55 61
12 56 65
12 57 65
12 58 64
12 59 60
12 60 64
12 61 65
12 62 66
12 63 69
12 64 70
12 65 66
12 66 68
12 67 62
12 68 69
12 69 73
12 70 66
12 71 68
12 72 69
12 73 69
12 74 66
12 75 73
12 76 69
12 77 74
12 78 71
12 79 60
12 80 75
12 81 76
12 82 70
12 83 75
12 84 78
12 85 72
12 86 73
12 87 66
12 88 73
12 89 73
12 90 70
12 91 73
12 92 68
12 93 66
12 94 69
12 95 68
12 96 67
12 97 66
12 98 66
12 99 71
12 100 69
12 101 2229
13 1 2
13 2 2
13 3 2
13 4 2
13 5 2
13 6 2
13 7 2
13 8 2
13 9 2
13 10 2
13 11 2
13 12 2
13 13 87
13 14 85
13 15 84
13 16 86
13 17 88
13 18 88
13 19 86
13 20 85
13 21 87
13 22 85
13 23 87
13 24 82
13 25 89
13 26 91
13 27 89
13 28 87
13 29 86
13 30 87
13 31 89
13 32 85
13 33 91
13 34 89
13 35 93
13 36 88
13 37 93
13 38 87
13 39 87
13 40 89
13 41 91
13 42 92
13 43 95
13 44 91
13 45 93
13 46 90
13 47 89
13 48 95
13 49 95
13 50 93
13 51 94
13 52 99
13 53 90
13 54 87
13 55 89
13 56 90
13 57 93
13 58 89
13 59 95
13 60 91
13 61 87
13 62 92
13 63 86
13 64 90
13 65 88
13 66 93
13 67 93
13 68 92
13 69 99
13 70 86
13 71 94
13 72 89
13 73 94
13 74 89
13 75 97
13 76 94
13 77 100
13 78 93
13 79 87
13 80 95
13 81 99
13 82 93
13 83 101
13 84 101
13 85 98
13 86 95
13 87 90
13 88 94
13 89 101
13 90 95
13 91 102
13 92 95
13 93 97
13 94 92
13 95 96
13 96 91
13 97 97
13 98 98
13 99 98
13 100 98
13 101 2498
14 1 2
14 2 2
14 3 2
14 4 2
14 5 2
14 6 2
14 7 2
14 8 2
14 9 2
14 10 2
14 11 2
14 12 2
14 13 2
14 14 84
14 15 83
14 16 83
14 17 88
14 18 85
14 19 86
14 20 84
14 21 87
14 22 82
14 23 86
14 24 82
14 25 85
14 26 85
14 27 87
14 28 89
14 29 87
14 30 86
14 31 89
14 32 87
14 33 95
14 34 91
14 35 91
14 36 85
14 37 97
14 38 87
14 39 85
14 40 87
14 41 89
14 42 93
14 43 91
14 44 86
14 45 93
14 46 88
14 47 84
14 48 91
14 49 95
14 50 89
14 51 93
14 52 95
14 53 91
14 54 91
14 55 89
14 56 88
14 57 97
14 58 95
14 59 94
14 60 97
14 61 95
14 62 97
14 63 94
14 64 93
14 65 93
14 66 98
14 67 94
14 68 100
14 69 102
14 70 84
14 71 98
14 72 97
14 73 101
14 74 93
14 75 95
14 76 94
14 77 99
14 78 93
14 79 87
14 80 93
14 81 98
14 82 96
14 83 101
14 84 100
14 85 101
14 86 97
14 87 92
14 88 100
14 89 103
14 90 99
14 91 105
14 92 100
14 93 97
14 94 98
14 95 104
14 96 96
14 97 96
14 98 97
14 99 98
14 100 103
14 101 2633
15 1 2
15 2 2
15 3 2
15 4 2
15 5 2
15 6 2
15 7 2
15 8 2
15 9 2
15 10 2
15 11 2
15 12 2
15 13 2
15 14 2
15 15 78
15 16 79
15 17 82
15 18 83
15 19 80
15 20 80
15 21 81
15 22 78
15 23 80
15 24 80
15 25 81
15 26 83
15 27 83
15 28 82
15 29 81
15 30 78
15 31 78
15 32 83
15 33 85
15 34 85
15 35 83
15 36 80
15 37 85
15 38 85
15 39 81
15 40 81
15 41 87
15 42 82
15 43 91
15 44 81
15 45 81
15 46 81
15 47 82
15 48 83
15 49 83
15 50 85
15 51 91
15 52 87
15 53 87
15 54 83
15 55 79
15 56 83
15 57 91
15 58 93
15 59 88
15 60 91
15 61 93
15 62 90
15 63 85
15 64 80
15 65 85
15 66 91
15 67 85
15 68 91
15 69 95
15 70 78
15 71 85
15 72 87
15 73 95
15 74 86
15 75 92
15 76 87
15 77 101
15 78 93
15 79 85
15 80 92
15 81 101
15 82 87
15 83 91
15 84 89
15 85 96
15 86 88
15 87 81
15 88 82
15 89 89
15 90 87
15 91 84
15 92 87
15 93 87
15 94 87
15 95 85
15 96 89
15 97 83
15 98 86
15 99 95
15 100 97
15 101 2707
16 1 2
16 2 2
16 3 2
16 4 2
16 5 2
16 6 2
16 7 2
16 8 2
16 9 2
16 10 2
16 11 2
16 12 2
16 13 2
16 14 2
16 15 2
16 16 85
16 17 84
16 18 83
16 19 83
16 20 83
16 21 82
16 22 82
16 23 84
16 24 86
16 25 84
16 26 84
16 27 88
16 28 82
16 29 84
16 30 85
16 31 82
16 32 82
16 33 85
16 34 84
16 35 84
16 36 86
16 37 84
16 38 85
16 39 81
16 40 87
16 41 85
16 42 83
16 43 87
16 44 83
16 45 85
16 46 83
16 47 91
16 48 85
16 49 83
16 50 93
16 51 87
16 52 87
16 53 87
16 54 92
16 55 83
16 56 89
16 57 91
16 58 89
16 59 89
16 60 85
16 61 87
16 62 90
16 63 85
16 64 89
16 65 81
16 66 89
16 67 91
16 68 89
16 69 89
16 70 89
16 71 83
16 72 87
16 73 93
16 74 87
16 75 97
16 76 91
16 77 95
16 78 95
16 79 92
16 80 96
16 81 97
16 82 89
16 83 92
16 84 95
16 85 97
16 86 96
16 87 89
16 88 91
16 89 87
16 90 95
16 91 94
16 92 93
16 93 92
16 94 87
16 95 91
16 96 91
16 97 87
16 98 84
16 99 94
16 100 91
16 101 2759
17 1 2
17 2 2
17 3 2
17 4 2
17 5 2
17 6 2
17 7 2
17 8 2
17 9 2
17 10 2
17 11 2
17 12 2
17 13 2
17 14 2
17 15 2
17 16 2
17 17 118
17 18 117
17 19 116
17 20 116
17 21 117
17 22 115
17 23 117
17 24 117
17 25 117
17 26 120
17 27 121
17 28 118
17 29 115
17 30 122
17 31 116
17 32 115
17 33 122
17 34 119
17 35 121
17 36 122
17 37 124
17 38 116
17 39 121
17 40 115
17 41 117
17 42 117
17 43 114
17 44 117
17 45 115
17 46 117
17 47 116
17 48 115
17 49 115
17 50 119
17 51 119
17 52 115
17 53 117
17 54 119
17 55 117
17 56 119
17 57 123
17 58 125
17 59 123
17 60 123
17 61 123
17 62 131
17 63 121
17 64 125
17 65 123
17 66 131
17 67 123
17 68 130
17 69 130
17 70 121
17 71 127
17 72 124
17 73 135
17 74 121
17 75 133
17 76 127
17 77 129
17 78 127
17 79 124
17 80 129
17 81 133
17 82 127
17 83 125
17 84 125
17 85 135
17 86 131
17 87 121
17 88 123
17 89 128
17 90 128
17 91 131
17 92 127
17 93 125
17 94 124
17 95 123
17 96 125
17 97 121
17 98 117
17 99 131
17 100 130
17 101 2999
18 1 2
18 2 2
18 3 2
18 4 2
18 5 2
18 6 2
18 7 2
18 8 2
18 9 2
18 10 2
18 11 2
18 12 2
18 13 2
18 14 2
18 15 2
18 16 2
18 17 2
18 18 114
18 19 113
18 20 112
18 21 114
18 22 112
18 23 111
18 24 108
18 25 113
18 26 113
18 27 116
18 28 111
18 29 114
18 30 114
18 31 112
18 32 114
18 33 116
18 34 112
18 35 112
18 36 114
18 37 118
18 38 112
18 39 111
18 40 112
18 41 117
18 42 121
18 43 116
18 44 110
18 45 113
18 46 113
18 47 115
18 48 112
18 49 118
18 50 119
18 51 119
18 52 120
18 53 113
18 54 114
18 55 110
18 56 119
18 57 120
18 58 120
18 59 115
18 60 113
18 61 113
18 62 115
18 63 116
18 64 123
18 65 117
18 66 119
18 67 117
18 68 119
18 69 123
18 70 111
18 71 115
18 72 121
18 73 125
18 74 117
18 75 125
18 76 119
18 77 131
18 78 127
18 79 117
18 80 121
18 81 131
18 82 119
18 83 125
18 84 125
18 85 127
18 86 129
18 87 119
18 88 121
18 89 123
18 90 125
18 91 123
18 92 125
18 93 117
18 94 125
18 95 127
18 96 124
18 97 123
18 98 117
18 99 135
18 100 127
18 101 3091
19 1 2
19 2 2
19 3 2
19 4 2
19 5 2
19 6 2
19 7 2
19 8 2
19 9 2
19 10 2
19 11 2
19 12 2
19 13 2
19 14 2
19 15 2
19 16 2
19 17 2
19 18 2
19 19 131
19 20 130
19 21 131
19 22 130
19 23 130
19 24 126
19 25 130
19 26 132
19 27 133
19 28 131
19 29 129
19 30 131
19 31 130
19 32 130
19 33 132
19 34 132
19 35 132
19 36 130
19 37 130
19 38 134
19 39 128
19 40 132
19 41 136
19 42 136
19 43 136
19 44 132
19 45 130
19 46 128
19 47 132
19 48 134
19 49 135
19 50 138
19 51 136
19 52 138
19 53 131
19 54 133
19 55 128
19 56 136
19 57 133
19 58 138
19 59 134
19 60 135
19 61 129
19 62 136
19 63 135
19 64 134
19 65 139
19 66 141
19 67 133
19 68 141
19 69 143
19 70 129
19 71 136
19 72 139
19 73 145
19 74 132
19 75 145
19 76 137
19 77 143
19 78 141
19 79 133
19 80 135
19 81 149
19 82 141
19 83 141
19 84 141
19 85 147
19 86 145
19 87 139
19 88 141
19 89 137
19 90 143
19 91 143
19 92 145
19 93 137
19 94 139
19 95 143
19 96 141
19 97 145
19 98 139
19 99 145
19 100 141
19 101 3341
20 1 2
20 2 2
20 3 2
20 4 2
20 5 2
20 6 2
20 7 2
20 8 2
20 9 2
20 10 2
20 11 2
20 12 2
20 13 2
20 14 2
20 15 2
20 16 2
20 17 2
20 18 2
20 19 2
20 20 77
20 21 78
20 22 77
20 23 77
20 24 76
20 25 75
20 26 78
20 27 78
20 28 78
20 29 77
20 30 78
20 31 77
20 32 77
20 33 77
20 34 77
20 35 81
20 36 76
20 37 78
20 38 79
20 39 78
20 40 77
20 41 80
20 42 76
20 43 76
20 44 82
20 45 72
20 46 76
20 47 76
20 48 83
20 49 78
20 50 81
20 51 83
20 52 80
20 53 75
20 54 82
20 55 74
20 56 78
20 57 80
20 58 82
20 59 85
20 60 84
20 61 78
20 62 82
20 63 78
20 64 83
20 65 83
20 66 85
20 67 81
20 68 88
20 69 88
20 70 75
20 71 84
20 72 77
20 73 85
20 74 77
20 75 91
20 76 78
20 77 88
20 78 85
20 79 78
20 80 81
20 81 91
20 82 81
20 83 84
20 84 89
20 85 92
20 86 88
20 87 81
20 88 89
20 89 87
20 90 85
20 91 91
20 92 89
20 93 85
20 94 85
20 95 85
20 96 87
20 97 89
20 98 81
20 99 91
20 100 85
20 101 3283
21 1 2
21 2 2
21 3 2
21 4 2
21 5 2
21 6 2
21 7 2
21 8 2
21 9 2
21 10 2
21 11 2
21 12 2
21 13 2
21 14 2
21 15 2
21 16 2
21 17 2
21 18 2
21 19 2
21 20 2
21 21 146
21 22 144
21 23 144
21 24 141
21 25 145
21 26 145
21 27 146
21 28 144
21 29 142
21 30 144
21 31 143
21 32 145
21 33 149
21 34 145
21 35 145
21 36 143
21 37 147
21 38 142
21 39 146
21 40 142
21 41 148
21 42 150
21 43 148
21 44 146
21 45 149
21 46 144
21 47 142
21 48 147
21 49 150
21 50 148
21 51 154
21 52 146
21 53 142
21 54 150
21 55 142
21 56 146
21 57 150
21 58 155
21 59 153
21 60 152
21 61 148
21 62 148
21 63 151
21 64 150
21 65 148
21 66 151
21 67 155
21 68 152
21 69 154
21 70 148
21 71 149
21 72 150
21 73 157
21 74 146
21 75 157
21 76 146
21 77 163
21 78 153
21 79 145
21 80 157
21 81 166
21 82 155
21 83 159
21 84 156
21 85 160
21 86 155
21 87 156
21 88 155
21 89 154
21 90 161
21 91 157
21 92 157
21 93 153
21 94 159
21 95 158
21 96 157
21 97 160
21 98 149
21 99 167
21 100 159
21 101 3545
22 1 2
22 2 2
22 3 2
22 4 2
22 5 2
22 6 2
22 7 2
22 8 2
22 9 2
22 10 2
22 11 2
22 12 2
22 13 2
22 14 2
22 15 2
22 16 2
22 17 2
22 18 2
22 19 2
22 20 2
22 21 2
22 22 138
22 23 139
22 24 135
22 25 140
22 26 140
22 27 143
22 28 139
22 29 138
22 30 139
22 31 140
22 32 136
22 33 140
22 34 138
22 35 142
22 36 137
22 37 140
22 38 139
22 39 137
22 40 137
22 41 141
22 42 137
22 43 140
22 44 139
22 45 141
22 46 140
22 47 133
22 48 138
22 49 138
22 50 138
22 51 144
22 52 137
22 53 140
22 54 142
22 55 142
22 56 138
22 57 142
22 58 142
22 59 144
22 60 144
22 61 142
22 62 143
22 63 144
22 64 134
22 65 144
22 66 144
22 67 142
22 68 147
22 69 154
22 70 137
22 71 145
22 72 144
22 73 148
22 74 136
22 75 148
22 76 144
22 77 144
22 78 142
22 79 145
22 80 138
22 81 147
22 82 143
22 83 147
22 84 139
22 85 153
22 86 141
22 87 149
22 88 138
22 89 143
22 90 147
22 91 151
22 92 150
22 93 138
22 94 145
22 95 146
22 96 142
22 97 144
22 98 141
22 99 149
22 100 151
22 101 3614
23 1 2
23 2 2
23 3 2
23 4 2
23 5 2
23 6 2
23 7 2
23 8 2
23 9 2
23 10 2
23 11 2
23 12 2
23 13 2
23 14 2
23 15 2
23 16 2
23 17 2
23 18 2
23 19 2
23 20 2
23 21 2
23 22 2
23 23 160
23 24 156
23 25 160
23 26 162
23 27 164
23 28 159
23 29 157
23 30 163
23 31 160
23 32 158
23 33 160
23 34 160
23 35 159
23 36 158
23 37 164
23 38 160
23 39 162
23 40 161
23 41 165
23 42 159
23 43 159
23 44 163
23 45 160
23 46 165
23 47 158
23 48 163
23 49 158
23 50 158
23 51 166
23 52 154
23 53 160
23 54 166
23 55 157
23 56 156
23 57 166
23 58 168
23 59 168
23 60 168
23 61 160
23 62 168
23 63 162
23 64 158
23 65 162
23 66 172
23 67 168
23 68 168
23 69 174
23 70 162
23 71 164
23 72 164
23 73 167
23 74 160
23 75 176
23 76 161
23 77 174
23 78 173
23 79 166
23 80 166
23 81 181
23 82 166
23 83 168
23 84 165
23 85 181
23 86 169
23 87 166
23 88 168
23 89 171
23 90 163
23 91 173
23 92 170
23 93 160
23 94 170
23 95 166
23 96 165
23 97 175
23 98 164
23 99 169
23 100 170
23 101 3854
24 1 2
24 2 2
24 3 2
24 4 2
24 5 2
24 6 2
24 7 2
24 8 2
24 9 2
24 10 2
24 11 2
24 12 2
24 13 2
24 14 2
24 15 2
24 16 2
24 17 2
24 18 2
24 19 2
24 20 2
24 21 2
24 22 2
24 23 2
24 24 127
24 25 126
24 26 129
24 27 128
24 28 128
24 29 128
24 30 127
24 31 127
24 32 127
24 33 127
24 34 127
24 35 127
24 36 128
24 37 128
24 38 126
24 39 129
24 40 129
24 41 128
24 42 128
24 43 125
24 44 127
24 45 132
24 46 125
24 47 127
24 48 131
24 49 129
24 50 129
24 51 135
24 52 130
24 53 124
24 54 131
24 55 125
24 56 135
24 57 137
24 58 137
24 59 128
24 60 128
24 61 129
24 62 129
24 63 130
24 64 131
24 65 128
24 66 134
24 67 132
24 68 128
24 69 132
24 70 126
24 71 130
24 72 132
24 73 138
24 74 127
24 75 136
24 76 128
24 77 140
24 78 141
24 79 130
24 80 137
24 81 138
24 82 131
24 83 142
24 84 134
24 85 142
24 86 142
24 87 138
24 88 141
24 89 139
24 90 139
24 91 136
24 92 138
24 93 138
24 94 133
24 95 132
24 96 140
24 97 143
24 98 133
24 99 139
24 100 139
24 101 3858
25 1 2
25 2 2
25 3 2
25 4 2
25 5 2
25 6 2
25 7 2
25 8 2
25 9 2
25 10 2
25 11 2
25 12 2
25 13 2
25 14 2
25 15 2
25 16 2
25 17 2
25 18 2
25 19 2
25 20 2
25 21 2
25 22 2
25 23 2
25 24 2
25 25 103
25 26 102
25 27 99
25 28 99
25 29 97
25 30 98
25 31 97
25 32 97
25 33 99
25 34 101
25 35 100
25 36 97
25 37 98
25 38 97
25 39 100
25 40 100
25 41 100
25 42 98
25 43 98
25 44 99
25 45 101
25 46 99
25 47 96
25 48 103
25 49 101
25 50 103
25 51 105
25 52 93
25 53 97
25 54 99
25 55 96
25 56 100
25 57 106
25 58 103
25 59 100
25 60 104
25 61 94
25 62 101
25 63 101
25 64 98
25 65 104
25 66 108
25 67 102
25 68 105
25 69 104
25 70 98
25 71 100
25 72 102
25 73 108
25 74 96
25 75 104
25 76 102
25 77 106
25 78 108
25 79 106
25 80 102
25 81 106
25 82 108
25 83 104
25 84 102
25 85 112
25 86 104
25 87 110
25 88 104
25 89 108
25 90 108
25 91 104
25 92 105
25 93 102
25 94 102
25 95 104
25 96 108
25 97 113
25 98 106
25 99 108
25 100 114
25 101 3840
26 1 2
26 2 2
26 3 2
26 4 2
26 5 2
26 6 2
26 7 2
26 8 2
26 9 2
26 10 2
26 11 2
26 12 2
26 13 2
26 14 2
26 15 2
26 16 2
26 17 2
26 18 2
26 19 2
26 20 2
26 21 2
26 22 2
26 23 2
26 24 2
26 25 2
26 26 168
26 27 165
26 28 166
26 29 165
26 30 169
26 31 164
26 32 160
26 33 168
26 34 166
26 35 167
26 36 163
26 37 165
26 38 167
26 39 170
26 40 168
26 41 174
26 42 168
26 43 164
26 44 172
26 45 170
26 46 162
26 47 165
26 48 177
26 49 172
26 50 169
26 51 173
26 52 161
26 53 164
26 54 171
26 55 163
26 56 167
26 57 173
26 58 177
26 59 172
26 60 167
26 61 167
26 62 166
26 63 169
26 64 167
26 65 172
26 66 173
26 67 168
26 68 168
26 69 174
26 70 167
26 71 169
26 72 167
26 73 172
26 74 169
26 75 176
26 76 161
26 77 174
26 78 175
26 79 167
26 80 172
26 81 186
26 82 168
26 83 176
26 84 168
26 85 178
26 86 178
26 87 168
26 88 180
26 89 176
26 90 172
26 91 180
26 92 168
26 93 176
26 94 174
26 95 174
26 96 174
26 97 186
26 98 175
26 99 178
26 100 178
26 101 3983
27 1 2
27 2 2
27 3 2
27 4 2
27 5 2
27 6 2
27 7 2
27 8 2
27 9 2
27 10 2
27 11 2
27 12 2
27 13 2
27 14 2
27 15 2
27 16 2
27 17 2
27 18 2
27 19 2
27 20 2
27 21 2
27 22 2
27 23 2
27 24 2
27 25 2
27 26 184
27 27 182
27 28 181
27 29 180
27 30 180
27 31 179
27 32 175
27 33 183
27 34 182
27 35 182
27 36 178
27 37 179
27 38 181
27 39 181
27 40 183
27 41 187
27 42 177
27 43 179
27 44 186
27 45 184
27 46 180
27 47 178
27 48 186
27 49 180
27 50 180
27 51 186
27 52 172
27 53 181
27 54 187
27 55 178
27 56 178
27 57 184
27 58 186
27 59 182
27 60 188
27 61 183
27 62 184
27 63 185
27 64 175
27 65 183
27 66 187
27 67 179
27 68 189
27 69 191
27 70 181
27 71 187
27 72 183
27 73 191
27 74 181
27 75 193
27 76 187
27 77 193
27 78 199
27 79 189
27 80 185
27 81 193
27 82 185
27 83 189
27 84 179
27 85 197
27 86 184
27 87 190
27 88 188
27 89 193
27 90 189
27 91 198
27 92 187
27 93 187
27 94 193
27 95 189
27 96 185
27 97 191
27 98 187
27 99 190
27 100 194
27 101 4067
28 1 2
28 2 2
28 3 2
28 4 2
28 5 2
28 6 2
28 7 2
28 8 2
28 9 2
28 10 2
28 11 2
28 12 2
28 13 2
28 14 2
28 15 2
28 16 2
28 17 2
28 18 2
28 19 2
28 20 2
28 21 2
28 22 2
28 23 2
28 24 2
28 25 2
28 26 139
28 27 136
28 28 142
28 29 139
28 30 136
28 31 138
28 32 136
28 33 135
28 34 139
28 35 139
28 36 134
28 37 139
28 38 138
28 39 134
28 40 138
28 41 141
28 42 134
28 43 135
28 44 137
28 45 138
28 46 141
28 47 137
28 48 139
28 49 135
28 50 137
28 51 137
28 52 133
28 53 132
28 54 139
28 55 137
28 56 136
28 57 137
28 58 141
28 59 140
28 60 142
28 61 138
28 62 142
28 63 142
28 64 137
28 65 140
28 66 142
28 67 138
28 68 148
28 69 150
28 70 144
28 71 142
28 72 144
28 73 150
28 74 140
28 75 152
28 76 144
28 77 148
28 78 151
28 79 143
28 80 148
28 81 150
28 82 145
28 83 150
28 84 139
28 85 149
28 86 145
28 87 141
28 88 149
28 89 147
28 90 144
28 91 155
28 92 148
28 93 152
28 94 150
28 95 141
28 96 139
28 97 145
28 98 131
28 99 141
28 100 148
28 101 3866
29 1 2
29 2 2
29 3 2
29 4 2
29 5 2
29 6 2
29 7 2
29 8 2
29 9 2
29 10 2
29 11 2
29 12 2
29 13 2
29 14 2
29 15 2
29 16 2
29 17 2
29 18 2
29 19 2
29 20 2
29 21 2
29 22 2
29 23 2
29 24 2
29 25 2
29 26 182
29 27 181
29 28 180
29 29 178
29 30 179
29 31 177
29 32 173
29 33 181
29 34 182
29 35 180
29 36 177
29 37 178
29 38 177
29 39 180
29 40 181
29 41 183
29 42 179
29 43 178
29 44 178
29 45 182
29 46 178
29 47 178
29 48 176
29 49 182
29 50 178
29 51 176
29 52 172
29 53 180
29 54 182
29 55 177
29 56 180
29 57 178
29 58 183
29 59 180
29 60 180
29 61 181
29 62 183
29 63 179
29 64 177
29 65 182
29 66 183
29 67 181
29 68 185
29 69 190
29 70 181
29 71 183
29 72 181
29 73 189
29 74 179
29 75 189
29 76 181
29 77 191
29 78 195
29 79 185
29 80 191
29 81 195
29 82 185
29 83 193
29 84 185
29 85 195
29 86 193
29 87 185
29 88 187
29 89 195
29 90 195
29 91 191
29 92 189
29 93 187
29 94 185
29 95 188
29 96 187
29 97 193
29 98 182
29 99 194
29 100 193
29 101 4135
30 1 2
30 2 2
30 3 2
30 4 2
30 5 2
30 6 2
30 7 2
30 8 2
30 9 2
30 10 2
30 11 2
30 12 2
30 13 2
30 14 2
30 15 2
30 16 2
30 17 2
30 18 2
30 19 2
30 20 2
30 21 2
30 22 2
30 23 2
30 24 2
30 25 2
30 26 130
30 27 127
30 28 125
30 29 128
30 30 131
30 31 126
30 32 120
30 33 129
30 34 127
30 35 129
30 36 127
30 37 127
30 38 126
30 39 129
30 40 130
30 41 134
30 42 124
30 43 126
30 44 129
30 45 125
30 46 124
30 47 123
30 48 133
30 49 128
30 50 131
30 51 133
30 52 123
30 53 129
30 54 128
30 55 123
30 56 125
30 57 135
30 58 140
30 59 135
30 60 129
30 61 127
30 62 125
30 63 126
30 64 126
30 65 135
30 66 132
30 67 128
30 68 135
30 69 135
30 70 123
30 71 132
30 72 130
30 73 132
30 74 126
30 75 134
30 76 124
30 77 130
30 78 136
30 79 138
30 80 128
30 81 139
30 82 132
30 83 126
30 84 124
30 85 137
30 86 130
30 87 124
30 88 128
30 89 134
30 90 130
30 91 134
30 92 132
30 93 132
30 94 126
30 95 130
30 96 129
30 97 134
30 98 134
30 99 138
30 100 139
30 101 3860
31 1 2
31 2 2
31 3 2
31 4 2
31 5 2
31 6 2
31 7 2
31 8 2
31 9 2
31 10 2
31 11 2
31 12 2
31 13 2
31 14 2
31 15 2
31 16 2
31 17 2
31 18 2
31 19 2
31 20 2
31 21 2
31 22 2
31 23 2
31 24 2
31 25 2
31 26 180
31 27 178
31 28 181
31 29 178
31 30 180
31 31 178
31 32 172
31 33 179
31 34 178
31 35 176
31 36 174
31 37 178
31 38 178
31 39 181
31 40 181
31 41 181
31 42 177
31 43 177
31 44 177
31 45 178
31 46 177
31 47 176
31 48 182
31 49 185
31 50 181
31 51 179
31 52 169
31 53 178
31 54 176
31 55 178
31 56 180
31 57 178
31 58 186
31 59 182
31 60 174
31 61 178
31 62 177
31 63 178
31 64 180
31 65 186
31 66 184
31 67 181
31 68 179
31 69 182
31 70 180
31 71 180
31 72 182
31 73 189
31 74 179
31 75 186
31 76 178
31 77 189
31 78 187
31 79 182
31 80 187
31 81 193
31 82 187
31 83 195
31 84 183
31 85 195
31 86 191
31 87 183
31 88 191
31 89 191
31 90 191
31 91 189
31 92 191
31 93 187
31 94 187
31 95 191
31 96 189
31 97 200
31 98 179
31 99 189
31 100 191
31 101 4076
32 1 2
32 2 2
32 3 2
32 4 2
32 5 2
32 6 2
32 7 2
32 8 2
32 9 2
32 10 2
32 11 2
32 12 2
32 13 2
32 14 2
32 15 2
32 16 2
32 17 2
32 18 2
32 19 2
32 20 2
32 21 2
32 22 2
32 23 2
32 24 2
32 25 2
32 26 136
32 27 135
32 28 136
32 29 136
32 30 139
32 31 135
32 32 132
32 33 133
32 34 132
32 35 134
32 36 134
32 37 137
32 38 131
32 39 133
32 40 135
32 41 135
32 42 131
32 43 131
32 44 131
32 45 130
32 46 134
32 47 130
32 48 138
32 49 134
32 50 140
32 51 137
32 52 133
32 53 134
32 54 132
32 55 131
32 56 133
32 57 137
32 58 141
32 59 141
32 60 135
32 61 133
32 62 131
32 63 135
32 64 135
32 65 139
32 66 137
32 67 133
32 68 143
32 69 137
32 70 131
32 71 138
32 72 143
32 73 140
32 74 136
32 75 147
32 76 136
32 77 143
32 78 142
32 79 142
32 80 137
32 81 140
32 82 138
32 83 140
32 84 128
32 85 143
32 86 137
32 87 134
32 88 140
32 89 135
32 90 135
32 91 144
32 92 142
32 93 146
32 94 142
32 95 138
32 96 134
32 97 138
32 98 135
32 99 144
32 100 144
32 101 3909
33 1 2
33 2 2
33 3 2
33 4 2
33 5 2
33 6 2
33 7 2
33 8 2
33 9 2
33 10 2
33 11 2
33 12 2
33 13 2
33 14 2
33 15 2
33 16 2
33 17 2
33 18 2
33 19 2
33 20 2
33 21 2
33 22 2
33 23 2
33 24 2
33 25 2
33 26 181
33 27 180
33 28 179
33 29 177
33 30 181
33 31 176
33 32 175
33 33 180
33 34 178
33 35 179
33 36 176
33 37 180
33 38 176
33 39 180
33 40 180
33 41 184
33 42 178
33 43 174
33 44 175
33 45 176
33 46 178
33 47 174
33 48 180
33 49 177
33 50 179
33 51 175
33 52 173
33 53 179
33 54 178
33 55 176
33 56 173
33 57 177
33 58 177
33 59 182
33 60 180
33 61 177
33 62 183
33 63 179
33 64 176
33 65 182
33 66 185
33 67 178
33 68 190
33 69 193
33 70 183
33 71 184
33 72 182
33 73 188
33 74 178
33 75 186
33 76 180
33 77 186
33 78 184
33 79 182
33 80 177
33 81 188
33 82 178
33 83 183
33 84 180
33 85 184
33 86 184
33 87 180
33 88 174
33 89 184
33 90 181
33 91 187
33 92 185
33 93 180
33 94 186
33 95 180
33 96 176
33 97 182
33 98 178
33 99 188
33 100 185
33 101 4070
34 1 2
34 2 2
34 3 2
34 4 2
34 5 2
34 6 2
34 7 2
34 8 2
34 9 2
34 10 2
34 11 2
34 12 2
34 13 2
34 14 2
34 15 2
34 16 2
34 17 2
34 18 2
34 19 2
34 20 2
34 21 2
34 22 2
34 23 2
34 24 2
34 25 2
34 26 165
34 27 164
34 28 165
34 29 164
34 30 164
34 31 160
34 32 157
34 33 163
34 34 164
34 35 163
34 36 162
34 37 168
34 38 164
34 39 166
34 40 165
34 41 171
34 42 160
34 43 159
34 44 163
34 45 165
34 46 166
34 47 163
34 48 165
34 49 166
34 50 166
34 51 166
34 52 156
34 53 162
34 54 166
34 55 160
34 56 162
34 57 164
34 58 174
34 59 166
34 60 164
34 61 168
34 62 166
34 63 166
34 64 160
34 65 166
34 66 164
34 67 164
34 68 169
34 69 169
34 70 168
34 71 165
34 72 168
34 73 170
34 74 164
34 75 169
34 76 164
34 77 175
34 78 182
34 79 167
34 80 175
34 81 181
34 82 169
34 83 175
34 84 168
34 85 181
34 86 175
34 87 163
34 88 176
34 89 175
34 90 174
34 91 171
34 92 171
34 93 169
34 94 169
34 95 171
34 96 170
34 97 179
34 98 163
34 99 173
34 100 173
34 101 3930
35 1 2
35 2 2
35 3 2
35 4 2
35 5 2
35 6 2
35 7 2
35 8 2
35 9 2
35 10 2
35 11 2
35 12 2
35 13 2
35 14 2
35 15 2
35 16 2
35 17 2
35 18 2
35 19 2
35 20 2
35 21 2
35 22 2
35 23 2
35 24 2
35 25 2
35 26 147
35 27 145
35 28 146
35 29 144
35 30 144
35 31 143
35 32 144
35 33 147
35 34 152
35 35 152
35 36 147
35 37 152
35 38 145
35 39 151
35 40 153
35 41 157
35 42 146
35 43 143
35 44 144
35 45 146
35 46 150
35 47 144
35 48 149
35 49 146
35 50 146
35 51 146
35 52 142
35 53 145
35 54 147
35 55 144
35 56 146
35 57 147
35 58 149
35 59 153
35 60 148
35 61 143
35 62 147
35 63 151
35 64 139
35 65 148
35 66 151
35 67 147
35 68 159
35 69 159
35 70 151
35 71 151
35 72 153
35 73 153
35 74 152
35 75 155
35 76 153
35 77 159
35 78 159
35 79 152
35 80 155
35 81 159
35 82 156
35 83 153
35 84 151
35 85 162
35 86 157
35 87 147
35 88 153
35 89 159
35 90 158
35 91 152
35 92 155
35 93 155
35 94 155
35 95 148
35 96 155
35 97 156
35 98 148
35 99 155
35 100 160
35 101 3905
36 1 2
36 2 2
36 3 2
36 4 2
36 5 2
36 6 2
36 7 2
36 8 2
36 9 2
36 10 2
36 11 2
36 12 2
36 13 2
36 14 2
36 15 2
36 16 2
36 17 2
36 18 2
36 19 2
36 20 2
36 21 2
36 22 2
36 23 2
36 24 2
36 25 2
36 26 133
36 27 133
36 28 132
36 29 132
36 30 135
36 31 130
36 32 128
36 33 130
36 34 131
36 35 133
36 36 130
36 37 131
36 38 128
36 39 133
36 40 135
36 41 137
36 42 132
36 43 130
36 44 130
36 45 132
36 46 132
36 47 134
36 48 136
36 49 135
36 50 136
36 51 133
36 52 129
36 53 129
36 54 131
36 55 127
36 56 135
36 57 135
36 58 143
36 59 139
36 60 129
36 61 131
36 62 131
36 63 135
36 64 135
36 65 136
36 66 135
36 67 133
36 68 134
36 69 135
36 70 132
36 71 130
36 72 136
36 73 131
36 74 128
36 75 132
36 76 126
36 77 132
36 78 136
36 79 134
36 80 135
36 81 140
36 82 129
36 83 132
36 84 136
36 85 136
36 86 144
36 87 128
36 88 136
36 89 136
36 90 138
36 91 134
36 92 138
36 93 134
36 94 134
36 95 136
36 96 138
36 97 144
36 98 136
36 99 146
36 100 142
36 101 3864
37 1 2
37 2 2
37 3 2
37 4 2
37 5 2
37 6 2
37 7 2
37 8 2
37 9 2
37 10 2
37 11 2
37 12 2
37 13 2
37 14 2
37 15 2
37 16 2
37 17 2
37 18 2
37 19 2
37 20 2
37 21 2
37 22 2
37 23 2
37 24 2
37 25 2
37 26 181
37 27 177
37 28 180
37 29 179
37 30 180
37 31 180
37 32 176
37 33 180
37 34 182
37 35 181
37 36 177
37 37 185
37 38 179
37 39 180
37 40 182
37 41 186
37 42 177
37 43 176
37 44 176
37 45 178
37 46 181
37 47 174
37 48 187
37 49 183
37 50 185
37 51 185
37 52 174
37 53 177
37 54 179
37 55 179
37 56 180
37 57 189
37 58 188
37 59 185
37 60 181
37 61 175
37 62 174
37 63 180
37 64 177
37 65 190
37 66 188
37 67 182
37 68 186
37 69 184
37 70 178
37 71 180
37 72 188
37 73 184
37 74 184
37 75 186
37 76 184
37 77 188
37 78 186
37 79 182
37 80 180
37 81 181
37 82 185
37 83 186
37 84 177
37 85 191
37 86 186
37 87 185
37 88 189
37 89 188
37 90 187
37 91 196
37 92 191
37 93 188
37 94 196
37 95 187
37 96 181
37 97 193
37 98 175
37 99 188
37 100 191
37 101 4096
38 1 2
38 2 2
38 3 2
38 4 2
38 5 2
38 6 2
38 7 2
38 8 2
38 9 2
38 10 2
38 11 2
38 12 2
38 13 2
38 14 2
38 15 2
38 16 2
38 17 2
38 18 2
38 19 2
38 20 2
38 21 2
38 22 2
38 23 2
38 24 2
38 25 2
38 26 161
38 27 160
38 28 165
38 29 161
38 30 162
38 31 162
38 32 159
38 33 165
38 34 168
38 35 165
38 36 160
38 37 172
38 38 168
38 39 166
38 40 167
38 41 174
38 42 161
38 43 163
38 44 167
38 45 167
38 46 170
38 47 159
38 48 174
38 49 167
38 50 173
38 51 174
38 52 159
38 53 164
38 54 168
38 55 166
38 56 166
38 57 174
38 58 174
38 59 168
38 60 164
38 61 164
38 62 162
38 63 166
38 64 170
38 65 172
38 66 173
38 67 168
38 68 171
38 69 171
38 70 162
38 71 163
38 72 174
38 73 174
38 74 165
38 75 176
38 76 170
38 77 169
38 78 179
38 79 169
38 80 169
38 81 173
38 82 171
38 83 167
38 84 169
38 85 177
38 86 171
38 87 172
38 88 171
38 89 166
38 90 173
38 91 179
38 92 171
38 93 165
38 94 175
38 95 177
38 96 167
38 97 175
38 98 171
38 99 177
38 100 179
38 101 3905
39 1 2
39 2 2
39 3 2
39 4 2
39 5 2
39 6 2
39 7 2
39 8 2
39 9 2
39 10 2
39 11 2
39 12 2
39 13 2
39 14 2
39 15 2
39 16 2
39 17 2
39 18 2
39 19 2
39 20 2
39 21 2
39 22 2
39 23 2
39 24 2
39 25 2
39 26 182
39 27 173
39 28 179
39 29 178
39 30 184
39 31 177
39 32 179
39 33 184
39 34 182
39 35 182
39 36 182
39 37 182
39 38 180
39 39 185
39 40 183
39 41 193
39 42 184
39 43 177
39 44 185
39 45 186
39 46 179
39 47 180
39 48 190
39 49 184
39 50 181
39 51 188
39 52 178
39 53 176
39 54 190
39 55 173
39 56 179
39 57 187
39 58 192
39 59 190
39 60 188
39 61 186
39 62 183
39 63 186
39 64 179
39 65 183
39 66 187
39 67 183
39 68 189
39 69 189
39 70 187
39 71 187
39 72 181
39 73 179
39 74 185
39 75 189
39 76 179
39 77 193
39 78 195
39 79 181
39 80 188
39 81 198
39 82 183
39 83 189
39 84 182
39 85 193
39 86 200
39 87 181
39 88 193
39 89 194
39 90 194
39 91 196
39 92 187
39 93 191
39 94 197
39 95 185
39 96 187
39 97 199
39 98 185
39 99 203
39 100 201
39 101 4065
40 1 2
40 2 2
40 3 2
40 4 2
40 5 2
40 6 2
40 7 2
40 8 2
40 9 2
40 10 2
40 11 2
40 12 2
40 13 2
40 14 2
40 15 2
40 16 2
40 17 2
40 18 2
40 19 2
40 20 2
40 21 2
40 22 2
40 23 2
40 24 2
40 25 2
40 26 98
40 27 95
40 28 100
40 29 97
40 30 97
40 31 93
40 32 94
40 33 94
40 34 94
40 35 95
40 36 93
40 37 95
40 38 95
40 39 97
40 40 101
40 41 105
40 42 93
40 43 96
40 44 100
40 45 96
40 46 96
40 47 94
40 48 104
40 49 94
40 50 94
40 51 97
40 52 92
40 53 91
40 54 98
40 55 92
40 56 93
40 57 95
40 58 103
40 59 103
40 60 103
40 61 99
40 62 99
40 63 103
40 64 91
40 65 95
40 66 99
40 67 93
40 68 105
40 69 99
40 70 98
40 71 96
40 72 96
40 73 98
40 74 98
40 75 107
40 76 100
40 77 108
40 78 112
40 79 102
40 80 103
40 81 107
40 82 106
40 83 100
40 84 95
40 85 110
40 86 104
40 87 99
40 88 110
40 89 106
40 90 107
40 91 114
40 92 110
40 93 110
40 94 112
40 95 104
40 96 104
40 97 112
40 98 96
40 99 106
40 100 110
40 101 3811
41 1 2
41 2 2
41 3 2
41 4 2
41 5 2
41 6 2
41 7 2
41 8 2
41 9 2
41 10 2
41 11 2
41 12 2
41 13 2
41 14 2
41 15 2
41 16 2
41 17 2
41 18 2
41 19 2
41 20 2
41 21 2
41 22 2
41 23 2
41 24 2
41 25 2
41 26 182
41 27 179
41 28 180
41 29 176
41 30 177
41 31 179
41 32 176
41 33 182
41 34 182
41 35 181
41 36 177
41 37 183
41 38 181
41 39 183
41 40 188
41 41 194
41 42 178
41 43 181
41 44 186
41 45 183
41 46 181
41 47 178
41 48 188
41 49 183
41 50 180
41 51 187
41 52 177
41 53 177
41 54 186
41 55 179
41 56 179
41 57 185
41 58 191
41 59 186
41 60 190
41 61 183
41 62 187
41 63 184
41 64 178
41 65 181
41 66 190
41 67 182
41 68 190
41 69 190
41 70 185
41 71 186
41 72 184
41 73 186
41 74 182
41 75 194
41 76 187
41 77 190
41 78 198
41 79 186
41 80 188
41 81 194
41 82 194
41 83 184
41 84 182
41 85 192
41 86 188
41 87 184
41 88 189
41 89 187
41 90 191
41 91 192
41 92 190
41 93 192
41 94 191
41 95 182
41 96 180
41 97 188
41 98 186
41 99 194
41 100 196
41 101 4090
42 1 2
42 2 2
42 3 2
42 4 2
42 5 2
42 6 2
42 7 2
42 8 2
42 9 2
42 10 2
42 11 2
42 12 2
42 13 2
42 14 2
42 15 2
42 16 2
42 17 2
42 18 2
42 19 2
42 20 2
42 21 2
42 22 2
42 23 2
42 24 2
42 25 2
42 26 159
42 27 158
42 28 163
42 29 159
42 30 161
42 31 160
42 32 159
42 33 167
42 34 161
42 35 163
42 36 163
42 37 163
42 38 166
42 39 166
42 40 170
42 41 174
42 42 167
42 43 161
42 44 171
42 45 169
42 46 165
42 47 164
42 48 177
42 49 169
42 50 169
42 51 173
42 52 159
42 53 165
42 54 171
42 55 160
42 56 164
42 57 168
42 58 172
42 59 171
42 60 162
42 61 164
42 62 158
42 63 172
42 64 163
42 65 172
42 66 172
42 67 160
42 68 164
42 69 162
42 70 162
42 71 162
42 72 166
42 73 161
42 74 168
42 75 166
42 76 157
42 77 172
42 78 167
42 79 164
42 80 165
42 81 180
42 82 164
42 83 169
42 84 164
42 85 171
42 86 178
42 87 164
42 88 175
42 89 172
42 90 175
42 91 177
42 92 173
42 93 171
42 94 180
42 95 176
42 96 176
42 97 185
42 98 174
42 99 183
42 100 183
42 101 3918
43 1 2
43 2 2
43 3 2
43 4 2
43 5 2
43 6 2
43 7 2
43 8 2
43 9 2
43 10 2
43 11 2
43 12 2
43 13 2
43 14 2
43 15 2
43 16 2
43 17 2
43 18 2
43 19 2
43 20 2
43 21 2
43 22 2
43 23 2
43 24 2
43 25 2
43 26 177
43 27 173
43 28 177
43 29 174
43 30 176
43 31 170
43 32 171
43 33 177
43 34 172
43 35 173
43 36 172
43 37 174
43 38 174
43 39 178
43 40 179
43 41 186
43 42 177
43 43 173
43 44 177
43 45 175
43 46 173
43 47 173
43 48 183
43 49 181
43 50 176
43 51 178
43 52 169
43 53 172
43 54 174
43 55 170
43 56 176
43 57 174
43 58 186
43 59 180
43 60 176
43 61 176
43 62 178
43 63 181
43 64 176
43 65 182
43 66 184
43 67 177
43 68 179
43 69 179
43 70 176
43 71 174
43 72 179
43 73 178
43 74 177
43 75 185
43 76 171
43 77 182
43 78 187
43 79 177
43 80 177
43 81 189
43 82 177
43 83 183
43 84 170
43 85 179
43 86 183
43 87 169
43 88 179
43 89 177
43 90 177
43 91 181
43 92 175
43 93 179
43 94 183
43 95 179
43 96 177
43 97 187
43 98 179
43 99 180
43 100 177
43 101 4096
44 1 2
44 2 2
44 3 2
44 4 2
44 5 2
44 6 2
44 7 2
44 8 2
44 9 2
44 10 2
44 11 2
44 12 2
44 13 2
44 14 2
44 15 2
44 16 2
44 17 2
44 18 2
44 19 2
44 20 2
44 21 2
44 22 2
44 23 2
44 24 2
44 25 2
44 26 131
44 27 129
44 28 128
44 29 134
44 30 133
44 31 131
44 32 127
44 33 133
44 34 126
44 35 126
44 36 132
44 37 131
44 38 131
44 39 130
44 40 133
44 41 135
44 42 129
44 43 131
44 44 138
44 45 134
44 46 130
44 47 132
44 48 139
44 49 132
44 50 134
44 51 138
44 52 128
44 53 134
44 54 142
44 55 128
44 56 130
44 57 134
44 58 140
44 59 138
44 60 139
44 61 139
44 62 131
44 63 138
44 64 129
44 65 135
44 66 131
44 67 123
44 68 133
44 69 127
44 70 131
44 71 133
44 72 135
44 73 129
44 74 127
44 75 131
44 76 129
44 77 141
44 78 139
44 79 133
44 80 131
44 81 143
44 82 132
44 83 133
44 84 133
44 85 141
44 86 139
44 87 135
44 88 145
44 89 136
44 90 143
44 91 139
44 92 143
44 93 141
44 94 142
44 95 143
44 96 135
44 97 146
44 98 135
44 99 152
44 100 151
44 101 3874
45 1 2
45 2 2
45 3 2
45 4 2
45 5 2
45 6 2
45 7 2
45 8 2
45 9 2
45 10 2
45 11 2
45 12 2
45 13 2
45 14 2
45 15 2
45 16 2
45 17 2
45 18 2
45 19 2
45 20 2
45 21 2
45 22 2
45 23 2
45 24 2
45 25 2
45 26 140
45 27 139
45 28 140
45 29 136
45 30 138
45 31 137
45 32 135
45 33 140
45 34 146
45 35 142
45 36 138
45 37 145
45 38 144
45 39 147
45 40 143
45 41 153
45 42 138
45 43 140
45 44 147
45 45 150
45 46 146
45 47 144
45 48 150
45 49 144
45 50 146
45 51 148
45 52 136
45 53 140
45 54 151
45 55 138
45 56 144
45 57 144
45 58 149
45 59 145
45 60 148
45 61 145
45 62 147
45 63 151
45 64 139
45 65 145
45 66 147
45 67 141
45 68 155
45 69 151
45 70 145
45 71 145
45 72 149
45 73 151
45 74 144
45 75 153
45 76 147
45 77 156
45 78 165
45 79 147
45 80 156
45 81 162
45 82 149
45 83 151
45 84 146
45 85 156
45 86 152
45 87 143
45 88 156
45 89 149
45 90 152
45 91 147
45 92 142
45 93 147
45 94 148
45 95 148
45 96 148
45 97 154
45 98 148
45 99 152
45 100 150
45 101 3921
46 1 2
46 2 2
46 3 2
46 4 2
46 5 2
46 6 2
46 7 2
46 8 2
46 9 2
46 10 2
46 11 2
46 12 2
46 13 2
46 14 2
46 15 2
46 16 2
46 17 2
46 18 2
46 19 2
46 20 2
46 21 2
46 22 2
46 23 2
46 24 2
46 25 2
46 26 161
46 27 158
46 28 162
46 29 163
46 30 161
46 31 159
46 32 156
46 33 160
46 34 162
46 35 158
46 36 157
46 37 167
46 38 161
46 39 161
46 40 162
46 41 168
46 42 155
46 43 158
46 44 164
46 45 162
46 46 164
46 47 157
46 48 161
46 49 163
46 50 165
46 51 165
46 52 153
46 53 159
46 54 167
46 55 157
46 56 161
46 57 165
46 58 173
46 59 165
46 60 167
46 61 169
46 62 165
46 63 167
46 64 159
46 65 169
46 66 165
46 67 163
46 68 174
46 69 171
46 70 162
46 71 164
46 72 164
46 73 170
46 74 159
46 75 165
46 76 161
46 77 167
46 78 175
46 79 172
46 80 164
46 81 177
46 82 167
46 83 168
46 84 164
46 85 176
46 86 170
46 87 162
46 88 169
46 89 172
46 90 164
46 91 172
46 92 166
46 93 156
46 94 162
46 95 164
46 96 162
46 97 176
46 98 158
46 99 169
46 100 176
46 101 3943
47 1 2
47 2 2
47 3 2
47 4 2
47 5 2
47 6 2
47 7 2
47 8 2
47 9 2
47 10 2
47 11 2
47 12 2
47 13 2
47 14 2
47 15 2
47 16 2
47 17 2
47 18 2
47 19 2
47 20 2
47 21 2
47 22 2
47 23 2
47 24 2
47 25 2
47 26 176
47 27 174
47 28 177
47 29 177
47 30 175
47 31 176
47 32 170
47 33 178
47 34 176
47 35 177
47 36 174
47 37 177
47 38 176
47 39 174
47 40 180
47 41 180
47 42 178
47 43 174
47 44 176
47 45 182
47 46 181
47 47 177
47 48 185
47 49 181
47 50 177
47 51 179
47 52 171
47 53 177
47 54 185
47 55 177
47 56 177
47 57 181
47 58 185
47 59 177
47 60 178
47 61 183
47 62 174
47 63 180
47 64 169
47 65 181
47 66 180
47 67 170
47 68 184
47 69 183
47 70 180
47 71 180
47 72 178
47 73 182
47 74 180
47 75 182
47 76 178
47 77 192
47 78 186
47 79 181
47 80 182
47 81 192
47 82 180
47 83 189
47 84 176
47 85 190
47 86 186
47 87 180
47 88 196
47 89 188
47 90 182
47 91 192
47 92 184
47 93 186
47 94 186
47 95 181
47 96 176
47 97 193
47 98 180
47 99 186
47 100 186
47 101 4098
48 1 2
48 2 2
48 3 2
48 4 2
48 5 2
48 6 2
48 7 2
48 8 2
48 9 2
48 10 2
48 11 2
48 12 2
48 13 2
48 14 2
48 15 2
48 16 2
48 17 2
48 18 2
48 19 2
48 20 2
48 21 2
48 22 2
48 23 2
48 24 2
48 25 2
48 26 135
48 27 136
48 28 133
48 29 133
48 30 135
48 31 130
48 32 129
48 33 131
48 34 135
48 35 135
48 36 131
48 37 132
48 38 126
48 39 132
48 40 133
48 41 137
48 42 133
48 43 131
48 44 134
48 45 136
48 46 133
48 47 134
48 48 145
48 49 137
48 50 138
48 51 143
48 52 128
48 53 134
48 54 140
48 55 128
48 56 139
48 57 139
48 58 148
48 59 138
48 60 138
48 61 136
48 62 138
48 63 146
48 64 136
48 65 140
48 66 146
48 67 134
48 68 144
48 69 142
48 70 136
48 71 138
48 72 147
48 73 144
48 74 133
48 75 148
48 76 133
48 77 142
48 78 148
48 79 142
48 80 142
48 81 149
48 82 135
48 83 144
48 84 133
48 85 145
48 86 142
48 87 134
48 88 149
48 89 142
48 90 143
48 91 147
48 92 139
48 93 140
48 94 146
48 95 150
48 96 139
48 97 151
48 98 142
48 99 148
48 100 150
48 101 3882
49 1 2
49 2 2
49 3 2
49 4 2
49 5 2
49 6 2
49 7 2
49 8 2
49 9 2
49 10 2
49 11 2
49 12 2
49 13 2
49 14 2
49 15 2
49 16 2
49 17 2
49 18 2
49 19 2
49 20 2
49 21 2
49 22 2
49 23 2
49 24 2
49 25 2
49 26 177
49 27 180
49 28 177
49 29 175
49 30 174
49 31 178
49 32 169
49 33 181
49 34 180
49 35 179
49 36 172
49 37 178
49 38 180
49 39 178
49 40 183
49 41 190
49 42 181
49 43 180
49 44 181
49 45 181
49 46 181
49 47 179
49 48 189
49 49 189
49 50 185
49 51 185
49 52 176
49 53 182
49 54 184
49 55 181
49 56 185
49 57 186
49 58 196
49 59 188
49 60 178
49 61 184
49 62 178
49 63 182
49 64 180
49 65 186
49 66 181
49 67 177
49 68 186
49 69 181
49 70 177
49 71 181
49 72 179
49 73 179
49 74 181
49 75 182
49 76 171
49 77 185
49 78 179
49 79 184
49 80 175
49 81 193
49 82 179
49 83 180
49 84 173
49 85 180
49 86 179
49 87 177
49 88 186
49 89 185
49 90 185
49 91 190
49 92 182
49 93 179
49 94 183
49 95 189
49 96 181
49 97 191
49 98 187
49 99 187
49 100 181
49 101 4096
50 1 2
50 2 2
50 3 2
50 4 2
50 5 2
50 6 2
50 7 2
50 8 2
50 9 2
50 10 2
50 11 2
50 12 2
50 13 2
50 14 2
50 15 2
50 16 2
50 17 2
50 18 2
50 19 2
50 20 2
50 21 2
50 22 2
50 23 2
50 24 2
50 25 2
50 26 78
50 27 78
50 28 79
50 29 76
50 30 80
50 31 75
50 32 77
50 33 77
50 34 78
50 35 80
50 36 74
50 37 82
50 38 77
50 39 79
50 40 81
50 41 87
50 42 79
50 43 75
50 44 81
50 45 82
50 46 79
50 47 78
50 48 87
50 49 83
50 50 83
50 51 86
50 52 74
50 53 76
50 54 86
50 55 76
50 56 80
50 57 90
50 58 93
50 59 87
50 60 83
50 61 83
50 62 84
50 63 86
50 64 79
50 65 88
50 66 89
50 67 83
50 68 90
50 69 93
50 70 81
50 71 84
50 72 90
50 73 90
50 74 79
50 75 93
50 76 83
50 77 95
50 78 99
50 79 87
50 80 87
50 81 97
50 82 91
50 83 91
50 84 81
50 85 97
50 86 93
50 87 87
50 88 95
50 89 91
50 90 91
50 91 99
50 92 91
50 93 89
50 94 91
50 95 91
50 96 87
50 97 102
50 98 85
50 99 97
50 100 97
50 101 3800
51 1 2
51 2 2
51 3 2
51 4 2
51 5 2
51 6 2
51 7 2
51 8 2
51 9 2
51 10 2
51 11 2
51 12 2
51 13 2
51 14 2
51 15 2
51 16 2
51 17 2
51 18 2
51 19 2
51 20 2
51 21 2
51 22 2
51 23 2
51 24 2
51 25 2
51 26 176
51 27 173
51 28 171
51 29 174
51 30 177
51 31 171
51 32 170
51 33 175
51 34 174
51 35 171
51 36 172
51 37 176
51 38 173
51 39 173
51 40 171
51 41 177
51 42 169
51 43 169
51 44 176
51 45 178
51 46 174
51 47 172
51 48 182
51 49 176
51 50 180
51 51 184
51 52 167
51 53 176
51 54 184
51 55 171
51 56 175
51 57 182
51 58 184
51 59 179
51 60 180
51 61 180
51 62 176
51 63 177
51 64 177
51 65 185
51 66 185
51 67 177
51 68 187
51 69 185
51 70 175
51 71 181
51 72 187
51 73 183
51 74 173
51 75 189
51 76 177
51 77 185
51 78 194
51 79 181
51 80 185
51 81 193
51 82 181
51 83 187
51 84 176
51 85 195
51 86 189
51 87 181
51 88 189
51 89 187
51 90 185
51 91 188
51 92 185
51 93 184
51 94 186
51 95 187
51 96 180
51 97 191
51 98 176
51 99 194
51 100 191
51 101 4039
52 1 2
52 2 2
52 3 2
52 4 2
52 5 2
52 6 2
52 7 2
52 8 2
52 9 2
52 10 2
52 11 2
52 12 2
52 13 2
52 14 2
52 15 2
52 16 2
52 17 2
52 18 2
52 19 2
52 20 2
52 21 2
52 22 2
52 23 2
52 24 2
52 25 2
52 26 133
52 27 128
52 28 136
52 29 135
52 30 132
52 31 137
52 32 135
52 33 138
52 34 136
52 35 137
52 36 139
52 37 141
52 38 147
52 39 139
52 40 141
52 41 149
52 42 141
52 43 134
52 44 144
52 45 144
52 46 142
52 47 142
52 48 154
52 49 147
52 50 147
52 51 152
52 52 140
52 53 139
52 54 153
52 55 139
52 56 143
52 57 147
52 58 150
52 59 151
52 60 143
52 61 147
52 62 135
52 63 143
52 64 141
52 65 149
52 66 143
52 67 137
52 68 148
52 69 143
52 70 139
52 71 143
52 72 141
52 73 135
52 74 139
52 75 144
52 76 137
52 77 147
52 78 140
52 79 143
52 80 133
52 81 152
52 82 141
52 83 142
52 84 142
52 85 151
52 86 150
52 87 144
52 88 154
52 89 150
52 90 152
52 91 158
52 92 151
52 93 148
52 94 156
52 95 154
52 96 146
52 97 156
52 98 142
52 99 158
52 100 156
52 101 3904
53 1 2
53 2 2
53 3 2
53 4 2
53 5 2
53 6 2
53 7 2
53 8 2
53 9 2
53 10 2
53 11 2
53 12 2
53 13 2
53 14 2
53 15 2
53 16 2
53 17 2
53 18 2
53 19 2
53 20 2
53 21 2
53 22 2
53 23 2
53 24 2
53 25 2
53 26 183
53 27 178
53 28 174
53 29 178
53 30 177
53 31 175
53 32 174
53 33 178
53 34 176
53 35 180
53 36 176
53 37 179
53 38 179
53 39 182
53 40 179
53 41 191
53 42 178
53 43 178
53 44 186
53 45 182
53 46 178
53 47 177
53 48 191
53 49 186
53 50 191
53 51 193
53 52 179
53 53 185
53 54 191
53 55 179
53 56 185
53 57 191
53 58 197
53 59 191
53 60 189
53 61 187
53 62 183
53 63 189
53 64 186
53 65 191
53 66 192
53 67 182
53 68 192
53 69 188
53 70 176
53 71 185
53 72 193
53 73 187
53 74 182
53 75 201
53 76 176
53 77 190
53 78 198
53 79 188
53 80 186
53 81 202
53 82 188
53 83 184
53 84 180
53 85 197
53 86 190
53 87 188
53 88 194
53 89 192
53 90 190
53 91 194
53 92 188
53 93 188
53 94 192
53 95 196
53 96 188
53 97 200
53 98 189
53 99 200
53 100 196
53 101 4002
54 1 2
54 2 2
54 3 2
54 4 2
54 5 2
54 6 2
54 7 2
54 8 2
54 9 2
54 10 2
54 11 2
54 12 2
54 13 2
54 14 2
54 15 2
54 16 2
54 17 2
54 18 2
54 19 2
54 20 2
54 21 2
54 22 2
54 23 2
54 24 2
54 25 2
54 26 165
54 27 158
54 28 156
54 29 159
54 30 155
54 31 157
54 32 156
54 33 164
54 34 159
54 35 163
54 36 159
54 37 157
54 38 162
54 39 162
54 40 162
54 41 174
54 42 168
54 43 160
54 44 165
54 45 163
54 46 159
54 47 158
54 48 177
54 49 171
54 50 169
54 51 172
54 52 159
54 53 163
54 54 175
54 55 162
54 56 167
54 57 172
54 58 176
54 59 175
54 60 169
54 61 168
54 62 163
54 63 169
54 64 160
54 65 171
54 66 172
54 67 161
54 68 170
54 69 170
54 70 163
54 71 166
54 72 170
54 73 162
54 74 164
54 75 172
54 76 158
54 77 176
54 78 168
54 79 162
54 80 158
54 81 178
54 82 162
54 83 170
54 84 160
54 85 174
54 86 168
54 87 172
54 88 178
54 89 175
54 90 175
54 91 180
54 92 170
54 93 171
54 94 176
54 95 178
54 96 170
54 97 182
54 98 172
54 99 180
54 100 177
54 101 3977
55 1 2
55 2 2
55 3 2
55 4 2
55 5 2
55 6 2
55 7 2
55 8 2
55 9 2
55 10 2
55 11 2
55 12 2
55 13 2
55 14 2
55 15 2
55 16 2
55 17 2
55 18 2
55 19 2
55 20 2
55 21 2
55 22 2
55 23 2
55 24 2
55 25 2
55 26 142
55 27 138
55 28 141
55 29 141
55 30 138
55 31 136
55 32 136
55 33 138
55 34 137
55 35 141
55 36 137
55 37 141
55 38 140
55 39 140
55 40 140
55 41 152
55 42 142
55 43 138
55 44 144
55 45 140
55 46 139
55 47 135
55 48 151
55 49 149
55 50 151
55 51 151
55 52 137
55 53 143
55 54 150
55 55 142
55 56 144
55 57 150
55 58 158
55 59 154
55 60 150
55 61 149
55 62 147
55 63 150
55 64 146
55 65 156
55 66 152
55 67 146
55 68 152
55 69 154
55 70 144
55 71 146
55 72 150
55 73 148
55 74 144
55 75 154
55 76 138
55 77 148
55 78 155
55 79 148
55 80 144
55 81 163
55 82 149
55 83 147
55 84 142
55 85 158
55 86 153
55 87 142
55 88 156
55 89 155
55 90 149
55 91 158
55 92 151
55 93 148
55 94 153
55 95 153
55 96 151
55 97 166
55 98 144
55 99 157
55 100 161
55 101 3868
56 1 2
56 2 2
56 3 2
56 4 2
56 5 2
56 6 2
56 7 2
56 8 2
56 9 2
56 10 2
56 11 2
56 12 2
56 13 2
56 14 2
56 15 2
56 16 2
56 17 2
56 18 2
56 19 2
56 20 2
56 21 2
56 22 2
56 23 2
56 24 2
56 25 2
56 26 135
56 27 134
56 28 131
56 29 130
56 30 124
56 31 128
56 32 128
56 33 126
56 34 133
56 35 135
56 36 130
56 37 131
56 38 134
56 39 130
56 40 133
56 41 141
56 42 132
56 43 128
56 44 137
56 45 141
56 46 137
56 47 135
56 48 139
56 49 137
56 50 138
56 51 143
56 52 133
56 53 132
56 54 143
56 55 133
56 56 140
56 57 136
56 58 150
56 59 138
56 60 142
56 61 143
56 62 140
56 63 142
56 64 137
56 65 138
56 66 142
56 67 138
56 68 146
56 69 146
56 70 136
56 71 136
56 72 144
56 73 142
56 74 135
56 75 152
56 76 138
56 77 142
56 78 154
56 79 144
56 80 144
56 81 149
56 82 138
56 83 141
56 84 139
56 85 154
56 86 146
56 87 143
56 88 152
56 89 148
56 90 143
56 91 153
56 92 145
56 93 145
56 94 147
56 95 149
56 96 146
56 97 151
56 98 139
56 99 143
56 100 145
56 101 3888
57 1 2
57 2 2
57 3 2
57 4 2
57 5 2
57 6 2
57 7 2
57 8 2
57 9 2
57 10 2
57 11 2
57 12 2
57 13 2
57 14 2
57 15 2
57 16 2
57 17 2
57 18 2
57 19 2
57 20 2
57 21 2
57 22 2
57 23 2
57 24 2
57 25 2
57 26 181
57 27 174
57 28 171
57 29 179
57 30 172
57 31 173
57 32 170
57 33 180
57 34 175
57 35 180
57 36 180
57 37 172
57 38 178
57 39 171
57 40 174
57 41 182
57 42 181
57 43 174
57 44 185
57 45 185
57 46 175
57 47 177
57 48 185
57 49 182
57 50 186
57 51 192
57 52 178
57 53 182
57 54 192
57 55 179
57 56 184
57 57 188
57 58 194
57 59 187
57 60 182
57 61 188
57 62 177
57 63 180
57 64 181
57 65 190
57 66 186
57 67 177
57 68 183
57 69 186
57 70 177
57 71 183
57 72 184
57 73 179
57 74 175
57 75 185
57 76 175
57 77 182
57 78 188
57 79 185
57 80 179
57 81 185
57 82 179
57 83 181
57 84 179
57 85 195
57 86 189
57 87 189
57 88 190
57 89 191
57 90 187
57 91 189
57 92 189
57 93 183
57 94 183
57 95 191
57 96 185
57 97 193
57 98 187
57 99 191
57 100 191
57 101 3982
58 1 2
58 2 2
58 3 2
58 4 2
58 5 2
58 6 2
58 7 2
58 8 2
58 9 2
58 10 2
58 11 2
58 12 2
58 13 2
58 14 2
58 15 2
58 16 2
58 17 2
58 18 2
58 19 2
58 20 2
58 21 2
58 22 2
58 23 2
58 24 2
58 25 2
58 26 164
58 27 158
58 28 156
58 29 156
58 30 154
58 31 151
58 32 153
58 33 161
58 34 161
58 35 162
58 36 160
58 37 156
58 38 156
58 39 159
58 40 162
58 41 169
58 42 161
58 43 157
58 44 162
58 45 165
58 46 152
58 47 154
58 48 162
58 49 164
58 50 160
58 51 172
58 52 158
58 53 156
58 54 168
58 55 154
58 56 164
58 57 166
58 58 178
58 59 168
58 60 170
58 61 166
58 62 166
58 63 166
58 64 160
58 65 168
58 66 173
58 67 166
58 68 169
58 69 175
58 70 163
58 71 165
58 72 169
58 73 169
58 74 164
58 75 177
58 76 163
58 77 171
58 78 183
58 79 169
58 80 167
58 81 171
58 82 161
58 83 173
58 84 153
58 85 175
58 86 169
58 87 165
58 88 167
58 89 169
58 90 162
58 91 169
58 92 157
58 93 161
58 94 161
58 95 163
58 96 162
58 97 169
58 98 162
58 99 158
58 100 162
58 101 3997
59 1 2
59 2 2
59 3 2
59 4 2
59 5 2
59 6 2
59 7 2
59 8 2
59 9 2
59 10 2
59 11 2
59 12 2
59 13 2
59 14 2
59 15 2
59 16 2
59 17 2
59 18 2
59 19 2
59 20 2
59 21 2
59 22 2
59 23 2
59 24 2
59 25 2
59 26 177
59 27 169
59 28 175
59 29 176
59 30 175
59 31 169
59 32 168
59 33 180
59 34 172
59 35 174
59 36 174
59 37 174
59 38 171
59 39 173
59 40 175
59 41 185
59 42 178
59 43 176
59 44 180
59 45 179
59 46 174
59 47 174
59 48 188
59 49 183
59 50 182
59 51 188
59 52 172
59 53 174
59 54 186
59 55 174
59 56 181
59 57 186
59 58 195
59 59 187
59 60 183
59 61 185
59 62 175
59 63 183
59 64 177
59 65 183
59 66 180
59 67 177
59 68 185
59 69 179
59 70 177
59 71 183
59 72 177
59 73 173
59 74 181
59 75 181
59 76 167
59 77 187
59 78 183
59 79 180
59 80 173
59 81 193
59 82 175
59 83 181
59 84 169
59 85 185
59 86 185
59 87 178
59 88 185
59 89 188
59 90 184
59 91 193
59 92 176
59 93 180
59 94 188
59 95 185
59 96 183
59 97 197
59 98 185
59 99 194
59 100 196
59 101 3987
60 1 2
60 2 2
60 3 2
60 4 2
60 5 2
60 6 2
60 7 2
60 8 2
60 9 2
60 10 2
60 11 2
60 12 2
60 13 2
60 14 2
60 15 2
60 16 2
60 17 2
60 18 2
60 19 2
60 20 2
60 21 2
60 22 2
60 23 2
60 24 2
60 25 2
60 26 96
60 27 95
60 28 94
60 29 92
60 30 95
60 31 91
60 32 85
60 33 94
60 34 94
60 35 92
60 36 90
60 37 90
60 38 91
60 39 95
60 40 97
60 41 103
60 42 94
60 43 97
60 44 100
60 45 98
60 46 88
60 47 96
60 48 108
60 49 100
60 50 98
60 51 106
60 52 96
60 53 95
60 54 105
60 55 90
60 56 102
60 57 104
60 58 113
60 59 109
60 60 107
60 61 105
60 62 103
60 63 101
60 64 101
60 65 103
60 66 103
60 67 97
60 68 109
60 69 105
60 70 97
60 71 104
60 72 101
60 73 102
60 74 95
60 75 113
60 76 95
60 77 102
60 78 113
60 79 105
60 80 105
60 81 111
60 82 105
60 83 99
60 84 92
60 85 106
60 86 104
60 87 96
60 88 108
60 89 102
60 90 107
60 91 104
60 92 103
60 93 105
60 94 97
60 95 105
60 96 100
60 97 110
60 98 103
60 99 110
60 100 110
60 101 3827
61 1 2
61 2 2
61 3 2
61 4 2
61 5 2
61 6 2
61 7 2
61 8 2
61 9 2
61 10 2
61 11 2
61 12 2
61 13 2
61 14 2
61 15 2
61 16 2
61 17 2
61 18 2
61 19 2
61 20 2
61 21 2
61 22 2
61 23 2
61 24 2
61 25 2
61 26 176
61 27 177
61 28 174
61 29 176
61 30 175
61 31 169
61 32 168
61 33 176
61 34 176
61 35 174
61 36 172
61 37 174
61 38 171
61 39 171
61 40 174
61 41 177
61 42 176
61 43 170
61 44 172
61 45 176
61 46 174
61 47 168
61 48 181
61 49 184
61 50 179
61 51 181
61 52 167
61 53 178
61 54 183
61 55 175
61 56 181
61 57 181
61 58 183
61 59 183
61 60 181
61 61 185
61 62 177
61 63 181
61 64 177
61 65 186
61 66 186
61 67 179
61 68 187
61 69 187
61 70 176
61 71 181
61 72 181
61 73 188
61 74 178
61 75 188
61 76 181
61 77 183
61 78 188
61 79 181
61 80 184
61 81 189
61 82 184
61 83 186
61 84 175
61 85 196
61 86 183
61 87 176
61 88 196
61 89 192
61 90 188
61 91 192
61 92 186
61 93 177
61 94 180
61 95 192
61 96 184
61 97 196
61 98 178
61 99 188
61 100 188
61 101 4055
62 1 2
62 2 2
62 3 2
62 4 2
62 5 2
62 6 2
62 7 2
62 8 2
62 9 2
62 10 2
62 11 2
62 12 2
62 13 2
62 14 2
62 15 2
62 16 2
62 17 2
62 18 2
62 19 2
62 20 2
62 21 2
62 22 2
62 23 2
62 24 2
62 25 2
62 26 158
62 27 155
62 28 156
62 29 157
62 30 160
62 31 155
62 32 150
62 33 164
62 34 159
62 35 157
62 36 162
62 37 153
62 38 153
62 39 160
62 40 160
62 41 168
62 42 164
62 43 158
62 44 168
62 45 168
62 46 152
62 47 160
62 48 171
62 49 162
62 50 165
62 51 169
62 52 155
62 53 162
62 54 165
62 55 157
62 56 167
62 57 163
62 58 179
62 59 174
62 60 169
62 61 167
62 62 169
62 63 170
62 64 166
62 65 171
62 66 176
62 67 164
62 68 171
62 69 174
62 70 167
62 71 168
62 72 166
62 73 166
62 74 166
62 75 174
62 76 159
62 77 174
62 78 179
62 79 173
62 80 168
62 81 178
62 82 162
62 83 170
62 84 158
62 85 173
62 86 176
62 87 160
62 88 170
62 89 174
62 90 164
62 91 174
62 92 162
62 93 164
62 94 170
62 95 168
62 96 166
62 97 182
62 98 172
62 99 170
62 100 176
62 101 3971
63 1 2
63 2 2
63 3 2
63 4 2
63 5 2
63 6 2
63 7 2
63 8 2
63 9 2
63 10 2
63 11 2
63 12 2
63 13 2
63 14 2
63 15 2
63 16 2
63 17 2
63 18 2
63 19 2
63 20 2
63 21 2
63 22 2
63 23 2
63 24 2
63 25 2
63 26 178
63 27 174
63 28 172
63 29 171
63 30 179
63 31 168
63 32 172
63 33 181
63 34 173
63 35 169
63 36 177
63 37 176
63 38 166
63 39 179
63 40 174
63 41 184
63 42 178
63 43 174
63 44 181
63 45 180
63 46 169
63 47 171
63 48 183
63 49 178
63 50 183
63 51 182
63 52 169
63 53 179
63 54 181
63 55 173
63 56 181
63 57 171
63 58 187
63 59 188
63 60 185
63 61 186
63 62 186
63 63 189
63 64 180
63 65 188
63 66 192
63 67 182
63 68 191
63 69 188
63 70 184
63 71 186
63 72 190
63 73 190
63 74 176
63 75 190
63 76 182
63 77 194
63 78 194
63 79 188
63 80 186
63 81 194
63 82 184
63 83 186
63 84 178
63 85 194
63 86 191
63 87 182
63 88 186
63 89 189
63 90 182
63 91 184
63 92 183
63 93 175
63 94 186
63 95 192
63 96 183
63 97 195
63 98 188
63 99 191
63 100 191
63 101 4090
64 1 2
64 2 2
64 3 2
64 4 2
64 5 2
64 6 2
64 7 2
64 8 2
64 9 2
64 10 2
64 11 2
64 12 2
64 13 2
64 14 2
64 15 2
64 16 2
64 17 2
64 18 2
64 19 2
64 20 2
64 21 2
64 22 2
64 23 2
64 24 2
64 25 2
64 26 131
64 27 132
64 28 128
64 29 131
64 30 130
64 31 124
64 32 128
64 33 128
64 34 125
64 35 127
64 36 129
64 37 130
64 38 126
64 39 128
64 40 132
64 41 136
64 42 130
64 43 130
64 44 132
64 45 129
64 46 129
64 47 124
64 48 133
64 49 131
64 50 137
64 51 135
64 52 128
64 53 127
64 54 136
64 55 130
64 56 133
64 57 127
64 58 142
64 59 143
64 60 138
64 61 139
64 62 137
64 63 140
64 64 135
64 65 140
64 66 140
64 67 132
64 68 142
64 69 140
64 70 136
64 71 136
64 72 142
64 73 142
64 74 134
64 75 148
64 76 138
64 77 146
64 78 150
64 79 140
64 80 135
64 81 140
64 82 133
64 83 142
64 84 125
64 85 143
64 86 140
64 87 130
64 88 148
64 89 133
64 90 128
64 91 145
64 92 136
64 93 134
64 94 140
64 95 144
64 96 134
64 97 142
64 98 133
64 99 134
64 100 135
64 101 3888
65 1 2
65 2 2
65 3 2
65 4 2
65 5 2
65 6 2
65 7 2
65 8 2
65 9 2
65 10 2
65 11 2
65 12 2
65 13 2
65 14 2
65 15 2
65 16 2
65 17 2
65 18 2
65 19 2
65 20 2
65 21 2
65 22 2
65 23 2
65 24 2
65 25 2
65 26 141
65 27 136
65 28 143
65 29 141
65 30 143
65 31 144
65 32 133
65 33 149
65 34 143
65 35 135
65 36 142
65 37 146
65 38 138
65 39 142
65 40 140
65 41 146
65 42 143
65 43 143
65 44 145
65 45 145
65 46 141
65 47 139
65 48 151
65 49 147
65 50 154
65 51 149
65 52 136
65 53 145
65 54 150
65 55 147
65 56 146
65 57 150
65 58 157
65 59 156
65 60 152
65 61 152
65 62 150
65 63 152
65 64 150
65 65 160
65 66 156
65 67 148
65 68 154
65 69 153
65 70 150
65 71 150
65 72 155
65 73 152
65 74 144
65 75 148
65 76 143
65 77 150
65 78 151
65 79 151
65 80 145
65 81 161
65 82 152
65 83 150
65 84 147
65 85 153
65 86 154
65 87 145
65 88 151
65 89 154
65 90 149
65 91 152
65 92 150
65 93 144
65 94 155
65 95 154
65 96 149
65 97 165
65 98 149
65 99 163
65 100 169
65 101 3934
66 1 2
66 2 2
66 3 2
66 4 2
66 5 2
66 6 2
66 7 2
66 8 2
66 9 2
66 10 2
66 11 2
66 12 2
66 13 2
66 14 2
66 15 2
66 16 2
66 17 2
66 18 2
66 19 2
66 20 2
66 21 2
66 22 2
66 23 2
66 24 2
66 25 2
66 26 163
66 27 157
66 28 158
66 29 159
66 30 158
66 31 149
66 32 157
66 33 163
66 34 157
66 35 162
66 36 160
66 37 160
66 38 156
66 39 162
66 40 157
66 41 166
66 42 166
66 43 157
66 44 157
66 45 161
66 46 161
66 47 156
66 48 169
66 49 167
66 50 171
66 51 167
66 52 158
66 53 164
66 54 168
66 55 162
66 56 166
66 57 166
66 58 166
66 59 170
66 60 168
66 61 164
66 62 166
66 63 172
66 64 167
66 65 176
66 66 175
66 67 166
66 68 176
66 69 179
66 70 165
66 71 169
66 72 177
66 73 174
66 74 164
66 75 179
66 76 163
66 77 173
66 78 176
66 79 164
66 80 171
66 81 181
66 82 171
66 83 173
66 84 163
66 85 175
66 86 171
66 87 163
66 88 175
66 89 171
66 90 171
66 91 169
66 92 166
66 93 167
66 94 169
66 95 172
66 96 169
66 97 175
66 98 167
66 99 181
66 100 175
66 101 4040
67 1 2
67 2 2
67 3 2
67 4 2
67 5 2
67 6 2
67 7 2
67 8 2
67 9 2
67 10 2
67 11 2
67 12 2
67 13 2
67 14 2
67 15 2
67 16 2
67 17 2
67 18 2
67 19 2
67 20 2
67 21 2
67 22 2
67 23 2
67 24 2
67 25 2
67 26 182
67 27 174
67 28 181
67 29 178
67 30 178
67 31 173
67 32 171
67 33 179
67 34 178
67 35 178
67 36 178
67 37 181
67 38 176
67 39 181
67 40 173
67 41 188
67 42 177
67 43 173
67 44 183
67 45 183
67 46 178
67 47 179
67 48 189
67 49 183
67 50 190
67 51 189
67 52 172
67 53 182
67 54 188
67 55 178
67 56 186
67 57 188
67 58 198
67 59 190
67 60 188
67 61 190
67 62 186
67 63 191
67 64 184
67 65 194
67 66 192
67 67 188
67 68 193
67 69 190
67 70 183
67 71 182
67 72 195
67 73 187
67 74 181
67 75 193
67 76 177
67 77 187
67 78 203
67 79 187
67 80 191
67 81 201
67 82 193
67 83 185
67 84 183
67 85 197
67 86 189
67 87 177
67 88 195
67 89 193
67 90 187
67 91 189
67 92 189
67 93 183
67 94 187
67 95 193
67 96 189
67 97 203
67 98 183
67 99 189
67 100 197
67 101 4094
68 1 2
68 2 2
68 3 2
68 4 2
68 5 2
68 6 2
68 7 2
68 8 2
68 9 2
68 10 2
68 11 2
68 12 2
68 13 2
68 14 2
68 15 2
68 16 2
68 17 2
68 18 2
68 19 2
68 20 2
68 21 2
68 22 2
68 23 2
68 24 2
68 25 2
68 26 134
68 27 131
68 28 131
68 29 128
68 30 134
68 31 127
68 32 133
68 33 135
68 34 132
68 35 132
68 36 136
68 37 132
68 38 125
68 39 137
68 40 130
68 41 139
68 42 133
68 43 127
68 44 137
68 45 137
68 46 134
68 47 131
68 48 140
68 49 132
68 50 142
68 51 134
68 52 130
68 53 136
68 54 134
68 55 133
68 56 136
68 57 132
68 58 135
68 59 146
68 60 143
68 61 137
68 62 145
68 63 146
68 64 140
68 65 143
68 66 149
68 67 141
68 68 152
68 69 151
68 70 139
68 71 139
68 72 145
68 73 143
68 74 130
68 75 143
68 76 137
68 77 144
68 78 149
68 79 147
68 80 139
68 81 149
68 82 139
68 83 133
68 84 137
68 85 143
68 86 141
68 87 133
68 88 141
68 89 149
68 90 132
68 91 144
68 92 139
68 93 129
68 94 142
68 95 140
68 96 143
68 97 150
68 98 143
68 99 142
68 100 145
68 101 3869
69 1 2
69 2 2
69 3 2
69 4 2
69 5 2
69 6 2
69 7 2
69 8 2
69 9 2
69 10 2
69 11 2
69 12 2
69 13 2
69 14 2
69 15 2
69 16 2
69 17 2
69 18 2
69 19 2
69 20 2
69 21 2
69 22 2
69 23 2
69 24 2
69 25 2
69 26 182
69 27 175
69 28 173
69 29 176
69 30 176
69 31 169
69 32 178
69 33 182
69 34 180
69 35 182
69 36 182
69 37 183
69 38 173
69 39 182
69 40 181
69 41 187
69 42 179
69 43 180
69 44 177
69 45 179
69 46 178
69 47 167
69 48 178
69 49 178
69 50 188
69 51 186
69 52 180
69 53 178
69 54 180
69 55 179
69 56 184
69 57 184
69 58 187
69 59 192
69 60 190
69 61 177
69 62 183
69 63 186
69 64 182
69 65 190
69 66 191
69 67 187
69 68 196
69 69 199
69 70 183
69 71 187
69 72 197
69 73 193
69 74 187
69 75 195
69 76 185
69 77 197
69 78 201
69 79 189
69 80 189
69 81 193
69 82 182
69 83 190
69 84 180
69 85 197
69 86 193
69 87 185
69 88 183
69 89 191
69 90 179
69 91 189
69 92 181
69 93 176
69 94 184
69 95 184
69 96 187
69 97 187
69 98 183
69 99 188
69 100 189
69 101 4048
70 1 2
70 2 2
70 3 2
70 4 2
70 5 2
70 6 2
70 7 2
70 8 2
70 9 2
70 10 2
70 11 2
70 12 2
70 13 2
70 14 2
70 15 2
70 16 2
70 17 2
70 18 2
70 19 2
70 20 2
70 21 2
70 22 2
70 23 2
70 24 2
70 25 2
70 26 122
70 27 121
70 28 124
70 29 118
70 30 123
70 31 121
70 32 118
70 33 126
70 34 126
70 35 124
70 36 121
70 37 124
70 38 114
70 39 121
70 40 120
70 41 127
70 42 126
70 43 117
70 44 120
70 45 130
70 46 122
70 47 121
70 48 128
70 49 124
70 50 128
70 51 126
70 52 114
70 53 124
70 54 126
70 55 124
70 56 128
70 57 124
70 58 134
70 59 129
70 60 125
70 61 127
70 62 128
70 63 131
70 64 123
70 65 135
70 66 137
70 67 127
70 68 137
70 69 141
70 70 130
70 71 130
70 72 135
70 73 139
70 74 129
70 75 135
70 76 131
70 77 139
70 78 139
70 79 131
70 80 132
70 81 133
70 82 126
70 83 137
70 84 122
70 85 138
70 86 136
70 87 127
70 88 133
70 89 136
70 90 126
70 91 141
70 92 132
70 93 126
70 94 140
70 95 137
70 96 122
70 97 143
70 98 123
70 99 126
70 100 131
70 101 3845
71 1 2
71 2 2
71 3 2
71 4 2
71 5 2
71 6 2
71 7 2
71 8 2
71 9 2
71 10 2
71 11 2
71 12 2
71 13 2
71 14 2
71 15 2
71 16 2
71 17 2
71 18 2
71 19 2
71 20 2
71 21 2
71 22 2
71 23 2
71 24 2
71 25 2
71 26 182
71 27 177
71 28 177
71 29 175
71 30 181
71 31 175
71 32 175
71 33 185
71 34 180
71 35 181
71 36 179
71 37 183
71 38 172
71 39 179
71 40 179
71 41 184
71 42 180
71 43 176
71 44 174
71 45 174
71 46 178
71 47 170
71 48 189
71 49 184
71 50 188
71 51 190
71 52 179
71 53 181
71 54 187
71 55 179
71 56 181
71 57 190
71 58 187
71 59 189
71 60 187
71 61 183
71 62 183
71 63 183
71 64 181
71 65 191
71 66 195
71 67 183
71 68 197
71 69 198
71 70 186
71 71 191
71 72 192
71 73 189
71 74 180
71 75 191
71 76 180
71 77 186
71 78 190
71 79 185
71 80 185
71 81 195
71 82 187
71 83 182
71 84 181
71 85 190
71 86 191
71 87 174
71 88 188
71 89 194
71 90 184
71 91 196
71 92 188
71 93 182
71 94 186
71 95 186
71 96 180
71 97 190
71 98 186
71 99 200
71 100 198
71 101 4007
72 1 2
72 2 2
72 3 2
72 4 2
72 5 2
72 6 2
72 7 2
72 8 2
72 9 2
72 10 2
72 11 2
72 12 2
72 13 2
72 14 2
72 15 2
72 16 2
72 17 2
72 18 2
72 19 2
72 20 2
72 21 2
72 22 2
72 23 2
72 24 2
72 25 2
72 26 126
72 27 126
72 28 128
72 29 122
72 30 129
72 31 123
72 32 118
72 33 128
72 34 129
72 35 127
72 36 124
72 37 127
72 38 119
72 39 127
72 40 125
72 41 135
72 42 130
72 43 124
72 44 124
72 45 126
72 46 122
72 47 127
72 48 133
72 49 129
72 50 135
72 51 127
72 52 123
72 53 129
72 54 128
72 55 123
72 56 132
72 57 131
72 58 141
72 59 139
72 60 131
72 61 131
72 62 135
72 63 135
72 64 131
72 65 138
72 66 137
72 67 131
72 68 141
72 69 143
72 70 133
72 71 134
72 72 140
72 73 140
72 74 130
72 75 143
72 76 130
72 77 142
72 78 144
72 79 135
72 80 140
72 81 146
72 82 135
72 83 137
72 84 130
72 85 142
72 86 142
72 87 126
72 88 136
72 89 142
72 90 140
72 91 138
72 92 138
72 93 136
72 94 136
72 95 140
72 96 136
72 97 146
72 98 134
72 99 144
72 100 144
72 101 3927
73 1 2
73 2 2
73 3 2
73 4 2
73 5 2
73 6 2
73 7 2
73 8 2
73 9 2
73 10 2
73 11 2
73 12 2
73 13 2
73 14 2
73 15 2
73 16 2
73 17 2
73 18 2
73 19 2
73 20 2
73 21 2
73 22 2
73 23 2
73 24 2
73 25 2
73 26 181
73 27 176
73 28 183
73 29 181
73 30 180
73 31 179
73 32 178
73 33 188
73 34 183
73 35 174
73 36 185
73 37 189
73 38 178
73 39 187
73 40 184
73 41 191
73 42 180
73 43 182
73 44 180
73 45 171
73 46 182
73 47 171
73 48 186
73 49 183
73 50 193
73 51 181
73 52 173
73 53 185
73 54 175
73 55 187
73 56 187
73 57 177
73 58 190
73 59 193
73 60 185
73 61 184
73 62 183
73 63 185
73 64 185
73 65 198
73 66 194
73 67 188
73 68 199
73 69 194
73 70 192
73 71 195
73 72 198
73 73 198
73 74 188
73 75 197
73 76 194
73 77 200
73 78 198
73 79 194
73 80 188
73 81 198
73 82 200
73 83 196
73 84 192
73 85 204
73 86 198
73 87 184
73 88 186
73 89 194
73 90 186
73 91 194
73 92 200
73 93 186
73 94 192
73 95 194
73 96 186
73 97 192
73 98 184
73 99 195
73 100 199
73 101 4107
74 1 2
74 2 2
74 3 2
74 4 2
74 5 2
74 6 2
74 7 2
74 8 2
74 9 2
74 10 2
74 11 2
74 12 2
74 13 2
74 14 2
74 15 2
74 16 2
74 17 2
74 18 2
74 19 2
74 20 2
74 21 2
74 22 2
74 23 2
74 24 2
74 25 2
74 26 168
74 27 167
74 28 156
74 29 165
74 30 161
74 31 160
74 32 160
74 33 163
74 34 165
74 35 162
74 36 163
74 37 166
74 38 152
74 39 164
74 40 164
74 41 166
74 42 160
74 43 164
74 44 159
74 45 158
74 46 167
74 47 153
74 48 160
74 49 160
74 50 169
74 51 164
74 52 153
74 53 169
74 54 161
74 55 160
74 56 164
74 57 157
74 58 172
74 59 171
74 60 167
74 61 169
74 62 169
74 63 165
74 64 164
74 65 168
74 66 172
74 67 166
74 68 178
74 69 178
74 70 172
74 71 172
74 72 176
74 73 181
74 74 171
74 75 182
74 76 174
74 77 182
74 78 186
74 79 180
74 80 176
74 81 180
74 82 170
74 83 175
74 84 165
74 85 184
74 86 178
74 87 167
74 88 172
74 89 178
74 90 167
74 91 177
74 92 175
74 93 170
74 94 176
74 95 172
74 96 170
74 97 174
74 98 168
74 99 175
74 100 176
74 101 3982
75 1 2
75 2 2
75 3 2
75 4 2
75 5 2
75 6 2
75 7 2
75 8 2
75 9 2
75 10 2
75 11 2
75 12 2
75 13 2
75 14 2
75 15 2
75 16 2
75 17 2
75 18 2
75 19 2
75 20 2
75 21 2
75 22 2
75 23 2
75 24 2
75 25 2
75 26 99
75 27 100
75 28 91
75 29 89
75 30 93
75 31 98
75 32 98
75 33 98
75 34 103
75 35 97
75 36 94
75 37 102
75 38 94
75 39 100
75 40 98
75 41 108
75 42 104
75 43 96
75 44 96
75 45 101
75 46 93
75 47 97
75 48 105
75 49 95
75 50 103
75 51 99
75 52 91
75 53 101
75 54 105
75 55 97
75 56 101
75 57 95
75 58 108
75 59 107
75 60 97
75 61 106
75 62 106
75 63 98
75 64 98
75 65 103
75 66 106
75 67 100
75 68 112
75 69 114
75 70 104
75 71 106
75 72 110
75 73 110
75 74 106
75 75 121
75 76 109
75 77 120
75 78 118
75 79 104
75 80 107
75 81 113
75 82 106
75 83 112
75 84 98
75 85 115
75 86 112
75 87 103
75 88 110
75 89 109
75 90 102
75 91 111
75 92 108
75 93 105
75 94 111
75 95 108
75 96 94
75 97 108
75 98 104
75 99 107
75 100 100
75 101 3816
76 1 2
76 2 2
76 3 2
76 4 2
76 5 2
76 6 2
76 7 2
76 8 2
76 9 2
76 10 2
76 11 2
76 12 2
76 13 2
76 14 2
76 15 2
76 16 2
76 17 2
76 18 2
76 19 2
76 20 2
76 21 2
76 22 2
76 23 2
76 24 2
76 25 2
76 26 133
76 27 130
76 28 131
76 29 129
76 30 126
76 31 124
76 32 129
76 33 134
76 34 129
76 35 127
76 36 131
76 37 129
76 38 130
76 39 130
76 40 128
76 41 138
76 42 128
76 43 131
76 44 130
76 45 123
76 46 133
76 47 121
76 48 131
76 49 127
76 50 135
76 51 131
76 52 127
76 53 130
76 54 129
76 55 133
76 56 130
76 57 119
76 58 132
76 59 136
76 60 133
76 61 134
76 62 132
76 63 136
76 64 130
76 65 138
76 66 136
76 67 130
76 68 146
76 69 143
76 70 140
76 71 138
76 72 142
76 73 148
76 74 137
76 75 152
76 76 142
76 77 148
76 78 150
76 79 138
76 80 144
76 81 148
76 82 138
76 83 143
76 84 136
76 85 153
76 86 146
76 87 135
76 88 146
76 89 144
76 90 137
76 91 147
76 92 142
76 93 139
76 94 144
76 95 145
76 96 140
76 97 139
76 98 131
76 99 141
76 100 139
76 101 3874
77 1 2
77 2 2
77 3 2
77 4 2
77 5 2
77 6 2
77 7 2
77 8 2
77 9 2
77 10 2
77 11 2
77 12 2
77 13 2
77 14 2
77 15 2
77 16 2
77 17 2
77 18 2
77 19 2
77 20 2
77 21 2
77 22 2
77 23 2
77 24 2
77 25 2
77 26 178
77 27 174
77 28 177
77 29 175
77 30 174
77 31 174
77 32 168
77 33 177
77 34 177
77 35 171
77 36 173
77 37 175
77 38 170
77 39 182
77 40 176
77 41 187
77 42 177
77 43 174
77 44 177
77 45 175
77 46 173
77 47 174
77 48 187
77 49 177
77 50 180
77 51 181
77 52 162
77 53 177
77 54 175
77 55 171
77 56 180
77 57 168
77 58 192
77 59 184
77 60 176
77 61 184
77 62 182
77 63 182
77 64 176
77 65 182
77 66 189
77 67 178
77 68 188
77 69 187
77 70 184
77 71 182
77 72 188
77 73 190
77 74 182
77 75 197
77 76 182
77 77 197
77 78 198
77 79 185
77 80 189
77 81 201
77 82 189
77 83 193
77 84 178
77 85 195
77 86 191
77 87 177
77 88 187
77 89 189
77 90 185
77 91 189
77 92 186
77 93 188
77 94 187
77 95 187
77 96 183
77 97 196
77 98 188
77 99 189
77 100 191
77 101 4046
78 1 2
78 2 2
78 3 2
78 4 2
78 5 2
78 6 2
78 7 2
78 8 2
78 9 2
78 10 2
78 11 2
78 12 2
78 13 2
78 14 2
78 15 2
78 16 2
78 17 2
78 18 2
78 19 2
78 20 2
78 21 2
78 22 2
78 23 2
78 24 2
78 25 2
78 26 157
78 27 154
78 28 155
78 29 154
78 30 156
78 31 157
78 32 151
78 33 157
78 34 161
78 35 153
78 36 152
78 37 160
78 38 152
78 39 165
78 40 157
78 41 167
78 42 155
78 43 156
78 44 159
78 45 161
78 46 157
78 47 159
78 48 169
78 49 157
78 50 164
78 51 163
78 52 146
78 53 157
78 54 158
78 55 152
78 56 162
78 57 154
78 58 170
78 59 168
78 60 158
78 61 163
78 62 168
78 63 158
78 64 162
78 65 159
78 66 166
78 67 162
78 68 172
78 69 170
78 70 163
78 71 164
78 72 167
78 73 169
78 74 162
78 75 177
78 76 165
78 77 179
78 78 183
78 79 168
78 80 173
78 81 183
78 82 171
78 83 170
78 84 165
78 85 181
78 86 172
78 87 163
78 88 165
78 89 177
78 90 167
78 91 170
78 92 165
78 93 165
78 94 169
78 95 167
78 96 169
78 97 178
78 98 171
78 99 169
78 100 169
78 101 4018
79 1 2
79 2 2
79 3 2
79 4 2
79 5 2
79 6 2
79 7 2
79 8 2
79 9 2
79 10 2
79 11 2
79 12 2
79 13 2
79 14 2
79 15 2
79 16 2
79 17 2
79 18 2
79 19 2
79 20 2
79 21 2
79 22 2
79 23 2
79 24 2
79 25 2
79 26 181
79 27 175
79 28 177
79 29 181
79 30 176
79 31 170
79 32 170
79 33 177
79 34 173
79 35 170
79 36 178
79 37 178
79 38 174
79 39 180
79 40 179
79 41 185
79 42 169
79 43 175
79 44 175
79 45 169
79 46 179
79 47 167
79 48 179
79 49 181
79 50 184
79 51 181
79 52 170
79 53 176
79 54 167
79 55 174
79 56 178
79 57 176
79 58 190
79 59 180
79 60 180
79 61 180
79 62 176
79 63 180
79 64 176
79 65 184
79 66 184
79 67 181
79 68 189
79 69 183
79 70 179
79 71 181
79 72 188
79 73 189
79 74 183
79 75 194
79 76 176
79 77 189
79 78 198
79 79 191
79 80 187
79 81 197
79 82 185
79 83 191
79 84 171
79 85 193
79 86 183
79 87 173
79 88 181
79 89 185
79 90 173
79 91 187
79 92 180
79 93 179
79 94 177
79 95 179
79 96 179
79 97 183
79 98 179
79 99 177
79 100 179
79 101 4141
80 1 2
80 2 2
80 3 2
80 4 2
80 5 2
80 6 2
80 7 2
80 8 2
80 9 2
80 10 2
80 11 2
80 12 2
80 13 2
80 14 2
80 15 2
80 16 2
80 17 2
80 18 2
80 19 2
80 20 2
80 21 2
80 22 2
80 23 2
80 24 2
80 25 2
80 26 99
80 27 95
80 28 97
80 29 92
80 30 93
80 31 93
80 32 89
80 33 89
80 34 100
80 35 89
80 36 94
80 37 92
80 38 93
80 39 99
80 40 95
80 41 98
80 42 93
80 43 89
80 44 99
80 45 97
80 46 98
80 47 95
80 48 106
80 49 88
80 50 100
80 51 96
80 52 84
80 53 96
80 54 100
80 55 90
80 56 100
80 57 88
80 58 108
80 59 98
80 60 101
80 61 105
80 62 103
80 63 107
80 64 93
80 65 96
80 66 106
80 67 95
80 68 110
80 69 107
80 70 105
80 71 99
80 72 107
80 73 109
80 74 99
80 75 114
80 76 103
80 77 115
80 78 121
80 79 109
80 80 111
80 81 119
80 82 105
80 83 113
80 84 105
80 85 117
80 86 111
80 87 102
80 88 113
80 89 111
80 90 107
80 91 115
80 92 107
80 93 105
80 94 105
80 95 109
80 96 101
80 97 115
80 98 99
80 99 108
80 100 111
80 101 3834
81 1 2
81 2 2
81 3 2
81 4 2
81 5 2
81 6 2
81 7 2
81 8 2
81 9 2
81 10 2
81 11 2
81 12 2
81 13 2
81 14 2
81 15 2
81 16 2
81 17 2
81 18 2
81 19 2
81 20 2
81 21 2
81 22 2
81 23 2
81 24 2
81 25 2
81 26 188
81 27 175
81 28 179
81 29 182
81 30 184
81 31 173
81 32 185
81 33 182
81 34 178
81 35 180
81 36 184
81 37 185
81 38 173
81 39 186
81 40 191
81 41 187
81 42 181
81 43 179
81 44 186
81 45 178
81 46 182
81 47 176
81 48 190
81 49 174
81 50 190
81 51 188
81 52 180
81 53 184
81 54 190
81 55 174
81 56 182
81 57 182
81 58 191
81 59 196
81 60 189
81 61 187
81 62 193
81 63 189
81 64 184
81 65 186
81 66 196
81 67 189
81 68 195
81 69 201
81 70 191
81 71 193
81 72 191
81 73 197
81 74 191
81 75 205
81 76 185
81 77 205
81 78 211
81 79 195
81 80 200
81 81 210
81 82 195
81 83 197
81 84 183
81 85 202
81 86 199
81 87 185
81 88 197
81 89 198
81 90 191
81 91 199
81 92 194
81 93 197
81 94 190
81 95 188
81 96 186
81 97 195
81 98 188
81 99 201
81 100 196
81 101 4103
82 1 2
82 2 2
82 3 2
82 4 2
82 5 2
82 6 2
82 7 2
82 8 2
82 9 2
82 10 2
82 11 2
82 12 2
82 13 2
82 14 2
82 15 2
82 16 2
82 17 2
82 18 2
82 19 2
82 20 2
82 21 2
82 22 2
82 23 2
82 24 2
82 25 2
82 26 168
82 27 160
82 28 170
82 29 164
82 30 161
82 31 160
82 32 161
82 33 167
82 34 166
82 35 154
82 36 167
82 37 168
82 38 163
82 39 169
82 40 169
82 41 176
82 42 158
82 43 165
82 44 175
82 45 160
82 46 168
82 47 160
82 48 174
82 49 164
82 50 172
82 51 164
82 52 157
82 53 166
82 54 165
82 55 171
82 56 171
82 57 157
82 58 175
82 59 171
82 60 172
82 61 173
82 62 177
82 63 176
82 64 165
82 65 173
82 66 179
82 67 169
82 68 181
82 69 177
82 70 177
82 71 179
82 72 171
82 73 183
82 74 175
82 75 187
82 76 175
82 77 189
82 78 194
82 79 180
82 80 185
82 81 195
82 82 186
82 83 184
82 84 177
82 85 195
82 86 184
82 87 175
82 88 181
82 89 190
82 90 177
82 91 192
82 92 184
82 93 177
82 94 183
82 95 181
82 96 174
82 97 186
82 98 170
82 99 179
82 100 178
82 101 4039
83 1 2
83 2 2
83 3 2
83 4 2
83 5 2
83 6 2
83 7 2
83 8 2
83 9 2
83 10 2
83 11 2
83 12 2
83 13 2
83 14 2
83 15 2
83 16 2
83 17 2
83 18 2
83 19 2
83 20 2
83 21 2
83 22 2
83 23 2
83 24 2
83 25 2
83 26 182
83 27 171
83 28 183
83 29 182
83 30 172
83 31 177
83 32 176
83 33 181
83 34 182
83 35 178
83 36 181
83 37 182
83 38 181
83 39 179
83 40 184
83 41 185
83 42 181
83 43 180
83 44 184
83 45 180
83 46 188
83 47 179
83 48 198
83 49 180
83 50 194
83 51 192
83 52 174
83 53 182
83 54 188
83 55 183
83 56 190
83 57 183
83 58 199
83 59 188
83 60 178
83 61 183
83 62 179
83 63 189
83 64 183
83 65 195
83 66 197
83 67 185
83 68 185
83 69 191
83 70 189
83 71 183
83 72 195
83 73 199
83 74 190
83 75 201
83 76 184
83 77 197
83 78 201
83 79 190
83 80 194
83 81 205
83 82 193
83 83 203
83 84 189
83 85 202
83 86 200
83 87 193
83 88 203
83 89 194
83 90 197
83 91 203
83 92 192
83 93 197
83 94 196
83 95 198
83 96 188
83 97 203
83 98 188
83 99 202
83 100 199
83 101 4049
84 1 2
84 2 2
84 3 2
84 4 2
84 5 2
84 6 2
84 7 2
84 8 2
84 9 2
84 10 2
84 11 2
84 12 2
84 13 2
84 14 2
84 15 2
84 16 2
84 17 2
84 18 2
84 19 2
84 20 2
84 21 2
84 22 2
84 23 2
84 24 2
84 25 2
84 26 136
84 27 129
84 28 136
84 29 127
84 30 132
84 31 125
84 32 131
84 33 134
84 34 124
84 35 123
84 36 135
84 37 135
84 38 129
84 39 133
84 40 134
84 41 141
84 42 135
84 43 130
84 44 136
84 45 130
84 46 130
84 47 128
84 48 142
84 49 128
84 50 140
84 51 132
84 52 131
84 53 133
84 54 132
84 55 135
84 56 139
84 57 131
84 58 144
84 59 141
84 60 135
84 61 135
84 62 141
84 63 145
84 64 131
84 65 147
84 66 149
84 67 139
84 68 138
84 69 143
84 70 136
84 71 137
84 72 144
84 73 146
84 74 135
84 75 156
84 76 136
84 77 151
84 78 149
84 79 136
84 80 147
84 81 158
84 82 146
84 83 149
84 84 143
84 85 156
84 86 152
84 87 138
84 88 152
84 89 150
84 90 144
84 91 158
84 92 154
84 93 142
84 94 142
84 95 154
84 96 142
84 97 156
84 98 142
84 99 150
84 100 148
84 101 3879
85 1 2
85 2 2
85 3 2
85 4 2
85 5 2
85 6 2
85 7 2
85 8 2
85 9 2
85 10 2
85 11 2
85 12 2
85 13 2
85 14 2
85 15 2
85 16 2
85 17 2
85 18 2
85 19 2
85 20 2
85 21 2
85 22 2
85 23 2
85 24 2
85 25 2
85 26 142
85 27 137
85 28 144
85 29 139
85 30 137
85 31 144
85 32 138
85 33 140
85 34 143
85 35 133
85 36 142
85 37 147
85 38 143
85 39 134
85 40 141
85 41 144
85 42 146
85 43 137
85 44 142
85 45 148
85 46 148
85 47 144
85 48 155
85 49 140
85 50 156
85 51 149
85 52 133
85 53 147
85 54 147
85 55 144
85 56 151
85 57 147
85 58 161
85 59 145
85 60 137
85 61 153
85 62 145
85 63 143
85 64 147
85 65 154
85 66 156
85 67 151
85 68 141
85 69 147
85 70 151
85 71 145
85 72 156
85 73 152
85 74 146
85 75 155
85 76 145
85 77 156
85 78 153
85 79 150
85 80 155
85 81 166
85 82 150
85 83 160
85 84 153
85 85 167
85 86 163
85 87 152
85 88 160
85 89 164
85 90 158
85 91 168
85 92 161
85 93 154
85 94 160
85 95 164
85 96 148
85 97 168
85 98 146
85 99 160
85 100 160
85 101 3917
86 1 2
86 2 2
86 3 2
86 4 2
86 5 2
86 6 2
86 7 2
86 8 2
86 9 2
86 10 2
86 11 2
86 12 2
86 13 2
86 14 2
86 15 2
86 16 2
86 17 2
86 18 2
86 19 2
86 20 2
86 21 2
86 22 2
86 23 2
86 24 2
86 25 2
86 26 172
86 27 163
86 28 164
86 29 158
86 30 151
86 31 163
86 32 162
86 33 164
86 34 164
86 35 159
86 36 163
86 37 167
86 38 165
86 39 165
86 40 169
86 41 176
86 42 164
86 43 166
86 44 164
86 45 160
86 46 166
86 47 161
86 48 174
86 49 160
86 50 172
86 51 170
86 52 159
86 53 166
86 54 171
86 55 167
86 56 171
86 57 161
86 58 181
86 59 167
86 60 169
86 61 171
86 62 173
86 63 166
86 64 156
86 65 171
86 66 176
86 67 164
86 68 170
86 69 176
86 70 174
86 71 175
86 72 173
86 73 176
86 74 171
86 75 190
86 76 174
86 77 187
86 78 186
86 79 168
86 80 180
86 81 192
86 82 182
86 83 180
86 84 178
86 85 192
86 86 188
86 87 178
86 88 184
86 89 186
86 90 186
86 91 188
86 92 186
86 93 184
86 94 180
86 95 182
86 96 174
86 97 184
86 98 172
86 99 191
86 100 182
86 101 4069
87 1 2
87 2 2
87 3 2
87 4 2
87 5 2
87 6 2
87 7 2
87 8 2
87 9 2
87 10 2
87 11 2
87 12 2
87 13 2
87 14 2
87 15 2
87 16 2
87 17 2
87 18 2
87 19 2
87 20 2
87 21 2
87 22 2
87 23 2
87 24 2
87 25 2
87 26 182
87 27 175
87 28 178
87 29 175
87 30 171
87 31 172
87 32 174
87 33 177
87 34 173
87 35 171
87 36 181
87 37 177
87 38 175
87 39 172
87 40 178
87 41 189
87 42 176
87 43 174
87 44 182
87 45 174
87 46 177
87 47 170
87 48 183
87 49 173
87 50 183
87 51 184
87 52 169
87 53 179
87 54 185
87 55 175
87 56 179
87 57 179
87 58 192
87 59 177
87 60 184
87 61 184
87 62 184
87 63 187
87 64 169
87 65 187
87 66 191
87 67 176
87 68 183
87 69 188
87 70 183
87 71 186
87 72 187
87 73 190
87 74 180
87 75 199
87 76 184
87 77 194
87 78 196
87 79 182
87 80 192
87 81 204
87 82 186
87 83 192
87 84 186
87 85 202
87 86 200
87 87 188
87 88 196
87 89 194
87 90 194
87 91 196
87 92 194
87 93 192
87 94 190
87 95 192
87 96 185
87 97 198
87 98 184
87 99 200
87 100 196
87 101 4087
88 1 2
88 2 2
88 3 2
88 4 2
88 5 2
88 6 2
88 7 2
88 8 2
88 9 2
88 10 2
88 11 2
88 12 2
88 13 2
88 14 2
88 15 2
88 16 2
88 17 2
88 18 2
88 19 2
88 20 2
88 21 2
88 22 2
88 23 2
88 24 2
88 25 2
88 26 138
88 27 128
88 28 135
88 29 133
88 30 126
88 31 134
88 32 132
88 33 133
88 34 129
88 35 129
88 36 135
88 37 135
88 38 136
88 39 131
88 40 142
88 41 138
88 42 137
88 43 136
88 44 136
88 45 132
88 46 133
88 47 135
88 48 147
88 49 129
88 50 139
88 51 141
88 52 135
88 53 133
88 54 145
88 55 136
88 56 140
88 57 136
88 58 152
88 59 146
88 60 138
88 61 143
88 62 138
88 63 134
88 64 128
88 65 142
88 66 142
88 67 132
88 68 130
88 69 138
88 70 144
88 71 140
88 72 134
88 73 138
88 74 140
88 75 148
88 76 137
88 77 154
88 78 144
88 79 136
88 80 140
88 81 152
88 82 146
88 83 148
88 84 142
88 85 158
88 86 154
88 87 148
88 88 162
88 89 154
88 90 152
88 91 162
88 92 157
88 93 154
88 94 150
88 95 152
88 96 142
88 97 159
88 98 134
88 99 152
88 100 156
88 101 3968
89 1 2
89 2 2
89 3 2
89 4 2
89 5 2
89 6 2
89 7 2
89 8 2
89 9 2
89 10 2
89 11 2
89 12 2
89 13 2
89 14 2
89 15 2
89 16 2
89 17 2
89 18 2
89 19 2
89 20 2
89 21 2
89 22 2
89 23 2
89 24 2
89 25 2
89 26 186
89 27 180
89 28 182
89 29 175
89 30 171
89 31 178
89 32 174
89 33 178
89 34 181
89 35 173
89 36 177
89 37 180
89 38 180
89 39 180
89 40 180
89 41 182
89 42 176
89 43 179
89 44 182
89 45 182
89 46 184
89 47 180
89 48 198
89 49 179
89 50 189
89 51 189
89 52 171
89 53 183
89 54 185
89 55 183
89 56 190
89 57 182
89 58 195
89 59 180
89 60 181
89 61 186
89 62 184
89 63 180
89 64 177
89 65 189
89 66 197
89 67 186
89 68 183
89 69 186
89 70 186
89 71 186
89 72 188
89 73 194
89 74 184
89 75 202
89 76 186
89 77 196
89 78 198
89 79 186
89 80 198
89 81 204
89 82 196
89 83 194
89 84 192
89 85 207
89 86 200
89 87 196
89 88 206
89 89 202
89 90 198
89 91 203
89 92 194
89 93 193
89 94 192
89 95 198
89 96 192
89 97 209
89 98 190
89 99 199
89 100 192
89 101 4105
90 1 2
90 2 2
90 3 2
90 4 2
90 5 2
90 6 2
90 7 2
90 8 2
90 9 2
90 10 2
90 11 2
90 12 2
90 13 2
90 14 2
90 15 2
90 16 2
90 17 2
90 18 2
90 19 2
90 20 2
90 21 2
90 22 2
90 23 2
90 24 2
90 25 2
90 26 123
90 27 117
90 28 118
90 29 117
90 30 115
90 31 120
90 32 112
90 33 121
90 34 126
90 35 117
90 36 122
90 37 118
90 38 128
90 39 122
90 40 123
90 41 130
90 42 120
90 43 118
90 44 126
90 45 123
90 46 127
90 47 119
90 48 137
90 49 129
90 50 131
90 51 132
90 52 118
90 53 121
90 54 127
90 55 122
90 56 131
90 57 133
90 58 139
90 59 125
90 60 125
90 61 126
90 62 118
90 63 126
90 64 120
90 65 129
90 66 130
90 67 122
90 68 132
90 69 127
90 70 126
90 71 125
90 72 132
90 73 128
90 74 130
90 75 136
90 76 121
90 77 138
90 78 134
90 79 125
90 80 134
90 81 144
90 82 125
90 83 140
90 84 133
90 85 144
90 86 142
90 87 135
90 88 142
90 89 143
90 90 143
90 91 147
90 92 139
90 93 140
90 94 136
90 95 140
90 96 130
90 97 143
90 98 126
90 99 144
90 100 135
90 101 3858
91 1 2
91 2 2
91 3 2
91 4 2
91 5 2
91 6 2
91 7 2
91 8 2
91 9 2
91 10 2
91 11 2
91 12 2
91 13 2
91 14 2
91 15 2
91 16 2
91 17 2
91 18 2
91 19 2
91 20 2
91 21 2
91 22 2
91 23 2
91 24 2
91 25 2
91 26 177
91 27 170
91 28 176
91 29 169
91 30 168
91 31 170
91 32 168
91 33 167
91 34 175
91 35 171
91 36 169
91 37 174
91 38 176
91 39 172
91 40 176
91 41 178
91 42 175
91 43 169
91 44 171
91 45 177
91 46 177
91 47 173
91 48 181
91 49 169
91 50 175
91 51 176
91 52 165
91 53 171
91 54 175
91 55 170
91 56 177
91 57 175
91 58 189
91 59 174
91 60 175
91 61 180
91 62 176
91 63 174
91 64 166
91 65 178
91 66 177
91 67 176
91 68 176
91 69 180
91 70 176
91 71 173
91 72 176
91 73 184
91 74 176
91 75 187
91 76 178
91 77 186
91 78 186
91 79 180
91 80 183
91 81 191
91 82 186
91 83 186
91 84 178
91 85 197
91 86 187
91 87 183
91 88 194
91 89 193
91 90 191
91 91 199
91 92 190
91 93 189
91 94 184
91 95 189
91 96 180
91 97 197
91 98 171
91 99 183
91 100 189
91 101 4146
92 1 2
92 2 2
92 3 2
92 4 2
92 5 2
92 6 2
92 7 2
92 8 2
92 9 2
92 10 2
92 11 2
92 12 2
92 13 2
92 14 2
92 15 2
92 16 2
92 17 2
92 18 2
92 19 2
92 20 2
92 21 2
92 22 2
92 23 2
92 24 2
92 25 2
92 26 133
92 27 124
92 28 135
92 29 128
92 30 124
92 31 127
92 32 124
92 33 129
92 34 131
92 35 127
92 36 130
92 37 125
92 38 132
92 39 132
92 40 136
92 41 135
92 42 127
92 43 130
92 44 135
92 45 123
92 46 129
92 47 123
92 48 139
92 49 127
92 50 129
92 51 133
92 52 126
92 53 123
92 54 137
92 55 133
92 56 134
92 57 128
92 58 146
92 59 136
92 60 136
92 61 134
92 62 132
92 63 138
92 64 124
92 65 138
92 66 142
92 67 131
92 68 140
92 69 142
92 70 138
92 71 134
92 72 133
92 73 143
92 74 136
92 75 152
92 76 137
92 77 146
92 78 152
92 79 138
92 80 141
92 81 145
92 82 144
92 83 148
92 84 140
92 85 152
92 86 148
92 87 142
92 88 155
92 89 145
92 90 147
92 91 158
92 92 149
92 93 147
92 94 141
92 95 145
92 96 137
92 97 151
92 98 129
92 99 147
92 100 151
92 101 3888
93 1 2
93 2 2
93 3 2
93 4 2
93 5 2
93 6 2
93 7 2
93 8 2
93 9 2
93 10 2
93 11 2
93 12 2
93 13 2
93 14 2
93 15 2
93 16 2
93 17 2
93 18 2
93 19 2
93 20 2
93 21 2
93 22 2
93 23 2
93 24 2
93 25 2
93 26 188
93 27 184
93 28 181
93 29 187
93 30 174
93 31 186
93 32 171
93 33 183
93 34 181
93 35 180
93 36 184
93 37 186
93 38 182
93 39 186
93 40 183
93 41 185
93 42 181
93 43 190
93 44 187
93 45 189
93 46 186
93 47 187
93 48 194
93 49 177
93 50 193
93 51 198
93 52 180
93 53 190
93 54 195
93 55 186
93 56 186
93 57 184
93 58 204
93 59 190
93 60 190
93 61 194
93 62 186
93 63 183
93 64 170
93 65 187
93 66 190
93 67 176
93 68 185
93 69 186
93 70 188
93 71 193
93 72 180
93 73 182
93 74 191
93 75 197
93 76 185
93 77 205
93 78 201
93 79 191
93 80 193
93 81 203
93 82 195
93 83 195
93 84 192
93 85 209
93 86 206
93 87 197
93 88 203
93 89 201
93 90 203
93 91 211
93 92 207
93 93 205
93 94 201
93 95 203
93 96 195
93 97 209
93 98 195
93 99 209
93 100 209
93 101 4090
94 1 2
94 2 2
94 3 2
94 4 2
94 5 2
94 6 2
94 7 2
94 8 2
94 9 2
94 10 2
94 11 2
94 12 2
94 13 2
94 14 2
94 15 2
94 16 2
94 17 2
94 18 2
94 19 2
94 20 2
94 21 2
94 22 2
94 23 2
94 24 2
94 25 2
94 26 162
94 27 156
94 28 159
94 29 161
94 30 154
94 31 156
94 32 154
94 33 153
94 34 157
94 35 160
94 36 153
94 37 164
94 38 153
94 39 160
94 40 160
94 41 159
94 42 157
94 43 157
94 44 157
94 45 159
94 46 159
94 47 159
94 48 163
94 49 153
94 50 163
94 51 164
94 52 150
94 53 156
94 54 168
94 55 156
94 56 156
94 57 152
94 58 168
94 59 162
94 60 156
94 61 163
94 62 164
94 63 163
94 64 148
94 65 161
94 66 169
94 67 158
94 68 165
94 69 174
94 70 167
94 71 163
94 72 159
94 73 171
94 74 165
94 75 174
94 76 164
94 77 175
94 78 176
94 79 163
94 80 165
94 81 175
94 82 170
94 83 177
94 84 165
94 85 181
94 86 177
94 87 165
94 88 177
94 89 171
94 90 169
94 91 181
94 92 177
94 93 173
94 94 177
94 95 173
94 96 161
94 97 181
94 98 159
94 99 174
94 100 175
94 101 4091
95 1 2
95 2 2
95 3 2
95 4 2
95 5 2
95 6 2
95 7 2
95 8 2
95 9 2
95 10 2
95 11 2
95 12 2
95 13 2
95 14 2
95 15 2
95 16 2
95 17 2
95 18 2
95 19 2
95 20 2
95 21 2
95 22 2
95 23 2
95 24 2
95 25 2
95 26 147
95 27 141
95 28 143
95 29 142
95 30 134
95 31 141
95 32 131
95 33 143
95 34 139
95 35 136
95 36 144
95 37 140
95 38 145
95 39 137
95 40 129
95 41 145
95 42 142
95 43 141
95 44 143
95 45 145
95 46 147
95 47 140
95 48 154
95 49 146
95 50 155
95 51 158
95 52 138
95 53 150
95 54 148
95 55 146
95 56 148
95 57 148
95 58 160
95 59 143
95 60 148
95 61 153
95 62 140
95 63 146
95 64 140
95 65 153
95 66 156
95 67 147
95 68 148
95 69 143
95 70 146
95 71 146
95 72 153
95 73 143
95 74 142
95 75 157
95 76 137
95 77 151
95 78 151
95 79 147
95 80 149
95 81 163
95 82 151
95 83 151
95 84 149
95 85 165
95 86 157
95 87 153
95 88 162
95 89 157
95 90 161
95 91 164
95 92 157
95 93 155
95 94 159
95 95 161
95 96 155
95 97 169
95 98 153
95 99 169
95 100 168
95 101 3892
96 1 2
96 2 2
96 3 2
96 4 2
96 5 2
96 6 2
96 7 2
96 8 2
96 9 2
96 10 2
96 11 2
96 12 2
96 13 2
96 14 2
96 15 2
96 16 2
96 17 2
96 18 2
96 19 2
96 20 2
96 21 2
96 22 2
96 23 2
96 24 2
96 25 2
96 26 140
96 27 134
96 28 133
96 29 134
96 30 126
96 31 128
96 32 125
96 33 125
96 34 132
96 35 134
96 36 128
96 37 124
96 38 130
96 39 137
96 40 128
96 41 139
96 42 135
96 43 134
96 44 137
96 45 136
96 46 133
96 47 134
96 48 146
96 49 133
96 50 138
96 51 144
96 52 128
96 53 134
96 54 137
96 55 128
96 56 138
96 57 128
96 58 150
96 59 141
96 60 139
96 61 140
96 62 134
96 63 145
96 64 129
96 65 134
96 66 145
96 67 133
96 68 145
96 69 139
96 70 133
96 71 133
96 72 139
96 73 134
96 74 135
96 75 153
96 76 131
96 77 145
96 78 149
96 79 143
96 80 139
96 81 149
96 82 145
96 83 141
96 84 135
96 85 151
96 86 143
96 87 143
96 88 150
96 89 145
96 90 153
96 91 153
96 92 147
96 93 149
96 94 149
96 95 151
96 96 150
96 97 158
96 98 145
96 99 154
96 100 155
96 101 3929
97 1 2
97 2 2
97 3 2
97 4 2
97 5 2
97 6 2
97 7 2
97 8 2
97 9 2
97 10 2
97 11 2
97 12 2
97 13 2
97 14 2
97 15 2
97 16 2
97 17 2
97 18 2
97 19 2
97 20 2
97 21 2
97 22 2
97 23 2
97 24 2
97 25 2
97 26 187
97 27 177
97 28 188
97 29 184
97 30 177
97 31 182
97 32 185
97 33 181
97 34 182
97 35 182
97 36 186
97 37 194
97 38 187
97 39 193
97 40 185
97 41 197
97 42 186
97 43 187
97 44 192
97 45 194
97 46 191
97 47 193
97 48 201
97 49 184
97 50 200
97 51 204
97 52 184
97 53 186
97 54 196
97 55 186
97 56 190
97 57 183
97 58 202
97 59 200
97 60 192
97 61 195
97 62 198
97 63 193
97 64 187
97 65 195
97 66 201
97 67 195
97 68 195
97 69 196
97 70 195
97 71 195
97 72 189
97 73 189
97 74 189
97 75 205
97 76 189
97 77 205
97 78 207
97 79 195
97 80 193
97 81 211
97 82 203
97 83 197
97 84 193
97 85 211
97 86 207
97 87 197
97 88 201
97 89 202
97 90 203
97 91 208
97 92 197
97 93 197
97 94 211
97 95 205
97 96 205
97 97 217
97 98 199
97 99 210
97 100 210
97 101 4117
98 1 2
98 2 2
98 3 2
98 4 2
98 5 2
98 6 2
98 7 2
98 8 2
98 9 2
98 10 2
98 11 2
98 12 2
98 13 2
98 14 2
98 15 2
98 16 2
98 17 2
98 18 2
98 19 2
98 20 2
98 21 2
98 22 2
98 23 2
98 24 2
98 25 2
98 26 162
98 27 151
98 28 159
98 29 162
98 30 154
98 31 153
98 32 152
98 33 157
98 34 154
98 35 162
98 36 164
98 37 161
98 38 161
98 39 167
98 40 165
98 41 171
98 42 165
98 43 161
98 44 172
98 45 166
98 46 162
98 47 166
98 48 174
98 49 166
98 50 168
98 51 174
98 52 160
98 53 160
98 54 173
98 55 164
98 56 164
98 57 161
98 58 174
98 59 172
98 60 163
98 61 165
98 62 162
98 63 169
98 64 153
98 65 161
98 66 173
98 67 163
98 68 167
98 69 169
98 70 165
98 71 167
98 72 161
98 73 161
98 74 166
98 75 174
98 76 157
98 77 181
98 78 175
98 79 167
98 80 163
98 81 181
98 82 171
98 83 174
98 84 166
98 85 183
98 86 176
98 87 176
98 88 179
98 89 176
98 90 176
98 91 181
98 92 173
98 93 175
98 94 178
98 95 175
98 96 173
98 97 188
98 98 176
98 99 184
98 100 185
98 101 4059
99 1 2
99 2 2
99 3 2
99 4 2
99 5 2
99 6 2
99 7 2
99 8 2
99 9 2
99 10 2
99 11 2
99 12 2
99 13 2
99 14 2
99 15 2
99 16 2
99 17 2
99 18 2
99 19 2
99 20 2
99 21 2
99 22 2
99 23 2
99 24 2
99 25 2
99 26 180
99 27 171
99 28 173
99 29 174
99 30 170
99 31 167
99 32 169
99 33 172
99 34 170
99 35 176
99 36 180
99 37 181
99 38 178
99 39 181
99 40 171
99 41 185
99 42 177
99 43 176
99 44 182
99 45 181
99 46 176
99 47 180
99 48 188
99 49 176
99 50 188
99 51 190
99 52 174
99 53 177
99 54 188
99 55 177
99 56 178
99 57 179
99 58 188
99 59 181
99 60 181
99 61 179
99 62 183
99 63 183
99 64 169
99 65 185
99 66 193
99 67 183
99 68 185
99 69 189
99 70 182
99 71 185
99 72 185
99 73 183
99 74 174
99 75 196
99 76 179
99 77 195
99 78 198
99 79 181
99 80 183
99 81 199
99 82 189
99 83 189
99 84 186
99 85 202
99 86 193
99 87 190
99 88 194
99 89 190
99 90 190
99 91 192
99 92 188
99 93 187
99 94 192
99 95 192
99 96 188
99 97 200
99 98 190
99 99 201
99 100 200
99 101 4073
100 1 2
100 2 2
100 3 2
100 4 2
100 5 2
100 6 2
100 7 2
100 8 2
100 9 2
100 10 2
100 11 2
100 12 2
100 13 2
100 14 2
100 15 2
100 16 2
100 17 2
100 18 2
100 19 2
100 20 2
100 21 2
100 22 2
100 23 2
100 24 2
100 25 2
100 26 68
100 27 59
100 28 72
100 29 70
100 30 58
100 31 62
100 32 69
100 33 68
100 34 66
100 35 72
100 36 76
100 37 77
100 38 73
100 39 71
100 40 73
100 41 85
100 42 75
100 43 73
100 44 80
100 45 77
100 46 76
100 47 82
100 48 84
100 49 72
100 50 86
100 51 91
100 52 80
100 53 75
100 54 82
100 55 73
100 56 80
100 57 82
100 58 91
100 59 86
100 60 78
100 61 81
100 62 83
100 63 79
100 64 71
100 65 81
100 66 91
100 67 87
100 68 86
100 69 85
100 70 83
100 71 82
100 72 84
100 73 78
100 74 79
100 75 95
100 76 71
100 77 88
100 78 92
100 79 85
100 80 83
100 81 98
100 82 90
100 83 88
100 84 77
100 85 96
100 86 91
100 87 81
100 88 91
100 89 91
100 90 88
100 91 89
100 92 88
100 93 88
100 94 89
100 95 92
100 96 89
100 97 98
100 98 84
100 99 96
100 100 106
100 101 3796
