1 1 20
1 2 17
1 3 19
1 4 19
1 5 20
1 6 20
1 7 20
1 8 20
1 9 20
1 10 20
1 11 20
1 12 20
1 13 20
1 14 20
1 15 20
1 16 20
1 17 20
1 18 19
1 19 20
1 20 20
1 21 20
1 22 20
1 23 20
1 24 19
1 25 20
1 26 20
1 27 20
1 28 20
1 29 20
1 30 20
1 31 20
1 32 20
1 33 20
1 34 20
1 35 20
1 36 20
1 37 19
1 38 20
1 39 20
1 40 20
1 41 20
1 42 20
1 43 20
1 44 20
1 45 20
1 46 20
1 47 20
1 48 20
1 49 20
1 50 20
1 51 2
2 1 20
2 2 20
2 3 20
2 4 20
2 5 20
2 6 20
2 7 20
2 8 20
2 9 20
2 10 20
2 11 20
2 12 20
2 13 20
2 14 20
2 15 20
2 16 20
2 17 20
2 18 19
2 19 20
2 20 20
2 21 20
2 22 20
2 23 20
2 24 20
2 25 20
2 26 20
2 27 20
2 28 20
2 29 20
2 30 20
2 31 20
2 32 20
2 33 20
2 34 20
2 35 19
2 36 20
2 37 20
2 38 20
2 39 20
2 40 20
2 41 20
2 42 20
2 43 20
2 44 20
2 45 20
2 46 19
2 47 20
2 48 20
2 49 20
2 50 20
2 51 20
3 1 20
3 2 20
3 3 20
3 4 20
3 5 20
3 6 20
3 7 20
3 8 18
3 9 20
3 10 20
3 11 20
3 12 20
3 13 20
3 14 20
3 15 20
3 16 20
3 17 20
3 18 20
3 19 20
3 20 18
3 21 20
3 22 20
3 23 20
3 24 19
3 25 20
3 26 20
3 27 20
3 28 20
3 29 20
3 30 20
3 31 20
3 32 18
3 33 20
3 34 20
3 35 20
3 36 20
3 37 20
3 38 20
3 39 20
3 40 20
3 41 20
3 42 20
3 43 20
3 44 20
3 45 20
3 46 20
3 47 20
3 48 20
3 49 20
3 50 20
3 51 20
4 1 20
4 2 20
4 3 20
4 4 18
4 5 20
4 6 19
4 7 20
4 8 19
4 9 20
4 10 20
4 11 20
4 12 20
4 13 20
4 14 20
4 15 20
4 16 20
4 17 20
4 18 20
4 19 20
4 20 20
4 21 20
4 22 19
4 23 20
4 24 20
4 25 20
4 26 20
4 27 20
4 28 20
4 29 20
4 30 20
4 31 20
4 32 20
4 33 20
4 34 20
4 35 20
4 36 19
4 37 18
4 38 20
4 39 19
4 40 20
4 41 20
4 42 20
4 43 20
4 44 20
4 45 20
4 46 20
4 47 20
4 48 20
4 49 20
4 50 20
4 51 20
5 1 20
5 2 20
5 3 20
5 4 20
5 5 20
5 6 19
5 7 20
5 8 20
5 9 20
5 10 20
5 11 19
5 12 20
5 13 19
5 14 20
5 15 20
5 16 20
5 17 20
5 18 20
5 19 20
5 20 19
5 21 20
5 22 20
5 23 20
5 24 20
5 25 20
5 26 20
5 27 20
5 28 19
5 29 20
5 30 20
5 31 20
5 32 20
5 33 20
5 34 19
5 35 20
5 36 20
5 37 20
5 38 19
5 39 20
5 40 20
5 41 20
5 42 20
5 43 20
5 44 20
5 45 20
5 46 20
5 47 20
5 48 20
5 49 20
5 50 20
5 51 20
6 1 20
6 2 20
6 3 20
6 4 20
6 5 20
6 6 20
6 7 20
6 8 20
6 9 19
6 10 20
6 11 20
6 12 20
6 13 20
6 14 20
6 15 19
6 16 18
6 17 20
6 18 20
6 19 20
6 20 20
6 21 20
6 22 20
6 23 20
6 24 20
6 25 20
6 26 20
6 27 20
6 28 20
6 29 19
6 30 20
6 31 20
6 32 20
6 33 20
6 34 20
6 35 20
6 36 20
6 37 20
6 38 20
6 39 20
6 40 20
6 41 20
6 42 20
6 43 20
6 44 20
6 45 20
6 46 20
6 47 20
6 48 20
6 49 19
6 50 19
6 51 19
7 1 20
7 2 20
7 3 20
7 4 20
7 5 20
7 6 20
7 7 19
7 8 20
7 9 18
7 10 20
7 11 20
7 12 20
7 13 20
7 14 19
7 15 19
7 16 20
7 17 20
7 18 19
7 19 19
7 20 20
7 21 20
7 22 20
7 23 20
7 24 20
7 25 20
7 26 20
7 27 20
7 28 20
7 29 20
7 30 20
7 31 20
7 32 20
7 33 20
7 34 20
7 35 17
7 36 19
7 37 20
7 38 19
7 39 20
7 40 20
7 41 20
7 42 20
7 43 19
7 44 20
7 45 20
7 46 20
7 47 19
7 48 20
7 49 20
7 50 20
7 51 20
8 1 20
8 2 20
8 3 20
8 4 19
8 5 20
8 6 20
8 7 20
8 8 20
8 9 20
8 10 20
8 11 20
8 12 20
8 13 19
8 14 20
8 15 20
8 16 20
8 17 19
8 18 18
8 19 20
8 20 20
8 21 20
8 22 19
8 23 20
8 24 20
8 25 19
8 26 20
8 27 20
8 28 20
8 29 20
8 30 20
8 31 20
8 32 20
8 33 19
8 34 20
8 35 20
8 36 20
8 37 20
8 38 20
8 39 20
8 40 19
8 41 20
8 42 20
8 43 19
8 44 20
8 45 20
8 46 20
8 47 20
8 48 20
8 49 19
8 50 20
8 51 20
9 1 20
9 2 19
9 3 20
9 4 20
9 5 20
9 6 20
9 7 19
9 8 20
9 9 20
9 10 20
9 11 20
9 12 20
9 13 20
9 14 20
9 15 20
9 16 20
9 17 20
9 18 20
9 19 20
9 20 20
9 21 20
9 22 20
9 23 20
9 24 20
9 25 20
9 26 20
9 27 20
9 28 20
9 29 20
9 30 20
9 31 20
9 32 20
9 33 20
9 34 20
9 35 20
9 36 20
9 37 20
9 38 20
9 39 20
9 40 20
9 41 19
9 42 20
9 43 20
9 44 20
9 45 20
9 46 19
9 47 20
9 48 20
9 49 20
9 50 20
9 51 20
10 1 20
10 2 20
10 3 20
10 4 19
10 5 20
10 6 20
10 7 20
10 8 20
10 9 18
10 10 20
10 11 20
10 12 19
10 13 20
10 14 20
10 15 20
10 16 20
10 17 19
10 18 20
10 19 20
10 20 20
10 21 20
10 22 20
10 23 20
10 24 20
10 25 20
10 26 20
10 27 20
10 28 20
10 29 20
10 30 20
10 31 20
10 32 20
10 33 19
10 34 19
10 35 20
10 36 20
10 37 20
10 38 20
10 39 20
10 40 20
10 41 20
10 42 20
10 43 20
10 44 20
10 45 20
10 46 20
10 47 20
10 48 20
10 49 19
10 50 20
10 51 20
11 1 20
11 2 20
11 3 20
11 4 20
11 5 20
11 6 20
11 7 20
11 8 20
11 9 20
11 10 18
11 11 20
11 12 20
11 13 20
11 14 20
11 15 20
11 16 20
11 17 20
11 18 20
11 19 19
11 20 20
11 21 20
11 22 20
11 23 20
11 24 20
11 25 20
11 26 20
11 27 20
11 28 19
11 29 19
11 30 20
11 31 20
11 32 20
11 33 20
11 34 20
11 35 20
11 36 20
11 37 20
11 38 20
11 39 20
11 40 20
11 41 20
11 42 20
11 43 20
11 44 20
11 45 20
11 46 20
11 47 20
11 48 20
11 49 20
11 50 20
11 51 20
12 1 20
12 2 20
12 3 20
12 4 20
12 5 20
12 6 20
12 7 20
12 8 20
12 9 20
12 10 20
12 11 20
12 12 20
12 13 20
12 14 20
12 15 20
12 16 20
12 17 20
12 18 19
12 19 20
12 20 20
12 21 20
12 22 20
12 23 20
12 24 20
12 25 20
12 26 19
12 27 20
12 28 20
12 29 20
12 30 20
12 31 20
12 32 19
12 33 20
12 34 20
12 35 20
12 36 20
12 37 20
12 38 20
12 39 20
12 40 20
12 41 20
12 42 20
12 43 20
12 44 20
12 45 20
12 46 20
12 47 20
12 48 20
12 49 20
12 50 20
12 51 20
13 1 20
13 2 20
13 3 20
13 4 20
13 5 20
13 6 20
13 7 20
13 8 20
13 9 20
13 10 20
13 11 20
13 12 20
13 13 20
13 14 20
13 15 20
13 16 20
13 17 20
13 18 18
13 19 20
13 20 20
13 21 20
13 22 20
13 23 19
13 24 18
13 25 20
13 26 20
13 27 20
13 28 20
13 29 20
13 30 20
13 31 20
13 32 20
13 33 20
13 34 20
13 35 20
13 36 20
13 37 20
13 38 20
13 39 20
13 40 20
13 41 20
13 42 20
13 43 20
13 44 20
13 45 20
13 46 20
13 47 20
13 48 20
13 49 20
13 50 20
13 51 20
14 1 20
14 2 20
14 3 20
14 4 20
14 5 20
14 6 20
14 7 20
14 8 20
14 9 20
14 10 20
14 11 20
14 12 20
14 13 20
14 14 20
14 15 20
14 16 20
14 17 20
14 18 20
14 19 20
14 20 20
14 21 20
14 22 20
14 23 18
14 24 20
14 25 20
14 26 20
14 27 20
14 28 20
14 29 20
14 30 20
14 31 20
14 32 19
14 33 20
14 34 20
14 35 20
14 36 20
14 37 20
14 38 20
14 39 19
14 40 20
14 41 20
14 42 19
14 43 20
14 44 20
14 45 20
14 46 20
14 47 20
14 48 20
14 49 20
14 50 20
14 51 20
15 1 20
15 2 19
15 3 19
15 4 20
15 5 20
15 6 20
15 7 20
15 8 20
15 9 19
15 10 19
15 11 20
15 12 20
15 13 19
15 14 20
15 15 19
15 16 20
15 17 20
15 18 20
15 19 20
15 20 20
15 21 19
15 22 20
15 23 20
15 24 20
15 25 20
15 26 20
15 27 20
15 28 20
15 29 20
15 30 20
15 31 20
15 32 20
15 33 20
15 34 20
15 35 20
15 36 20
15 37 20
15 38 20
15 39 20
15 40 20
15 41 20
15 42 20
15 43 20
15 44 20
15 45 20
15 46 20
15 47 20
15 48 20
15 49 20
15 50 20
15 51 19
16 1 20
16 2 20
16 3 19
16 4 20
16 5 20
16 6 20
16 7 20
16 8 19
16 9 20
16 10 20
16 11 20
16 12 19
16 13 20
16 14 20
16 15 20
16 16 20
16 17 20
16 18 20
16 19 20
16 20 20
16 21 18
16 22 20
16 23 20
16 24 19
16 25 20
16 26 20
16 27 20
16 28 20
16 29 20
16 30 20
16 31 20
16 32 20
16 33 20
16 34 20
16 35 20
16 36 20
16 37 19
16 38 20
16 39 20
16 40 20
16 41 20
16 42 20
16 43 20
16 44 20
16 45 20
16 46 20
16 47 20
16 48 20
16 49 20
16 50 20
16 51 20
17 1 20
17 2 20
17 3 20
17 4 20
17 5 20
17 6 20
17 7 20
17 8 20
17 9 20
17 10 20
17 11 20
17 12 20
17 13 20
17 14 20
17 15 20
17 16 20
17 17 20
17 18 20
17 19 20
17 20 20
17 21 20
17 22 20
17 23 20
17 24 20
17 25 20
17 26 20
17 27 20
17 28 20
17 29 20
17 30 20
17 31 20
17 32 20
17 33 20
17 34 20
17 35 20
17 36 20
17 37 20
17 38 20
17 39 20
17 40 20
17 41 19
17 42 20
17 43 20
17 44 20
17 45 20
17 46 20
17 47 20
17 48 20
17 49 20
17 50 20
17 51 20
18 1 20
18 2 20
18 3 20
18 4 20
18 5 20
18 6 20
18 7 20
18 8 20
18 9 20
18 10 20
18 11 20
18 12 20
18 13 20
18 14 20
18 15 20
18 16 20
18 17 20
18 18 20
18 19 20
18 20 20
18 21 20
18 22 20
18 23 20
18 24 20
18 25 20
18 26 20
18 27 20
18 28 20
18 29 20
18 30 20
18 31 20
18 32 20
18 33 20
18 34 19
18 35 20
18 36 20
18 37 20
18 38 20
18 39 19
18 40 19
18 41 20
18 42 20
18 43 20
18 44 20
18 45 20
18 46 20
18 47 20
18 48 19
18 49 20
18 50 20
18 51 20
19 1 20
19 2 20
19 3 19
19 4 20
19 5 20
19 6 20
19 7 20
19 8 20
19 9 20
19 10 20
19 11 20
19 12 20
19 13 20
19 14 20
19 15 19
19 16 20
19 17 20
19 18 20
19 19 20
19 20 20
19 21 20
19 22 20
19 23 20
19 24 20
19 25 20
19 26 20
19 27 20
19 28 20
19 29 20
19 30 20
19 31 20
19 32 18
19 33 20
19 34 20
19 35 20
19 36 20
19 37 20
19 38 20
19 39 20
19 40 20
19 41 20
19 42 20
19 43 20
19 44 20
19 45 20
19 46 20
19 47 20
19 48 19
19 49 20
19 50 20
19 51 20
20 1 20
20 2 20
20 3 20
20 4 20
20 5 19
20 6 20
20 7 20
20 8 20
20 9 20
20 10 20
20 11 19
20 12 20
20 13 20
20 14 20
20 15 19
20 16 20
20 17 20
20 18 20
20 19 20
20 20 20
20 21 20
20 22 20
20 23 20
20 24 20
20 25 20
20 26 20
20 27 20
20 28 20
20 29 20
20 30 20
20 31 20
20 32 20
20 33 20
20 34 20
20 35 20
20 36 20
20 37 20
20 38 20
20 39 20
20 40 20
20 41 20
20 42 20
20 43 20
20 44 20
20 45 20
20 46 20
20 47 20
20 48 20
20 49 20
20 50 20
20 51 20
21 1 20
21 2 20
21 3 20
21 4 20
21 5 20
21 6 19
21 7 19
21 8 20
21 9 20
21 10 20
21 11 19
21 12 20
21 13 20
21 14 20
21 15 20
21 16 20
21 17 19
21 18 20
21 19 20
21 20 20
21 21 20
21 22 20
21 23 20
21 24 20
21 25 20
21 26 20
21 27 20
21 28 20
21 29 20
21 30 20
21 31 20
21 32 20
21 33 20
21 34 19
21 35 20
21 36 20
21 37 20
21 38 20
21 39 20
21 40 20
21 41 20
21 42 20
21 43 20
21 44 20
21 45 20
21 46 20
21 47 20
21 48 20
21 49 20
21 50 20
21 51 20
22 1 19
22 2 19
22 3 20
22 4 20
22 5 20
22 6 20
22 7 20
22 8 20
22 9 20
22 10 20
22 11 20
22 12 20
22 13 20
22 14 20
22 15 20
22 16 20
22 17 20
22 18 20
22 19 19
22 20 20
22 21 20
22 22 20
22 23 20
22 24 20
22 25 20
22 26 19
22 27 20
22 28 20
22 29 20
22 30 20
22 31 20
22 32 20
22 33 20
22 34 20
22 35 20
22 36 20
22 37 19
22 38 20
22 39 20
22 40 20
22 41 20
22 42 20
22 43 20
22 44 19
22 45 20
22 46 19
22 47 20
22 48 20
22 49 20
22 50 19
22 51 20
23 1 19
23 2 20
23 3 20
23 4 19
23 5 20
23 6 20
23 7 20
23 8 20
23 9 20
23 10 20
23 11 20
23 12 20
23 13 20
23 14 20
23 15 20
23 16 20
23 17 20
23 18 20
23 19 19
23 20 20
23 21 20
23 22 20
23 23 19
23 24 20
23 25 20
23 26 20
23 27 20
23 28 20
23 29 20
23 30 20
23 31 20
23 32 20
23 33 20
23 34 20
23 35 20
23 36 20
23 37 20
23 38 20
23 39 20
23 40 20
23 41 20
23 42 20
23 43 20
23 44 20
23 45 20
23 46 20
23 47 20
23 48 18
23 49 20
23 50 20
23 51 20
24 1 20
24 2 20
24 3 20
24 4 20
24 5 20
24 6 20
24 7 20
24 8 20
24 9 20
24 10 20
24 11 20
24 12 20
24 13 19
24 14 20
24 15 20
24 16 19
24 17 20
24 18 20
24 19 20
24 20 20
24 21 20
24 22 20
24 23 20
24 24 20
24 25 20
24 26 20
24 27 20
24 28 20
24 29 20
24 30 20
24 31 20
24 32 20
24 33 19
24 34 19
24 35 20
24 36 20
24 37 20
24 38 20
24 39 20
24 40 20
24 41 20
24 42 20
24 43 20
24 44 20
24 45 20
24 46 20
24 47 20
24 48 20
24 49 20
24 50 20
24 51 20
25 1 20
25 2 20
25 3 20
25 4 20
25 5 20
25 6 20
25 7 19
25 8 20
25 9 20
25 10 20
25 11 20
25 12 20
25 13 20
25 14 20
25 15 20
25 16 19
25 17 20
25 18 19
25 19 20
25 20 20
25 21 20
25 22 20
25 23 20
25 24 20
25 25 20
25 26 20
25 27 20
25 28 20
25 29 19
25 30 20
25 31 20
25 32 20
25 33 20
25 34 20
25 35 20
25 36 20
25 37 20
25 38 20
25 39 20
25 40 20
25 41 20
25 42 20
25 43 20
25 44 20
25 45 20
25 46 20
25 47 20
25 48 20
25 49 20
25 50 20
25 51 20
26 1 20
26 2 20
26 3 20
26 4 20
26 5 20
26 6 19
26 7 19
26 8 20
26 9 20
26 10 20
26 11 20
26 12 20
26 13 20
26 14 20
26 15 20
26 16 20
26 17 20
26 18 19
26 19 20
26 20 20
26 21 20
26 22 20
26 23 20
26 24 20
26 25 20
26 26 20
26 27 20
26 28 20
26 29 20
26 30 20
26 31 19
26 32 20
26 33 20
26 34 20
26 35 20
26 36 19
26 37 20
26 38 20
26 39 20
26 40 20
26 41 20
26 42 20
26 43 20
26 44 20
26 45 20
26 46 20
26 47 20
26 48 20
26 49 20
26 50 20
26 51 20
27 1 20
27 2 20
27 3 20
27 4 20
27 5 20
27 6 19
27 7 20
27 8 20
27 9 20
27 10 20
27 11 20
27 12 20
27 13 20
27 14 20
27 15 20
27 16 19
27 17 20
27 18 19
27 19 20
27 20 19
27 21 20
27 22 20
27 23 20
27 24 20
27 25 20
27 26 20
27 27 20
27 28 20
27 29 20
27 30 20
27 31 20
27 32 20
27 33 20
27 34 20
27 35 20
27 36 20
27 37 20
27 38 20
27 39 20
27 40 20
27 41 20
27 42 20
27 43 20
27 44 20
27 45 20
27 46 20
27 47 20
27 48 20
27 49 19
27 50 20
27 51 19
28 1 19
28 2 20
28 3 20
28 4 20
28 5 20
28 6 20
28 7 20
28 8 20
28 9 20
28 10 20
28 11 20
28 12 20
28 13 20
28 14 20
28 15 20
28 16 20
28 17 20
28 18 20
28 19 20
28 20 20
28 21 20
28 22 20
28 23 20
28 24 20
28 25 20
28 26 19
28 27 20
28 28 20
28 29 20
28 30 20
28 31 20
28 32 20
28 33 18
28 34 20
28 35 20
28 36 20
28 37 20
28 38 20
28 39 20
28 40 20
28 41 20
28 42 20
28 43 20
28 44 20
28 45 20
28 46 20
28 47 20
28 48 20
28 49 20
28 50 20
28 51 20
29 1 20
29 2 20
29 3 20
29 4 20
29 5 20
29 6 20
29 7 20
29 8 20
29 9 20
29 10 20
29 11 20
29 12 20
29 13 20
29 14 20
29 15 20
29 16 20
29 17 20
29 18 20
29 19 20
29 20 20
29 21 20
29 22 20
29 23 20
29 24 20
29 25 19
29 26 20
29 27 20
29 28 20
29 29 20
29 30 20
29 31 20
29 32 19
29 33 20
29 34 20
29 35 20
29 36 20
29 37 20
29 38 20
29 39 20
29 40 20
29 41 20
29 42 20
29 43 19
29 44 20
29 45 20
29 46 20
29 47 20
29 48 20
29 49 20
29 50 20
29 51 20
30 1 20
30 2 20
30 3 19
30 4 20
30 5 20
30 6 20
30 7 20
30 8 20
30 9 20
30 10 20
30 11 20
30 12 19
30 13 20
30 14 20
30 15 20
30 16 20
30 17 20
30 18 20
30 19 20
30 20 20
30 21 20
30 22 20
30 23 20
30 24 20
30 25 20
30 26 20
30 27 20
30 28 20
30 29 20
30 30 20
30 31 20
30 32 20
30 33 20
30 34 19
30 35 20
30 36 20
30 37 18
30 38 20
30 39 20
30 40 20
30 41 20
30 42 20
30 43 19
30 44 20
30 45 20
30 46 19
30 47 20
30 48 20
30 49 20
30 50 20
30 51 20
31 1 20
31 2 20
31 3 20
31 4 20
31 5 20
31 6 20
31 7 20
31 8 20
31 9 20
31 10 20
31 11 20
31 12 20
31 13 20
31 14 19
31 15 20
31 16 20
31 17 19
31 18 20
31 19 20
31 20 20
31 21 20
31 22 20
31 23 20
31 24 20
31 25 20
31 26 20
31 27 20
31 28 20
31 29 20
31 30 20
31 31 20
31 32 20
31 33 20
31 34 19
31 35 20
31 36 20
31 37 18
31 38 20
31 39 19
31 40 20
31 41 20
31 42 20
31 43 20
31 44 20
31 45 20
31 46 20
31 47 20
31 48 20
31 49 20
31 50 20
31 51 20
32 1 20
32 2 19
32 3 20
32 4 19
32 5 20
32 6 19
32 7 20
32 8 20
32 9 19
32 10 20
32 11 20
32 12 20
32 13 20
32 14 20
32 15 20
32 16 20
32 17 20
32 18 20
32 19 20
32 20 18
32 21 20
32 22 20
32 23 20
32 24 20
32 25 20
32 26 20
32 27 20
32 28 20
32 29 20
32 30 20
32 31 20
32 32 20
32 33 20
32 34 20
32 35 20
32 36 20
32 37 20
32 38 20
32 39 20
32 40 19
32 41 20
32 42 20
32 43 20
32 44 20
32 45 19
32 46 20
32 47 20
32 48 20
32 49 20
32 50 20
32 51 20
33 1 20
33 2 20
33 3 20
33 4 20
33 5 20
33 6 20
33 7 20
33 8 20
33 9 20
33 10 19
33 11 20
33 12 20
33 13 19
33 14 20
33 15 20
33 16 20
33 17 20
33 18 20
33 19 20
33 20 20
33 21 20
33 22 20
33 23 20
33 24 20
33 25 20
33 26 20
33 27 20
33 28 20
33 29 20
33 30 20
33 31 20
33 32 20
33 33 20
33 34 20
33 35 20
33 36 20
33 37 20
33 38 20
33 39 20
33 40 20
33 41 20
33 42 20
33 43 20
33 44 18
33 45 20
33 46 20
33 47 20
33 48 20
33 49 20
33 50 20
33 51 20
34 1 20
34 2 20
34 3 20
34 4 20
34 5 20
34 6 20
34 7 20
34 8 20
34 9 20
34 10 20
34 11 20
34 12 20
34 13 20
34 14 20
34 15 20
34 16 20
34 17 20
34 18 20
34 19 20
34 20 20
34 21 19
34 22 20
34 23 20
34 24 19
34 25 20
34 26 20
34 27 20
34 28 20
34 29 20
34 30 20
34 31 20
34 32 20
34 33 20
34 34 20
34 35 20
34 36 20
34 37 20
34 38 20
34 39 20
34 40 20
34 41 20
34 42 20
34 43 19
34 44 20
34 45 19
34 46 20
34 47 20
34 48 20
34 49 20
34 50 19
34 51 20
35 1 20
35 2 20
35 3 20
35 4 20
35 5 20
35 6 20
35 7 20
35 8 20
35 9 20
35 10 20
35 11 20
35 12 19
35 13 20
35 14 20
35 15 19
35 16 20
35 17 19
35 18 20
35 19 20
35 20 20
35 21 20
35 22 20
35 23 20
35 24 20
35 25 19
35 26 20
35 27 20
35 28 20
35 29 19
35 30 20
35 31 20
35 32 20
35 33 20
35 34 20
35 35 20
35 36 20
35 37 18
35 38 20
35 39 20
35 40 20
35 41 20
35 42 20
35 43 20
35 44 20
35 45 20
35 46 20
35 47 20
35 48 20
35 49 20
35 50 20
35 51 20
36 1 20
36 2 20
36 3 20
36 4 20
36 5 20
36 6 20
36 7 20
36 8 20
36 9 20
36 10 20
36 11 20
36 12 20
36 13 19
36 14 20
36 15 20
36 16 20
36 17 20
36 18 20
36 19 20
36 20 20
36 21 20
36 22 20
36 23 20
36 24 20
36 25 20
36 26 20
36 27 20
36 28 19
36 29 20
36 30 20
36 31 20
36 32 19
36 33 20
36 34 20
36 35 20
36 36 20
36 37 20
36 38 20
36 39 20
36 40 20
36 41 20
36 42 20
36 43 20
36 44 20
36 45 20
36 46 20
36 47 20
36 48 20
36 49 20
36 50 20
36 51 20
37 1 20
37 2 20
37 3 19
37 4 20
37 5 20
37 6 20
37 7 20
37 8 20
37 9 20
37 10 20
37 11 20
37 12 20
37 13 20
37 14 20
37 15 20
37 16 20
37 17 19
37 18 20
37 19 20
37 20 19
37 21 20
37 22 20
37 23 20
37 24 20
37 25 20
37 26 20
37 27 20
37 28 20
37 29 20
37 30 20
37 31 20
37 32 20
37 33 20
37 34 20
37 35 20
37 36 20
37 37 20
37 38 20
37 39 20
37 40 20
37 41 20
37 42 19
37 43 20
37 44 20
37 45 20
37 46 20
37 47 20
37 48 20
37 49 20
37 50 20
37 51 20
38 1 20
38 2 20
38 3 20
38 4 19
38 5 20
38 6 20
38 7 20
38 8 19
38 9 20
38 10 20
38 11 20
38 12 20
38 13 20
38 14 20
38 15 19
38 16 20
38 17 20
38 18 19
38 19 19
38 20 20
38 21 20
38 22 20
38 23 20
38 24 20
38 25 20
38 26 20
38 27 20
38 28 20
38 29 20
38 30 20
38 31 20
38 32 20
38 33 19
38 34 20
38 35 20
38 36 20
38 37 20
38 38 19
38 39 20
38 40 20
38 41 20
38 42 20
38 43 19
38 44 20
38 45 20
38 46 20
38 47 20
38 48 18
38 49 20
38 50 20
38 51 20
39 1 20
39 2 19
39 3 20
39 4 19
39 5 20
39 6 20
39 7 20
39 8 20
39 9 20
39 10 20
39 11 20
39 12 20
39 13 20
39 14 20
39 15 20
39 16 20
39 17 20
39 18 20
39 19 20
39 20 20
39 21 20
39 22 20
39 23 20
39 24 20
39 25 20
39 26 20
39 27 20
39 28 20
39 29 20
39 30 19
39 31 20
39 32 20
39 33 20
39 34 20
39 35 20
39 36 20
39 37 19
39 38 20
39 39 19
39 40 20
39 41 19
39 42 20
39 43 20
39 44 20
39 45 20
39 46 20
39 47 20
39 48 20
39 49 20
39 50 20
39 51 20
40 1 20
40 2 20
40 3 20
40 4 20
40 5 20
40 6 20
40 7 20
40 8 20
40 9 20
40 10 20
40 11 20
40 12 20
40 13 20
40 14 20
40 15 20
40 16 20
40 17 20
40 18 20
40 19 20
40 20 20
40 21 19
40 22 19
40 23 19
40 24 20
40 25 19
40 26 20
40 27 20
40 28 20
40 29 20
40 30 20
40 31 20
40 32 20
40 33 20
40 34 20
40 35 20
40 36 20
40 37 20
40 38 20
40 39 19
40 40 20
40 41 20
40 42 20
40 43 20
40 44 20
40 45 20
40 46 19
40 47 20
40 48 20
40 49 20
40 50 20
40 51 20
41 1 20
41 2 20
41 3 20
41 4 20
41 5 20
41 6 20
41 7 19
41 8 20
41 9 20
41 10 20
41 11 20
41 12 20
41 13 20
41 14 20
41 15 20
41 16 20
41 17 20
41 18 20
41 19 20
41 20 20
41 21 20
41 22 20
41 23 20
41 24 20
41 25 20
41 26 20
41 27 19
41 28 20
41 29 20
41 30 20
41 31 20
41 32 20
41 33 20
41 34 20
41 35 20
41 36 20
41 37 20
41 38 20
41 39 20
41 40 20
41 41 20
41 42 18
41 43 20
41 44 19
41 45 20
41 46 20
41 47 20
41 48 20
41 49 20
41 50 19
41 51 20
42 1 20
42 2 20
42 3 20
42 4 19
42 5 20
42 6 20
42 7 20
42 8 19
42 9 20
42 10 20
42 11 20
42 12 20
42 13 20
42 14 19
42 15 20
42 16 20
42 17 20
42 18 20
42 19 20
42 20 20
42 21 20
42 22 20
42 23 20
42 24 20
42 25 20
42 26 20
42 27 20
42 28 20
42 29 20
42 30 20
42 31 20
42 32 20
42 33 20
42 34 20
42 35 20
42 36 19
42 37 20
42 38 20
42 39 20
42 40 19
42 41 20
42 42 20
42 43 20
42 44 20
42 45 20
42 46 20
42 47 20
42 48 20
42 49 19
42 50 20
42 51 20
43 1 20
43 2 20
43 3 20
43 4 20
43 5 20
43 6 20
43 7 20
43 8 20
43 9 20
43 10 20
43 11 20
43 12 20
43 13 19
43 14 20
43 15 20
43 16 20
43 17 20
43 18 20
43 19 19
43 20 20
43 21 20
43 22 20
43 23 20
43 24 20
43 25 20
43 26 20
43 27 20
43 28 20
43 29 20
43 30 20
43 31 20
43 32 20
43 33 20
43 34 20
43 35 20
43 36 20
43 37 20
43 38 20
43 39 20
43 40 20
43 41 20
43 42 20
43 43 20
43 44 20
43 45 20
43 46 20
43 47 20
43 48 20
43 49 20
43 50 20
43 51 20
44 1 19
44 2 20
44 3 20
44 4 19
44 5 20
44 6 20
44 7 20
44 8 20
44 9 20
44 10 20
44 11 20
44 12 20
44 13 20
44 14 20
44 15 20
44 16 20
44 17 19
44 18 20
44 19 20
44 20 20
44 21 20
44 22 20
44 23 20
44 24 20
44 25 20
44 26 20
44 27 18
44 28 20
44 29 20
44 30 20
44 31 20
44 32 20
44 33 20
44 34 20
44 35 20
44 36 20
44 37 20
44 38 20
44 39 20
44 40 20
44 41 20
44 42 20
44 43 19
44 44 20
44 45 20
44 46 20
44 47 20
44 48 20
44 49 19
44 50 20
44 51 20
45 1 20
45 2 20
45 3 20
45 4 20
45 5 20
45 6 20
45 7 20
45 8 20
45 9 20
45 10 20
45 11 20
45 12 19
45 13 20
45 14 20
45 15 20
45 16 20
45 17 20
45 18 20
45 19 20
45 20 20
45 21 20
45 22 20
45 23 20
45 24 20
45 25 20
45 26 20
45 27 19
45 28 20
45 29 20
45 30 20
45 31 20
45 32 20
45 33 20
45 34 20
45 35 20
45 36 20
45 37 20
45 38 20
45 39 20
45 40 20
45 41 20
45 42 20
45 43 20
45 44 20
45 45 20
45 46 20
45 47 20
45 48 19
45 49 19
45 50 20
45 51 20
46 1 20
46 2 20
46 3 20
46 4 20
46 5 20
46 6 20
46 7 20
46 8 20
46 9 20
46 10 20
46 11 20
46 12 20
46 13 20
46 14 20
46 15 20
46 16 20
46 17 20
46 18 20
46 19 20
46 20 20
46 21 19
46 22 20
46 23 20
46 24 20
46 25 20
46 26 20
46 27 20
46 28 20
46 29 19
46 30 20
46 31 19
46 32 20
46 33 20
46 34 20
46 35 20
46 36 20
46 37 20
46 38 20
46 39 20
46 40 20
46 41 20
46 42 20
46 43 20
46 44 19
46 45 20
46 46 20
46 47 20
46 48 20
46 49 20
46 50 20
46 51 20
47 1 20
47 2 20
47 3 20
47 4 20
47 5 19
47 6 20
47 7 20
47 8 19
47 9 20
47 10 20
47 11 20
47 12 19
47 13 20
47 14 20
47 15 20
47 16 20
47 17 20
47 18 20
47 19 20
47 20 20
47 21 20
47 22 20
47 23 20
47 24 20
47 25 20
47 26 20
47 27 20
47 28 20
47 29 20
47 30 20
47 31 20
47 32 20
47 33 20
47 34 20
47 35 18
47 36 20
47 37 20
47 38 20
47 39 20
47 40 19
47 41 20
47 42 19
47 43 20
47 44 20
47 45 20
47 46 20
47 47 20
47 48 20
47 49 20
47 50 20
47 51 20
48 1 20
48 2 20
48 3 20
48 4 20
48 5 20
48 6 20
48 7 20
48 8 20
48 9 19
48 10 20
48 11 20
48 12 20
48 13 20
48 14 19
48 15 20
48 16 20
48 17 20
48 18 20
48 19 20
48 20 20
48 21 20
48 22 20
48 23 20
48 24 20
48 25 19
48 26 20
48 27 20
48 28 20
48 29 20
48 30 20
48 31 20
48 32 20
48 33 20
48 34 20
48 35 20
48 36 20
48 37 20
48 38 20
48 39 20
48 40 20
48 41 20
48 42 20
48 43 20
48 44 20
48 45 20
48 46 20
48 47 20
48 48 20
48 49 20
48 50 20
48 51 20
49 1 20
49 2 20
49 3 20
49 4 20
49 5 20
49 6 19
49 7 20
49 8 20
49 9 20
49 10 19
49 11 20
49 12 20
49 13 20
49 14 20
49 15 20
49 16 20
49 17 20
49 18 20
49 19 20
49 20 19
49 21 20
49 22 20
49 23 19
49 24 20
49 25 20
49 26 20
49 27 20
49 28 20
49 29 20
49 30 19
49 31 20
49 32 20
49 33 20
49 34 20
49 35 20
49 36 20
49 37 20
49 38 20
49 39 20
49 40 20
49 41 20
49 42 20
49 43 20
49 44 20
49 45 20
49 46 20
49 47 20
49 48 20
49 49 20
49 50 20
49 51 20
50 1 20
50 2 20
50 3 20
50 4 20
50 5 20
50 6 20
50 7 20
50 8 20
50 9 20
50 10 19
50 11 20
50 12 20
50 13 20
50 14 20
50 15 20
50 16 20
50 17 20
50 18 20
50 19 20
50 20 20
50 21 20
50 22 20
50 23 20
50 24 20
50 25 20
50 26 20
50 27 20
50 28 19
50 29 20
50 30 20
50 31 20
50 32 20
50 33 19
50 34 20
50 35 20
50 36 20
50 37 20
50 38 20
50 39 20
50 40 20
50 41 18
50 42 20
50 43 20
50 44 20
50 45 20
50 46 20
50 47 20
50 48 20
50 49 20
50 50 20
50 51 20
