1 1 8
1 2 11
1 3 11
1 4 11
1 5 11
1 6 10
1 7 10
1 8 10
1 9 11
1 10 11
1 11 11
1 12 11
1 13 9
1 14 10
1 15 11
1 16 11
1 17 11
1 18 11
1 19 11
1 20 10
1 21 11
1 22 10
1 23 10
1 24 11
1 25 10
1 26 10
1 27 10
1 28 11
1 29 10
1 30 11
1 31 11
1 32 11
1 33 11
1 34 10
1 35 10
1 36 11
1 37 11
1 38 11
1 39 11
1 40 10
1 41 11
1 42 11
1 43 11
1 44 11
1 45 11
1 46 11
1 47 11
1 48 11
1 49 10
1 50 10
1 51 11
1 52 10
1 53 11
1 54 11
1 55 10
1 56 11
1 57 10
1 58 11
1 59 11
1 60 10
1 61 11
1 62 10
1 63 10
1 64 10
1 65 10
1 66 11
1 67 11
1 68 10
1 69 11
1 70 10
1 71 11
1 72 8
1 73 11
1 74 10
1 75 11
1 76 11
1 77 10
1 78 11
1 79 11
1 80 11
1 81 10
1 82 10
1 83 11
1 84 11
1 85 10
1 86 11
1 87 11
1 88 11
1 89 10
1 90 10
1 91 10
1 92 10
1 93 11
1 94 10
1 95 11
1 96 11
1 97 11
1 98 9
1 99 10
1 100 11
1 101 20
2 1 2
2 2 39
2 3 45
2 4 45
2 5 43
2 6 43
2 7 41
2 8 43
2 9 45
2 10 44
2 11 44
2 12 42
2 13 38
2 14 42
2 15 42
2 16 41
2 17 43
2 18 44
2 19 43
2 20 44
2 21 36
2 22 42
2 23 43
2 24 45
2 25 41
2 26 43
2 27 41
2 28 44
2 29 43
2 30 44
2 31 44
2 32 44
2 33 43
2 34 43
2 35 41
2 36 44
2 37 45
2 38 43
2 39 44
2 40 43
2 41 43
2 42 42
2 43 45
2 44 41
2 45 43
2 46 43
2 47 41
2 48 43
2 49 43
2 50 43
2 51 43
2 52 42
2 53 45
2 54 41
2 55 43
2 56 43
2 57 41
2 58 43
2 59 44
2 60 43
2 61 45
2 62 42
2 63 42
2 64 39
2 65 43
2 66 45
2 67 45
2 68 42
2 69 43
2 70 37
2 71 45
2 72 40
2 73 40
2 74 43
2 75 44
2 76 43
2 77 43
2 78 45
2 79 43
2 80 45
2 81 43
2 82 41
2 83 44
2 84 45
2 85 40
2 86 45
2 87 42
2 88 43
2 89 42
2 90 43
2 91 40
2 92 42
2 93 45
2 94 43
2 95 45
2 96 41
2 97 43
2 98 40
2 99 43
2 100 43
2 101 34
3 1 2
3 2 2
3 3 103
3 4 113
3 5 106
3 6 109
3 7 101
3 8 104
3 9 112
3 10 110
3 11 110
3 12 108
3 13 107
3 14 109
3 15 110
3 16 106
3 17 108
3 18 113
3 19 104
3 20 111
3 21 105
3 22 107
3 23 109
3 24 106
3 25 107
3 26 112
3 27 105
3 28 110
3 29 113
3 30 107
3 31 109
3 32 105
3 33 109
3 34 111
3 35 106
3 36 108
3 37 107
3 38 107
3 39 107
3 40 109
3 41 110
3 42 108
3 43 109
3 44 108
3 45 110
3 46 110
3 47 109
3 48 111
3 49 113
3 50 109
3 51 108
3 52 107
3 53 110
3 54 104
3 55 111
3 56 109
3 57 108
3 58 111
3 59 109
3 60 103
3 61 113
3 62 104
3 63 104
3 64 105
3 65 108
3 66 111
3 67 112
3 68 108
3 69 110
3 70 104
3 71 108
3 72 104
3 73 107
3 74 111
3 75 111
3 76 110
3 77 112
3 78 112
3 79 106
3 80 113
3 81 109
3 82 106
3 83 110
3 84 110
3 85 103
3 86 109
3 87 109
3 88 105
3 89 108
3 90 109
3 91 99
3 92 110
3 93 111
3 94 111
3 95 110
3 96 109
3 97 111
3 98 107
3 99 108
3 100 109
3 101 86
4 1 2
4 2 2
4 3 2
4 4 200
4 5 201
4 6 200
4 7 193
4 8 194
4 9 211
4 10 207
4 11 206
4 12 203
4 13 200
4 14 197
4 15 205
4 16 205
4 17 201
4 18 206
4 19 197
4 20 201
4 21 205
4 22 201
4 23 204
4 24 204
4 25 201
4 26 203
4 27 206
4 28 206
4 29 205
4 30 204
4 31 204
4 32 203
4 33 199
4 34 202
4 35 203
4 36 200
4 37 205
4 38 205
4 39 201
4 40 207
4 41 201
4 42 206
4 43 202
4 44 203
4 45 201
4 46 202
4 47 205
4 48 209
4 49 208
4 50 205
4 51 204
4 52 204
4 53 197
4 54 204
4 55 206
4 56 200
4 57 199
4 58 208
4 59 207
4 60 201
4 61 203
4 62 200
4 63 204
4 64 201
4 65 203
4 66 207
4 67 205
4 68 205
4 69 207
4 70 200
4 71 208
4 72 200
4 73 199
4 74 203
4 75 206
4 76 205
4 77 208
4 78 203
4 79 201
4 80 206
4 81 205
4 82 198
4 83 201
4 84 202
4 85 202
4 86 203
4 87 202
4 88 200
4 89 207
4 90 207
4 91 190
4 92 208
4 93 205
4 94 207
4 95 205
4 96 200
4 97 208
4 98 198
4 99 201
4 100 206
4 101 165
5 1 2
5 2 2
5 3 2
5 4 2
5 5 316
5 6 322
5 7 317
5 8 323
5 9 331
5 10 326
5 11 330
5 12 324
5 13 323
5 14 320
5 15 329
5 16 331
5 17 328
5 18 331
5 19 322
5 20 326
5 21 330
5 22 329
5 23 324
5 24 330
5 25 326
5 26 327
5 27 326
5 28 330
5 29 326
5 30 327
5 31 329
5 32 324
5 33 322
5 34 314
5 35 325
5 36 321
5 37 329
5 38 328
5 39 325
5 40 330
5 41 330
5 42 329
5 43 326
5 44 327
5 45 320
5 46 327
5 47 327
5 48 332
5 49 328
5 50 331
5 51 328
5 52 326
5 53 325
5 54 326
5 55 332
5 56 326
5 57 321
5 58 333
5 59 331
5 60 324
5 61 330
5 62 328
5 63 321
5 64 326
5 65 322
5 66 332
5 67 329
5 68 326
5 69 334
5 70 323
5 71 332
5 72 322
5 73 322
5 74 322
5 75 327
5 76 324
5 77 332
5 78 327
5 79 327
5 80 328
5 81 328
5 82 324
5 83 324
5 84 330
5 85 328
5 86 322
5 87 329
5 88 325
5 89 329
5 90 333
5 91 318
5 92 329
5 93 325
5 94 328
5 95 324
5 96 328
5 97 331
5 98 313
5 99 325
5 100 330
5 101 273
6 1 2
6 2 2
6 3 2
6 4 2
6 5 2
6 6 476
6 7 476
6 8 483
6 9 491
6 10 483
6 11 490
6 12 478
6 13 486
6 14 481
6 15 485
6 16 490
6 17 487
6 18 482
6 19 480
6 20 485
6 21 490
6 22 488
6 23 482
6 24 488
6 25 483
6 26 489
6 27 481
6 28 484
6 29 487
6 30 488
6 31 487
6 32 482
6 33 480
6 34 484
6 35 480
6 36 479
6 37 489
6 38 481
6 39 486
6 40 492
6 41 491
6 42 488
6 43 484
6 44 486
6 45 487
6 46 489
6 47 486
6 48 492
6 49 487
6 50 486
6 51 480
6 52 488
6 53 486
6 54 484
6 55 492
6 56 476
6 57 482
6 58 494
6 59 493
6 60 486
6 61 494
6 62 486
6 63 486
6 64 486
6 65 482
6 66 491
6 67 488
6 68 482
6 69 492
6 70 479
6 71 492
6 72 485
6 73 483
6 74 478
6 75 483
6 76 480
6 77 490
6 78 487
6 79 487
6 80 487
6 81 488
6 82 480
6 83 482
6 84 491
6 85 487
6 86 480
6 87 482
6 88 485
6 89 487
6 90 488
6 91 476
6 92 486
6 93 485
6 94 483
6 95 482
6 96 487
6 97 486
6 98 471
6 99 486
6 100 488
6 101 415
7 1 2
7 2 2
7 3 2
7 4 2
7 5 2
7 6 478
7 7 471
7 8 478
7 9 489
7 10 480
7 11 477
7 12 482
7 13 484
7 14 472
7 15 486
7 16 487
7 17 478
7 18 484
7 19 483
7 20 483
7 21 484
7 22 485
7 23 482
7 24 487
7 25 474
7 26 486
7 27 483
7 28 488
7 29 483
7 30 487
7 31 486
7 32 485
7 33 480
7 34 478
7 35 480
7 36 476
7 37 485
7 38 482
7 39 484
7 40 489
7 41 484
7 42 485
7 43 474
7 44 487
7 45 477
7 46 485
7 47 481
7 48 487
7 49 486
7 50 488
7 51 486
7 52 487
7 53 480
7 54 482
7 55 486
7 56 481
7 57 477
7 58 491
7 59 485
7 60 477
7 61 489
7 62 483
7 63 484
7 64 478
7 65 478
7 66 479
7 67 487
7 68 474
7 69 486
7 70 480
7 71 486
7 72 482
7 73 478
7 74 479
7 75 484
7 76 480
7 77 485
7 78 478
7 79 485
7 80 486
7 81 481
7 82 485
7 83 480
7 84 479
7 85 480
7 86 474
7 87 482
7 88 483
7 89 484
7 90 488
7 91 473
7 92 486
7 93 483
7 94 484
7 95 480
7 96 485
7 97 486
7 98 473
7 99 481
7 100 489
7 101 412
8 1 2
8 2 2
8 3 2
8 4 2
8 5 2
8 6 481
8 7 477
8 8 469
8 9 491
8 10 490
8 11 488
8 12 479
8 13 484
8 14 479
8 15 486
8 16 489
8 17 485
8 18 490
8 19 481
8 20 487
8 21 488
8 22 481
8 23 485
8 24 487
8 25 485
8 26 486
8 27 485
8 28 485
8 29 487
8 30 489
8 31 486
8 32 478
8 33 484
8 34 483
8 35 484
8 36 482
8 37 487
8 38 489
8 39 487
8 40 492
8 41 485
8 42 484
8 43 483
8 44 482
8 45 484
8 46 489
8 47 482
8 48 490
8 49 488
8 50 493
8 51 489
8 52 489
8 53 484
8 54 486
8 55 489
8 56 485
8 57 479
8 58 493
8 59 492
8 60 487
8 61 491
8 62 479
8 63 480
8 64 483
8 65 480
8 66 488
8 67 483
8 68 485
8 69 492
8 70 472
8 71 493
8 72 484
8 73 481
8 74 477
8 75 487
8 76 481
8 77 487
8 78 481
8 79 485
8 80 489
8 81 486
8 82 478
8 83 485
8 84 489
8 85 486
8 86 480
8 87 483
8 88 484
8 89 484
8 90 484
8 91 476
8 92 485
8 93 484
8 94 487
8 95 485
8 96 487
8 97 489
8 98 473
8 99 485
8 100 491
8 101 414
9 1 2
9 2 2
9 3 2
9 4 2
9 5 2
9 6 478
9 7 473
9 8 488
9 9 494
9 10 488
9 11 490
9 12 482
9 13 483
9 14 478
9 15 483
9 16 488
9 17 487
9 18 488
9 19 481
9 20 489
9 21 482
9 22 487
9 23 484
9 24 488
9 25 482
9 26 487
9 27 472
9 28 486
9 29 482
9 30 484
9 31 480
9 32 483
9 33 480
9 34 482
9 35 480
9 36 479
9 37 489
9 38 484
9 39 483
9 40 492
9 41 488
9 42 490
9 43 481
9 44 479
9 45 484
9 46 485
9 47 485
9 48 487
9 49 486
9 50 491
9 51 486
9 52 487
9 53 482
9 54 480
9 55 490
9 56 484
9 57 483
9 58 493
9 59 489
9 60 486
9 61 491
9 62 484
9 63 482
9 64 485
9 65 479
9 66 494
9 67 483
9 68 479
9 69 491
9 70 480
9 71 493
9 72 486
9 73 481
9 74 484
9 75 483
9 76 484
9 77 491
9 78 487
9 79 486
9 80 489
9 81 488
9 82 487
9 83 485
9 84 492
9 85 488
9 86 481
9 87 488
9 88 485
9 89 486
9 90 493
9 91 470
9 92 490
9 93 484
9 94 488
9 95 481
9 96 487
9 97 490
9 98 471
9 99 487
9 100 489
9 101 415
10 1 2
10 2 2
10 3 2
10 4 2
10 5 2
10 6 471
10 7 469
10 8 479
10 9 489
10 10 483
10 11 477
10 12 476
10 13 480
10 14 475
10 15 482
10 16 485
10 17 481
10 18 484
10 19 472
10 20 482
10 21 483
10 22 481
10 23 479
10 24 484
10 25 476
10 26 480
10 27 478
10 28 484
10 29 483
10 30 483
10 31 482
10 32 474
10 33 478
10 34 479
10 35 474
10 36 468
10 37 483
10 38 483
10 39 483
10 40 484
10 41 477
10 42 475
10 43 473
10 44 481
10 45 484
10 46 483
10 47 480
10 48 482
10 49 479
10 50 486
10 51 478
10 52 479
10 53 474
10 54 479
10 55 482
10 56 480
10 57 475
10 58 486
10 59 481
10 60 477
10 61 483
10 62 478
10 63 473
10 64 477
10 65 474
10 66 486
10 67 480
10 68 476
10 69 485
10 70 475
10 71 486
10 72 476
10 73 476
10 74 479
10 75 480
10 76 476
10 77 484
10 78 476
10 79 482
10 80 483
10 81 480
10 82 478
10 83 476
10 84 483
10 85 482
10 86 477
10 87 480
10 88 475
10 89 481
10 90 486
10 91 470
10 92 486
10 93 478
10 94 481
10 95 479
10 96 477
10 97 484
10 98 465
10 99 478
10 100 483
10 101 408
11 1 2
11 2 2
11 3 2
11 4 2
11 5 2
11 6 477
11 7 472
11 8 480
11 9 488
11 10 486
11 11 489
11 12 482
11 13 475
11 14 474
11 15 482
11 16 484
11 17 481
11 18 486
11 19 478
11 20 486
11 21 479
11 22 478
11 23 480
11 24 482
11 25 481
11 26 485
11 27 481
11 28 486
11 29 484
11 30 486
11 31 485
11 32 477
11 33 479
11 34 479
11 35 482
11 36 473
11 37 487
11 38 482
11 39 484
11 40 490
11 41 482
11 42 485
11 43 484
11 44 479
11 45 482
11 46 486
11 47 484
11 48 488
11 49 486
11 50 488
11 51 487
11 52 478
11 53 478
11 54 480
11 55 485
11 56 478
11 57 475
11 58 490
11 59 489
11 60 478
11 61 486
11 62 479
11 63 478
11 64 484
11 65 478
11 66 488
11 67 477
11 68 480
11 69 484
11 70 482
11 71 481
11 72 481
11 73 477
11 74 480
11 75 481
11 76 480
11 77 488
11 78 486
11 79 485
11 80 487
11 81 484
11 82 484
11 83 482
11 84 488
11 85 479
11 86 478
11 87 483
11 88 479
11 89 485
11 90 488
11 91 468
11 92 484
11 93 481
11 94 478
11 95 480
11 96 482
11 97 480
11 98 471
11 99 486
11 100 486
11 101 410
12 1 2
12 2 2
12 3 2
12 4 2
12 5 2
12 6 484
12 7 475
12 8 488
12 9 493
12 10 492
12 11 492
12 12 484
12 13 485
12 14 478
12 15 491
12 16 490
12 17 489
12 18 491
12 19 484
12 20 485
12 21 486
12 22 489
12 23 477
12 24 489
12 25 488
12 26 488
12 27 488
12 28 486
12 29 490
12 30 493
12 31 492
12 32 487
12 33 483
12 34 482
12 35 486
12 36 484
12 37 493
12 38 483
12 39 491
12 40 493
12 41 490
12 42 490
12 43 488
12 44 488
12 45 489
12 46 492
12 47 489
12 48 492
12 49 489
12 50 491
12 51 490
12 52 485
12 53 485
12 54 488
12 55 494
12 56 486
12 57 484
12 58 496
12 59 492
12 60 488
12 61 483
12 62 490
12 63 489
12 64 488
12 65 486
12 66 496
12 67 490
12 68 486
12 69 495
12 70 487
12 71 493
12 72 486
12 73 485
12 74 488
12 75 480
12 76 484
12 77 493
12 78 490
12 79 488
12 80 490
12 81 490
12 82 490
12 83 482
12 84 494
12 85 487
12 86 481
12 87 490
12 88 490
12 89 488
12 90 495
12 91 480
12 92 492
12 93 490
12 94 486
12 95 483
12 96 483
12 97 488
12 98 475
12 99 489
12 100 493
12 101 414
13 1 2
13 2 2
13 3 2
13 4 2
13 5 2
13 6 480
13 7 467
13 8 480
13 9 485
13 10 482
13 11 485
13 12 479
13 13 482
13 14 470
13 15 482
13 16 486
13 17 481
13 18 486
13 19 473
13 20 481
13 21 480
13 22 481
13 23 480
13 24 484
13 25 480
13 26 481
13 27 477
13 28 480
13 29 479
13 30 482
13 31 486
13 32 475
13 33 479
13 34 481
13 35 480
13 36 475
13 37 485
13 38 479
13 39 483
13 40 480
13 41 478
13 42 482
13 43 479
13 44 481
13 45 480
13 46 481
13 47 483
13 48 488
13 49 483
13 50 486
13 51 482
13 52 483
13 53 476
13 54 479
13 55 478
13 56 480
13 57 476
13 58 487
13 59 487
13 60 481
13 61 483
13 62 478
13 63 476
13 64 481
13 65 478
13 66 484
13 67 484
13 68 479
13 69 487
13 70 474
13 71 485
13 72 479
13 73 479
13 74 474
13 75 474
13 76 478
13 77 487
13 78 483
13 79 479
13 80 484
13 81 482
13 82 484
13 83 480
13 84 487
13 85 484
13 86 477
13 87 480
13 88 484
13 89 482
13 90 488
13 91 468
13 92 488
13 93 481
13 94 483
13 95 479
13 96 477
13 97 484
13 98 467
13 99 483
13 100 488
13 101 409
14 1 2
14 2 2
14 3 2
14 4 2
14 5 2
14 6 466
14 7 466
14 8 468
14 9 483
14 10 477
14 11 479
14 12 467
14 13 474
14 14 461
14 15 476
14 16 477
14 17 472
14 18 475
14 19 467
14 20 477
14 21 473
14 22 468
14 23 473
14 24 477
14 25 468
14 26 474
14 27 472
14 28 471
14 29 472
14 30 478
14 31 480
14 32 469
14 33 471
14 34 468
14 35 470
14 36 468
14 37 481
14 38 470
14 39 477
14 40 478
14 41 478
14 42 479
14 43 471
14 44 475
14 45 471
14 46 469
14 47 472
14 48 479
14 49 471
14 50 479
14 51 477
14 52 473
14 53 467
14 54 475
14 55 473
14 56 478
14 57 475
14 58 482
14 59 481
14 60 477
14 61 482
14 62 463
14 63 471
14 64 473
14 65 475
14 66 481
14 67 472
14 68 465
14 69 482
14 70 469
14 71 483
14 72 471
14 73 470
14 74 467
14 75 471
14 76 474
14 77 472
14 78 476
14 79 476
14 80 479
14 81 473
14 82 469
14 83 475
14 84 476
14 85 477
14 86 474
14 87 472
14 88 472
14 89 477
14 90 480
14 91 464
14 92 468
14 93 473
14 94 467
14 95 468
14 96 477
14 97 471
14 98 457
14 99 474
14 100 477
14 101 402
15 1 2
15 2 2
15 3 2
15 4 2
15 5 2
15 6 483
15 7 472
15 8 480
15 9 487
15 10 487
15 11 485
15 12 478
15 13 483
15 14 476
15 15 488
15 16 487
15 17 481
15 18 489
15 19 479
15 20 485
15 21 485
15 22 484
15 23 483
15 24 487
15 25 480
15 26 484
15 27 481
15 28 488
15 29 477
15 30 489
15 31 483
15 32 483
15 33 482
15 34 486
15 35 482
15 36 480
15 37 490
15 38 477
15 39 485
15 40 491
15 41 484
15 42 489
15 43 486
15 44 485
15 45 483
15 46 484
15 47 485
15 48 493
15 49 483
15 50 490
15 51 487
15 52 487
15 53 485
15 54 485
15 55 491
15 56 480
15 57 481
15 58 486
15 59 493
15 60 484
15 61 491
15 62 478
15 63 484
15 64 482
15 65 474
15 66 487
15 67 487
15 68 478
15 69 488
15 70 485
15 71 488
15 72 483
15 73 481
15 74 478
15 75 481
15 76 479
15 77 488
15 78 483
15 79 488
15 80 485
15 81 481
15 82 477
15 83 484
15 84 488
15 85 486
15 86 483
15 87 487
15 88 486
15 89 487
15 90 485
15 91 472
15 92 492
15 93 485
15 94 481
15 95 484
15 96 487
15 97 488
15 98 474
15 99 485
15 100 490
15 101 414
16 1 2
16 2 2
16 3 2
16 4 2
16 5 2
16 6 466
16 7 464
16 8 473
16 9 485
16 10 480
16 11 478
16 12 474
16 13 478
16 14 468
16 15 478
16 16 476
16 17 471
16 18 479
16 19 471
16 20 474
16 21 476
16 22 478
16 23 472
16 24 475
16 25 472
16 26 475
16 27 474
16 28 479
16 29 471
16 30 481
16 31 477
16 32 478
16 33 474
16 34 474
16 35 472
16 36 468
16 37 481
16 38 476
16 39 480
16 40 479
16 41 471
16 42 480
16 43 472
16 44 475
16 45 475
16 46 478
16 47 478
16 48 482
16 49 479
16 50 477
16 51 480
16 52 477
16 53 473
16 54 474
16 55 479
16 56 478
16 57 467
16 58 482
16 59 483
16 60 475
16 61 481
16 62 477
16 63 478
16 64 477
16 65 479
16 66 482
16 67 475
16 68 475
16 69 483
16 70 475
16 71 483
16 72 476
16 73 475
16 74 472
16 75 474
16 76 474
16 77 477
16 78 481
16 79 473
16 80 478
16 81 480
16 82 477
16 83 473
16 84 478
16 85 479
16 86 472
16 87 480
16 88 476
16 89 484
16 90 482
16 91 464
16 92 480
16 93 468
16 94 478
16 95 470
16 96 479
16 97 475
16 98 463
16 99 475
16 100 481
16 101 402
17 1 2
17 2 2
17 3 2
17 4 2
17 5 2
17 6 480
17 7 472
17 8 478
17 9 487
17 10 474
17 11 488
17 12 482
17 13 482
17 14 474
17 15 490
17 16 488
17 17 485
17 18 483
17 19 483
17 20 485
17 21 483
17 22 486
17 23 480
17 24 486
17 25 484
17 26 482
17 27 484
17 28 482
17 29 480
17 30 488
17 31 487
17 32 485
17 33 478
17 34 476
17 35 480
17 36 481
17 37 487
17 38 480
17 39 484
17 40 488
17 41 485
17 42 484
17 43 486
17 44 482
17 45 481
17 46 480
17 47 482
17 48 488
17 49 480
17 50 488
17 51 488
17 52 485
17 53 486
17 54 483
17 55 488
17 56 480
17 57 474
17 58 490
17 59 491
17 60 480
17 61 485
17 62 478
17 63 480
17 64 484
17 65 481
17 66 491
17 67 483
17 68 481
17 69 489
17 70 481
17 71 488
17 72 478
17 73 480
17 74 477
17 75 484
17 76 482
17 77 485
17 78 483
17 79 484
17 80 484
17 81 482
17 82 482
17 83 481
17 84 484
17 85 483
17 86 477
17 87 485
17 88 485
17 89 481
17 90 487
17 91 472
17 92 488
17 93 482
17 94 480
17 95 479
17 96 479
17 97 488
17 98 470
17 99 484
17 100 491
17 101 411
18 1 2
18 2 2
18 3 2
18 4 2
18 5 2
18 6 478
18 7 474
18 8 479
18 9 486
18 10 482
18 11 478
18 12 480
18 13 483
18 14 471
18 15 487
18 16 489
18 17 482
18 18 484
18 19 479
18 20 483
18 21 480
18 22 484
18 23 477
18 24 486
18 25 483
18 26 484
18 27 478
18 28 487
18 29 477
18 30 485
18 31 484
18 32 482
18 33 478
18 34 482
18 35 481
18 36 477
18 37 487
18 38 480
18 39 484
18 40 487
18 41 485
18 42 485
18 43 481
18 44 488
18 45 485
18 46 485
18 47 479
18 48 490
18 49 484
18 50 486
18 51 484
18 52 483
18 53 470
18 54 487
18 55 481
18 56 480
18 57 480
18 58 491
18 59 487
18 60 475
18 61 486
18 62 480
18 63 476
18 64 482
18 65 483
18 66 490
18 67 486
18 68 482
18 69 492
18 70 472
18 71 487
18 72 477
18 73 479
18 74 477
18 75 484
18 76 482
18 77 490
18 78 485
18 79 487
18 80 488
18 81 487
18 82 480
18 83 483
18 84 489
18 85 480
18 86 479
18 87 485
18 88 484
18 89 479
18 90 492
18 91 471
18 92 487
18 93 482
18 94 482
18 95 481
18 96 483
18 97 486
18 98 472
18 99 482
18 100 483
18 101 412
19 1 2
19 2 2
19 3 2
19 4 2
19 5 2
19 6 474
19 7 475
19 8 487
19 9 490
19 10 486
19 11 489
19 12 481
19 13 486
19 14 476
19 15 489
19 16 491
19 17 484
19 18 485
19 19 481
19 20 488
19 21 484
19 22 491
19 23 485
19 24 487
19 25 485
19 26 487
19 27 480
19 28 488
19 29 488
19 30 488
19 31 487
19 32 476
19 33 481
19 34 480
19 35 485
19 36 479
19 37 492
19 38 489
19 39 488
19 40 491
19 41 487
19 42 487
19 43 483
19 44 486
19 45 486
19 46 486
19 47 484
19 48 488
19 49 487
19 50 489
19 51 489
19 52 482
19 53 486
19 54 484
19 55 491
19 56 485
19 57 482
19 58 493
19 59 490
19 60 486
19 61 491
19 62 483
19 63 487
19 64 486
19 65 480
19 66 493
19 67 485
19 68 478
19 69 492
19 70 485
19 71 488
19 72 483
19 73 484
19 74 482
19 75 485
19 76 483
19 77 484
19 78 485
19 79 487
19 80 486
19 81 488
19 82 487
19 83 484
19 84 491
19 85 478
19 86 484
19 87 486
19 88 486
19 89 486
19 90 493
19 91 478
19 92 490
19 93 488
19 94 487
19 95 484
19 96 486
19 97 486
19 98 472
19 99 489
19 100 490
19 101 414
20 1 2
20 2 2
20 3 2
20 4 2
20 5 2
20 6 480
20 7 470
20 8 476
20 9 495
20 10 486
20 11 488
20 12 481
20 13 486
20 14 477
20 15 486
20 16 486
20 17 483
20 18 493
20 19 480
20 20 482
20 21 486
20 22 484
20 23 478
20 24 482
20 25 483
20 26 486
20 27 486
20 28 488
20 29 484
20 30 490
20 31 481
20 32 487
20 33 482
20 34 480
20 35 479
20 36 478
20 37 491
20 38 488
20 39 491
20 40 494
20 41 486
20 42 490
20 43 484
20 44 488
20 45 487
20 46 487
20 47 488
20 48 490
20 49 490
20 50 490
20 51 490
20 52 487
20 53 479
20 54 487
20 55 490
20 56 488
20 57 485
20 58 493
20 59 495
20 60 486
20 61 487
20 62 484
20 63 483
20 64 484
20 65 481
20 66 493
20 67 485
20 68 481
20 69 485
20 70 484
20 71 494
20 72 484
20 73 481
20 74 487
20 75 486
20 76 486
20 77 488
20 78 484
20 79 485
20 80 487
20 81 486
20 82 482
20 83 485
20 84 488
20 85 488
20 86 481
20 87 484
20 88 488
20 89 489
20 90 490
20 91 478
20 92 490
20 93 485
20 94 488
20 95 480
20 96 490
20 97 488
20 98 475
20 99 483
20 100 489
20 101 415
21 1 2
21 2 2
21 3 2
21 4 2
21 5 2
21 6 485
21 7 477
21 8 485
21 9 500
21 10 497
21 11 492
21 12 485
21 13 486
21 14 485
21 15 496
21 16 492
21 17 494
21 18 498
21 19 489
21 20 491
21 21 493
21 22 494
21 23 491
21 24 497
21 25 490
21 26 494
21 27 494
21 28 496
21 29 492
21 30 495
21 31 489
21 32 487
21 33 489
21 34 489
21 35 490
21 36 486
21 37 498
21 38 490
21 39 495
21 40 497
21 41 495
21 42 492
21 43 494
21 44 490
21 45 495
21 46 495
21 47 494
21 48 497
21 49 493
21 50 495
21 51 494
21 52 493
21 53 491
21 54 493
21 55 490
21 56 493
21 57 488
21 58 493
21 59 497
21 60 493
21 61 493
21 62 491
21 63 488
21 64 491
21 65 491
21 66 499
21 67 491
21 68 486
21 69 495
21 70 483
21 71 497
21 72 490
21 73 484
21 74 489
21 75 491
21 76 490
21 77 494
21 78 488
21 79 485
21 80 495
21 81 492
21 82 491
21 83 489
21 84 485
21 85 490
21 86 485
21 87 493
21 88 487
21 89 496
21 90 497
21 91 481
21 92 495
21 93 483
21 94 494
21 95 485
21 96 487
21 97 493
21 98 475
21 99 493
21 100 491
21 101 421
22 1 2
22 2 2
22 3 2
22 4 2
22 5 2
22 6 480
22 7 478
22 8 481
22 9 494
22 10 487
22 11 491
22 12 483
22 13 483
22 14 480
22 15 483
22 16 489
22 17 485
22 18 490
22 19 482
22 20 488
22 21 480
22 22 488
22 23 483
22 24 492
22 25 486
22 26 491
22 27 485
22 28 488
22 29 490
22 30 492
22 31 489
22 32 483
22 33 482
22 34 487
22 35 481
22 36 482
22 37 486
22 38 482
22 39 490
22 40 490
22 41 489
22 42 489
22 43 478
22 44 488
22 45 488
22 46 485
22 47 486
22 48 489
22 49 490
22 50 492
22 51 488
22 52 487
22 53 484
22 54 481
22 55 490
22 56 486
22 57 484
22 58 490
22 59 495
22 60 483
22 61 487
22 62 480
22 63 483
22 64 486
22 65 486
22 66 492
22 67 488
22 68 477
22 69 490
22 70 486
22 71 490
22 72 486
22 73 480
22 74 483
22 75 489
22 76 482
22 77 492
22 78 487
22 79 487
22 80 489
22 81 488
22 82 486
22 83 483
22 84 493
22 85 484
22 86 478
22 87 489
22 88 484
22 89 489
22 90 489
22 91 479
22 92 490
22 93 486
22 94 490
22 95 482
22 96 487
22 97 490
22 98 473
22 99 488
22 100 491
22 101 415
23 1 2
23 2 2
23 3 2
23 4 2
23 5 2
23 6 478
23 7 474
23 8 484
23 9 487
23 10 488
23 11 485
23 12 475
23 13 484
23 14 476
23 15 487
23 16 487
23 17 480
23 18 482
23 19 481
23 20 488
23 21 488
23 22 484
23 23 484
23 24 484
23 25 480
23 26 483
23 27 478
23 28 479
23 29 475
23 30 482
23 31 473
23 32 479
23 33 479
23 34 483
23 35 481
23 36 468
23 37 485
23 38 483
23 39 488
23 40 482
23 41 483
23 42 483
23 43 484
23 44 484
23 45 484
23 46 484
23 47 483
23 48 488
23 49 485
23 50 482
23 51 486
23 52 483
23 53 473
23 54 476
23 55 486
23 56 483
23 57 477
23 58 490
23 59 487
23 60 482
23 61 488
23 62 486
23 63 482
23 64 485
23 65 480
23 66 488
23 67 485
23 68 479
23 69 486
23 70 476
23 71 490
23 72 475
23 73 479
23 74 482
23 75 482
23 76 478
23 77 486
23 78 483
23 79 484
23 80 485
23 81 484
23 82 484
23 83 477
23 84 487
23 85 481
23 86 470
23 87 484
23 88 481
23 89 488
23 90 490
23 91 467
23 92 485
23 93 481
23 94 482
23 95 483
23 96 480
23 97 487
23 98 473
23 99 479
23 100 485
23 101 413
24 1 2
24 2 2
24 3 2
24 4 2
24 5 2
24 6 473
24 7 469
24 8 480
24 9 488
24 10 484
24 11 479
24 12 468
24 13 478
24 14 471
24 15 480
24 16 479
24 17 477
24 18 481
24 19 476
24 20 478
24 21 475
24 22 480
24 23 473
24 24 479
24 25 480
24 26 482
24 27 477
24 28 484
24 29 481
24 30 481
24 31 480
24 32 476
24 33 473
24 34 473
24 35 479
24 36 469
24 37 482
24 38 483
24 39 479
24 40 485
24 41 484
24 42 484
24 43 479
24 44 479
24 45 482
24 46 482
24 47 480
24 48 481
24 49 481
24 50 483
24 51 483
24 52 479
24 53 475
24 54 479
24 55 485
24 56 473
24 57 475
24 58 485
24 59 486
24 60 479
24 61 479
24 62 479
24 63 482
24 64 478
24 65 473
24 66 487
24 67 484
24 68 479
24 69 487
24 70 473
24 71 484
24 72 476
24 73 473
24 74 475
24 75 475
24 76 477
24 77 478
24 78 479
24 79 479
24 80 481
24 81 479
24 82 481
24 83 478
24 84 483
24 85 481
24 86 476
24 87 474
24 88 478
24 89 478
24 90 487
24 91 472
24 92 481
24 93 478
24 94 483
24 95 475
24 96 477
24 97 480
24 98 467
24 99 481
24 100 481
24 101 408
25 1 2
25 2 2
25 3 2
25 4 2
25 5 2
25 6 475
25 7 466
25 8 480
25 9 485
25 10 477
25 11 480
25 12 476
25 13 477
25 14 473
25 15 479
25 16 482
25 17 478
25 18 482
25 19 470
25 20 484
25 21 481
25 22 483
25 23 475
25 24 480
25 25 479
25 26 485
25 27 478
25 28 484
25 29 479
25 30 482
25 31 481
25 32 476
25 33 470
25 34 476
25 35 477
25 36 475
25 37 479
25 38 474
25 39 484
25 40 483
25 41 482
25 42 474
25 43 479
25 44 484
25 45 480
25 46 481
25 47 480
25 48 484
25 49 481
25 50 484
25 51 480
25 52 482
25 53 474
25 54 478
25 55 485
25 56 476
25 57 474
25 58 486
25 59 488
25 60 479
25 61 486
25 62 478
25 63 478
25 64 480
25 65 475
25 66 483
25 67 479
25 68 480
25 69 479
25 70 475
25 71 484
25 72 478
25 73 476
25 74 476
25 75 480
25 76 476
25 77 482
25 78 480
25 79 480
25 80 484
25 81 480
25 82 476
25 83 475
25 84 478
25 85 478
25 86 468
25 87 480
25 88 478
25 89 479
25 90 485
25 91 472
25 92 478
25 93 476
25 94 482
25 95 468
25 96 478
25 97 481
25 98 470
25 99 482
25 100 481
25 101 409
26 1 2
26 2 2
26 3 2
26 4 2
26 5 2
26 6 479
26 7 467
26 8 482
26 9 491
26 10 485
26 11 482
26 12 478
26 13 480
26 14 471
26 15 477
26 16 486
26 17 484
26 18 486
26 19 479
26 20 480
26 21 482
26 22 479
26 23 482
26 24 486
26 25 480
26 26 482
26 27 481
26 28 487
26 29 482
26 30 485
26 31 483
26 32 471
26 33 476
26 34 476
26 35 480
26 36 475
26 37 487
26 38 475
26 39 487
26 40 489
26 41 486
26 42 484
26 43 482
26 44 483
26 45 479
26 46 485
26 47 484
26 48 485
26 49 483
26 50 485
26 51 485
26 52 476
26 53 477
26 54 477
26 55 483
26 56 477
26 57 477
26 58 486
26 59 491
26 60 479
26 61 489
26 62 481
26 63 479
26 64 479
26 65 477
26 66 485
26 67 480
26 68 481
26 69 488
26 70 479
26 71 488
26 72 477
26 73 474
26 74 482
26 75 481
26 76 475
26 77 485
26 78 484
26 79 480
26 80 486
26 81 479
26 82 483
26 83 482
26 84 486
26 85 483
26 86 480
26 87 481
26 88 478
26 89 485
26 90 488
26 91 470
26 92 484
26 93 481
26 94 482
26 95 479
26 96 483
26 97 484
26 98 469
26 99 484
26 100 478
26 101 409
27 1 2
27 2 2
27 3 2
27 4 2
27 5 2
27 6 485
27 7 473
27 8 485
27 9 493
27 10 486
27 11 491
27 12 483
27 13 487
27 14 477
27 15 490
27 16 494
27 17 487
27 18 491
27 19 476
27 20 491
27 21 489
27 22 488
27 23 480
27 24 489
27 25 487
27 26 490
27 27 481
27 28 490
27 29 487
27 30 488
27 31 488
27 32 478
27 33 480
27 34 484
27 35 487
27 36 482
27 37 493
27 38 485
27 39 489
27 40 492
27 41 490
27 42 487
27 43 487
27 44 487
27 45 486
27 46 488
27 47 487
27 48 491
27 49 491
27 50 489
27 51 488
27 52 490
27 53 477
27 54 478
27 55 484
27 56 489
27 57 482
27 58 494
27 59 494
27 60 489
27 61 489
27 62 486
27 63 485
27 64 488
27 65 483
27 66 489
27 67 485
27 68 487
27 69 494
27 70 487
27 71 495
27 72 486
27 73 482
27 74 483
27 75 479
27 76 484
27 77 493
27 78 488
27 79 489
27 80 491
27 81 487
27 82 490
27 83 487
27 84 493
27 85 488
27 86 483
27 87 491
27 88 484
27 89 487
27 90 495
27 91 478
27 92 490
27 93 487
27 94 489
27 95 478
27 96 489
27 97 489
27 98 477
27 99 489
27 100 490
27 101 416
28 1 2
28 2 2
28 3 2
28 4 2
28 5 2
28 6 479
28 7 477
28 8 481
28 9 490
28 10 491
28 11 489
28 12 485
28 13 484
28 14 477
28 15 490
28 16 487
28 17 486
28 18 487
28 19 482
28 20 491
28 21 485
28 22 491
28 23 483
28 24 484
28 25 485
28 26 487
28 27 480
28 28 489
28 29 484
28 30 487
28 31 488
28 32 483
28 33 481
28 34 481
28 35 482
28 36 483
28 37 491
28 38 487
28 39 486
28 40 489
28 41 490
28 42 490
28 43 483
28 44 487
28 45 486
28 46 487
28 47 485
28 48 490
28 49 483
28 50 491
28 51 487
28 52 482
28 53 484
28 54 487
28 55 493
28 56 483
28 57 481
28 58 489
28 59 490
28 60 487
28 61 489
28 62 485
28 63 484
28 64 487
28 65 479
28 66 490
28 67 483
28 68 482
28 69 483
28 70 485
28 71 491
28 72 484
28 73 483
28 74 478
28 75 481
28 76 485
28 77 489
28 78 487
28 79 488
28 80 483
28 81 489
28 82 485
28 83 479
28 84 486
28 85 487
28 86 479
28 87 483
28 88 485
28 89 484
28 90 491
28 91 476
28 92 491
28 93 486
28 94 485
28 95 478
28 96 488
28 97 488
28 98 476
28 99 487
28 100 488
28 101 414
29 1 2
29 2 2
29 3 2
29 4 2
29 5 2
29 6 479
29 7 470
29 8 481
29 9 490
29 10 484
29 11 488
29 12 482
29 13 483
29 14 474
29 15 488
29 16 486
29 17 480
29 18 489
29 19 477
29 20 483
29 21 480
29 22 484
29 23 484
29 24 482
29 25 484
29 26 484
29 27 484
29 28 485
29 29 483
29 30 486
29 31 486
29 32 479
29 33 482
29 34 472
29 35 480
29 36 480
29 37 486
29 38 480
29 39 487
29 40 488
29 41 484
29 42 488
29 43 482
29 44 485
29 45 485
29 46 488
29 47 477
29 48 491
29 49 485
29 50 486
29 51 484
29 52 485
29 53 480
29 54 478
29 55 480
29 56 480
29 57 482
29 58 490
29 59 492
29 60 484
29 61 486
29 62 478
29 63 480
29 64 482
29 65 481
29 66 488
29 67 485
29 68 482
29 69 491
29 70 473
29 71 488
29 72 478
29 73 482
29 74 479
29 75 484
29 76 480
29 77 488
29 78 484
29 79 483
29 80 481
29 81 482
29 82 482
29 83 478
29 84 488
29 85 484
29 86 477
29 87 481
29 88 482
29 89 481
29 90 484
29 91 470
29 92 489
29 93 483
29 94 483
29 95 476
29 96 485
29 97 485
29 98 472
29 99 483
29 100 489
29 101 411
30 1 2
30 2 2
30 3 2
30 4 2
30 5 2
30 6 477
30 7 474
30 8 486
30 9 494
30 10 490
30 11 492
30 12 478
30 13 484
30 14 474
30 15 490
30 16 486
30 17 484
30 18 494
30 19 485
30 20 486
30 21 482
30 22 488
30 23 478
30 24 487
30 25 486
30 26 491
30 27 482
30 28 484
30 29 484
30 30 487
30 31 484
30 32 477
30 33 484
30 34 486
30 35 482
30 36 479
30 37 487
30 38 476
30 39 491
30 40 492
30 41 491
30 42 492
30 43 487
30 44 486
30 45 488
30 46 483
30 47 486
30 48 491
30 49 486
30 50 489
30 51 490
30 52 483
30 53 484
30 54 480
30 55 492
30 56 487
30 57 485
30 58 493
30 59 483
30 60 482
30 61 491
30 62 490
30 63 482
30 64 481
30 65 483
30 66 490
30 67 485
30 68 484
30 69 493
30 70 486
30 71 490
30 72 486
30 73 485
30 74 480
30 75 487
30 76 486
30 77 490
30 78 487
30 79 487
30 80 487
30 81 486
30 82 489
30 83 482
30 84 490
30 85 489
30 86 479
30 87 490
30 88 485
30 89 488
30 90 490
30 91 478
30 92 490
30 93 485
30 94 479
30 95 481
30 96 489
30 97 489
30 98 475
30 99 486
30 100 492
30 101 415
31 1 2
31 2 2
31 3 2
31 4 2
31 5 2
31 6 481
31 7 472
31 8 488
31 9 495
31 10 489
31 11 491
31 12 486
31 13 486
31 14 480
31 15 478
31 16 492
31 17 488
31 18 490
31 19 480
31 20 485
31 21 489
31 22 491
31 23 486
31 24 479
31 25 483
31 26 490
31 27 484
31 28 491
31 29 483
31 30 492
31 31 486
31 32 485
31 33 480
31 34 482
31 35 478
31 36 480
31 37 493
31 38 482
31 39 486
31 40 484
31 41 488
31 42 483
31 43 487
31 44 484
31 45 485
31 46 490
31 47 487
31 48 491
31 49 485
31 50 488
31 51 489
31 52 487
31 53 487
31 54 487
31 55 492
31 56 483
31 57 485
31 58 490
31 59 491
31 60 484
31 61 490
31 62 486
31 63 488
31 64 482
31 65 483
31 66 491
31 67 486
31 68 485
31 69 494
31 70 476
31 71 492
31 72 486
31 73 479
31 74 487
31 75 482
31 76 482
31 77 487
31 78 486
31 79 482
31 80 491
31 81 485
31 82 488
31 83 476
31 84 490
31 85 487
31 86 477
31 87 480
31 88 488
31 89 490
31 90 493
31 91 479
31 92 490
31 93 481
31 94 487
31 95 481
31 96 487
31 97 486
31 98 475
31 99 489
31 100 486
31 101 416
32 1 2
32 2 2
32 3 2
32 4 2
32 5 2
32 6 470
32 7 465
32 8 482
32 9 492
32 10 486
32 11 487
32 12 474
32 13 481
32 14 472
32 15 486
32 16 488
32 17 484
32 18 484
32 19 476
32 20 481
32 21 482
32 22 486
32 23 482
32 24 485
32 25 480
32 26 484
32 27 480
32 28 485
32 29 482
32 30 485
32 31 487
32 32 476
32 33 477
32 34 481
32 35 478
32 36 478
32 37 485
32 38 485
32 39 484
32 40 487
32 41 486
32 42 486
32 43 479
32 44 480
32 45 482
32 46 479
32 47 484
32 48 489
32 49 479
32 50 489
32 51 481
32 52 485
32 53 477
32 54 481
32 55 483
32 56 476
32 57 479
32 58 482
32 59 481
32 60 480
32 61 485
32 62 477
32 63 481
32 64 481
32 65 478
32 66 489
32 67 484
32 68 479
32 69 485
32 70 478
32 71 491
32 72 481
32 73 480
32 74 479
32 75 477
32 76 476
32 77 485
32 78 484
32 79 478
32 80 486
32 81 486
32 82 483
32 83 480
32 84 488
32 85 483
32 86 477
32 87 484
32 88 481
32 89 484
32 90 489
32 91 472
32 92 488
32 93 482
32 94 475
32 95 483
32 96 485
32 97 481
32 98 470
32 99 482
32 100 480
32 101 411
33 1 2
33 2 2
33 3 2
33 4 2
33 5 2
33 6 472
33 7 465
33 8 473
33 9 489
33 10 486
33 11 489
33 12 476
33 13 481
33 14 473
33 15 482
33 16 486
33 17 483
33 18 484
33 19 478
33 20 483
33 21 484
33 22 484
33 23 476
33 24 487
33 25 477
33 26 482
33 27 479
33 28 485
33 29 482
33 30 486
33 31 482
33 32 480
33 33 473
33 34 476
33 35 481
33 36 479
33 37 489
33 38 483
33 39 488
33 40 483
33 41 479
33 42 484
33 43 480
33 44 484
33 45 477
33 46 479
33 47 483
33 48 489
33 49 482
33 50 485
33 51 484
33 52 483
33 53 479
33 54 483
33 55 482
33 56 477
33 57 475
33 58 486
33 59 484
33 60 478
33 61 486
33 62 481
33 63 477
33 64 480
33 65 479
33 66 487
33 67 481
33 68 477
33 69 483
33 70 480
33 71 486
33 72 477
33 73 481
33 74 475
33 75 478
33 76 472
33 77 488
33 78 474
33 79 484
33 80 487
33 81 481
33 82 478
33 83 479
33 84 484
33 85 477
33 86 475
33 87 480
33 88 477
33 89 487
33 90 487
33 91 464
33 92 483
33 93 482
33 94 479
33 95 475
33 96 483
33 97 484
33 98 468
33 99 483
33 100 486
33 101 411
34 1 2
34 2 2
34 3 2
34 4 2
34 5 2
34 6 474
34 7 470
34 8 476
34 9 490
34 10 484
34 11 486
34 12 474
34 13 476
34 14 470
34 15 483
34 16 484
34 17 480
34 18 481
34 19 478
34 20 481
34 21 482
34 22 484
34 23 476
34 24 484
34 25 479
34 26 485
34 27 480
34 28 488
34 29 480
34 30 484
34 31 477
34 32 479
34 33 473
34 34 480
34 35 482
34 36 475
34 37 486
34 38 482
34 39 484
34 40 488
34 41 487
34 42 485
34 43 482
34 44 482
34 45 481
34 46 486
34 47 484
34 48 486
34 49 486
34 50 488
34 51 479
34 52 480
34 53 474
34 54 481
34 55 490
34 56 481
34 57 480
34 58 486
34 59 491
34 60 482
34 61 484
34 62 476
34 63 477
34 64 484
34 65 483
34 66 490
34 67 481
34 68 481
34 69 489
34 70 478
34 71 490
34 72 481
34 73 478
34 74 481
34 75 480
34 76 476
34 77 483
34 78 483
34 79 481
34 80 485
34 81 485
34 82 484
34 83 481
34 84 487
34 85 483
34 86 479
34 87 485
34 88 478
34 89 482
34 90 488
34 91 468
34 92 487
34 93 478
34 94 484
34 95 481
34 96 482
34 97 484
34 98 470
34 99 486
34 100 483
34 101 408
35 1 2
35 2 2
35 3 2
35 4 2
35 5 2
35 6 467
35 7 471
35 8 479
35 9 489
35 10 485
35 11 488
35 12 480
35 13 479
35 14 475
35 15 482
35 16 483
35 17 481
35 18 486
35 19 479
35 20 482
35 21 482
35 22 486
35 23 477
35 24 483
35 25 483
35 26 485
35 27 484
35 28 485
35 29 487
35 30 487
35 31 486
35 32 478
35 33 480
35 34 477
35 35 480
35 36 478
35 37 483
35 38 480
35 39 487
35 40 487
35 41 485
35 42 480
35 43 479
35 44 488
35 45 482
35 46 482
35 47 483
35 48 489
35 49 482
35 50 487
35 51 481
35 52 485
35 53 483
35 54 479
35 55 486
35 56 484
35 57 476
35 58 488
35 59 483
35 60 476
35 61 483
35 62 480
35 63 479
35 64 480
35 65 479
35 66 487
35 67 485
35 68 483
35 69 487
35 70 480
35 71 481
35 72 478
35 73 481
35 74 478
35 75 483
35 76 480
35 77 484
35 78 480
35 79 476
35 80 480
35 81 483
35 82 482
35 83 482
35 84 485
35 85 483
35 86 479
35 87 485
35 88 484
35 89 487
35 90 486
35 91 477
35 92 484
35 93 487
35 94 480
35 95 476
35 96 486
35 97 486
35 98 471
35 99 484
35 100 484
35 101 410
36 1 2
36 2 2
36 3 2
36 4 2
36 5 2
36 6 474
36 7 472
36 8 478
36 9 486
36 10 482
36 11 478
36 12 476
36 13 473
36 14 474
36 15 479
36 16 485
36 17 481
36 18 478
36 19 475
36 20 481
36 21 480
36 22 480
36 23 477
36 24 478
36 25 480
36 26 483
36 27 482
36 28 476
36 29 478
36 30 483
36 31 475
36 32 479
36 33 476
36 34 480
36 35 480
36 36 475
36 37 481
36 38 474
36 39 480
36 40 480
36 41 483
36 42 483
36 43 478
36 44 485
36 45 483
36 46 480
36 47 476
36 48 486
36 49 481
36 50 482
36 51 480
36 52 478
36 53 478
36 54 479
36 55 475
36 56 479
36 57 474
36 58 482
36 59 486
36 60 476
36 61 487
36 62 482
36 63 480
36 64 482
36 65 475
36 66 486
36 67 479
36 68 478
36 69 480
36 70 471
36 71 486
36 72 480
36 73 475
36 74 469
36 75 480
36 76 476
36 77 476
36 78 479
36 79 482
36 80 482
36 81 485
36 82 478
36 83 477
36 84 485
36 85 479
36 86 476
36 87 482
36 88 480
36 89 482
36 90 483
36 91 469
36 92 485
36 93 478
36 94 480
36 95 475
36 96 483
36 97 482
36 98 466
36 99 482
36 100 478
36 101 407
37 1 2
37 2 2
37 3 2
37 4 2
37 5 2
37 6 476
37 7 472
37 8 485
37 9 492
37 10 480
37 11 488
37 12 481
37 13 485
37 14 475
37 15 487
37 16 479
37 17 483
37 18 484
37 19 482
37 20 489
37 21 488
37 22 485
37 23 483
37 24 488
37 25 481
37 26 491
37 27 482
37 28 487
37 29 484
37 30 489
37 31 487
37 32 483
37 33 481
37 34 482
37 35 479
37 36 481
37 37 489
37 38 484
37 39 487
37 40 490
37 41 491
37 42 489
37 43 486
37 44 484
37 45 480
37 46 488
37 47 485
37 48 490
37 49 487
37 50 490
37 51 486
37 52 484
37 53 484
37 54 485
37 55 490
37 56 486
37 57 482
37 58 492
37 59 492
37 60 485
37 61 484
37 62 485
37 63 483
37 64 485
37 65 481
37 66 490
37 67 485
37 68 480
37 69 492
37 70 474
37 71 492
37 72 485
37 73 480
37 74 483
37 75 479
37 76 481
37 77 491
37 78 483
37 79 484
37 80 483
37 81 485
37 82 484
37 83 483
37 84 483
37 85 484
37 86 479
37 87 489
37 88 482
37 89 486
37 90 490
37 91 475
37 92 489
37 93 484
37 94 485
37 95 480
37 96 483
37 97 486
37 98 476
37 99 488
37 100 484
37 101 413
38 1 2
38 2 2
38 3 2
38 4 2
38 5 2
38 6 472
38 7 469
38 8 478
38 9 489
38 10 482
38 11 478
38 12 478
38 13 479
38 14 472
38 15 482
38 16 482
38 17 475
38 18 484
38 19 468
38 20 483
38 21 480
38 22 477
38 23 479
38 24 480
38 25 480
38 26 480
38 27 480
38 28 483
38 29 480
38 30 483
38 31 485
38 32 476
38 33 475
38 34 470
38 35 482
38 36 476
38 37 484
38 38 482
38 39 485
38 40 488
38 41 485
38 42 481
38 43 477
38 44 483
38 45 480
38 46 484
38 47 482
38 48 489
38 49 481
38 50 484
38 51 472
38 52 478
38 53 475
38 54 478
38 55 482
38 56 478
38 57 473
38 58 486
38 59 487
38 60 480
38 61 483
38 62 474
38 63 475
38 64 482
38 65 478
38 66 476
38 67 480
38 68 480
38 69 487
38 70 480
38 71 488
38 72 479
38 73 474
38 74 479
38 75 478
38 76 475
38 77 475
38 78 480
38 79 477
38 80 484
38 81 481
38 82 480
38 83 478
38 84 485
38 85 482
38 86 476
38 87 481
38 88 478
38 89 481
38 90 484
38 91 471
38 92 483
38 93 481
38 94 480
38 95 473
38 96 482
38 97 480
38 98 467
38 99 477
38 100 484
38 101 409
39 1 2
39 2 2
39 3 2
39 4 2
39 5 2
39 6 480
39 7 476
39 8 484
39 9 497
39 10 491
39 11 491
39 12 482
39 13 485
39 14 479
39 15 486
39 16 491
39 17 485
39 18 493
39 19 483
39 20 489
39 21 488
39 22 484
39 23 483
39 24 489
39 25 484
39 26 485
39 27 484
39 28 489
39 29 483
39 30 485
39 31 488
39 32 479
39 33 480
39 34 481
39 35 485
39 36 476
39 37 492
39 38 485
39 39 487
39 40 482
39 41 490
39 42 486
39 43 482
39 44 487
39 45 487
39 46 489
39 47 486
39 48 491
39 49 491
39 50 488
39 51 486
39 52 485
39 53 481
39 54 480
39 55 493
39 56 486
39 57 482
39 58 493
39 59 493
39 60 487
39 61 493
39 62 485
39 63 484
39 64 485
39 65 482
39 66 494
39 67 488
39 68 482
39 69 493
39 70 482
39 71 491
39 72 485
39 73 484
39 74 484
39 75 484
39 76 475
39 77 488
39 78 487
39 79 487
39 80 491
39 81 483
39 82 488
39 83 478
39 84 494
39 85 489
39 86 482
39 87 485
39 88 484
39 89 487
39 90 490
39 91 475
39 92 488
39 93 484
39 94 487
39 95 480
39 96 488
39 97 488
39 98 475
39 99 484
39 100 490
39 101 415
40 1 2
40 2 2
40 3 2
40 4 2
40 5 2
40 6 477
40 7 470
40 8 488
40 9 493
40 10 488
40 11 489
40 12 480
40 13 480
40 14 474
40 15 488
40 16 486
40 17 485
40 18 492
40 19 479
40 20 484
40 21 486
40 22 484
40 23 480
40 24 489
40 25 484
40 26 486
40 27 478
40 28 484
40 29 483
40 30 490
40 31 486
40 32 475
40 33 484
40 34 484
40 35 479
40 36 474
40 37 486
40 38 486
40 39 483
40 40 488
40 41 488
40 42 486
40 43 482
40 44 485
40 45 486
40 46 484
40 47 480
40 48 491
40 49 488
40 50 489
40 51 486
40 52 484
40 53 480
40 54 484
40 55 487
40 56 483
40 57 479
40 58 489
40 59 487
40 60 476
40 61 491
40 62 487
40 63 484
40 64 482
40 65 484
40 66 491
40 67 482
40 68 479
40 69 487
40 70 483
40 71 488
40 72 484
40 73 483
40 74 481
40 75 480
40 76 476
40 77 488
40 78 486
40 79 480
40 80 487
40 81 488
40 82 486
40 83 479
40 84 488
40 85 486
40 86 480
40 87 486
40 88 484
40 89 486
40 90 491
40 91 474
40 92 486
40 93 486
40 94 481
40 95 482
40 96 481
40 97 486
40 98 473
40 99 487
40 100 484
40 101 413
41 1 2
41 2 2
41 3 2
41 4 2
41 5 2
41 6 481
41 7 479
41 8 486
41 9 499
41 10 494
41 11 491
41 12 486
41 13 486
41 14 479
41 15 488
41 16 493
41 17 489
41 18 493
41 19 483
41 20 490
41 21 491
41 22 489
41 23 486
41 24 491
41 25 488
41 26 489
41 27 488
41 28 485
41 29 488
41 30 489
41 31 490
41 32 483
41 33 485
41 34 486
41 35 487
41 36 484
41 37 493
41 38 480
41 39 491
41 40 494
41 41 483
41 42 488
41 43 488
41 44 490
41 45 489
41 46 491
41 47 489
41 48 493
41 49 493
41 50 495
41 51 492
41 52 491
41 53 487
41 54 482
41 55 480
41 56 487
41 57 481
41 58 494
41 59 494
41 60 485
41 61 493
41 62 484
41 63 486
41 64 489
41 65 489
41 66 495
41 67 492
41 68 474
41 69 495
41 70 487
41 71 495
41 72 488
41 73 481
41 74 487
41 75 488
41 76 486
41 77 494
41 78 485
41 79 491
41 80 491
41 81 488
41 82 490
41 83 486
41 84 494
41 85 487
41 86 482
41 87 488
41 88 484
41 89 488
41 90 490
41 91 476
41 92 493
41 93 484
41 94 486
41 95 481
41 96 486
41 97 488
41 98 478
41 99 491
41 100 487
41 101 415
42 1 2
42 2 2
42 3 2
42 4 2
42 5 2
42 6 477
42 7 473
42 8 479
42 9 495
42 10 491
42 11 489
42 12 483
42 13 488
42 14 479
42 15 487
42 16 489
42 17 484
42 18 490
42 19 482
42 20 488
42 21 481
42 22 487
42 23 483
42 24 489
42 25 482
42 26 484
42 27 485
42 28 485
42 29 487
42 30 489
42 31 489
42 32 481
42 33 481
42 34 485
42 35 482
42 36 481
42 37 486
42 38 485
42 39 490
42 40 485
42 41 484
42 42 490
42 43 483
42 44 489
42 45 488
42 46 487
42 47 485
42 48 487
42 49 488
42 50 491
42 51 491
42 52 488
42 53 481
42 54 486
42 55 485
42 56 482
42 57 471
42 58 488
42 59 491
42 60 479
42 61 490
42 62 487
42 63 485
42 64 488
42 65 485
42 66 492
42 67 485
42 68 479
42 69 493
42 70 479
42 71 487
42 72 481
42 73 481
42 74 484
42 75 483
42 76 485
42 77 489
42 78 489
42 79 488
42 80 488
42 81 490
42 82 483
42 83 482
42 84 490
42 85 487
42 86 476
42 87 491
42 88 487
42 89 489
42 90 494
42 91 470
42 92 491
42 93 483
42 94 484
42 95 479
42 96 485
42 97 482
42 98 474
42 99 487
42 100 486
42 101 413
43 1 2
43 2 2
43 3 2
43 4 2
43 5 2
43 6 484
43 7 481
43 8 486
43 9 499
43 10 489
43 11 496
43 12 480
43 13 491
43 14 483
43 15 490
43 16 488
43 17 491
43 18 497
43 19 486
43 20 490
43 21 491
43 22 488
43 23 488
43 24 486
43 25 488
43 26 493
43 27 484
43 28 495
43 29 486
43 30 491
43 31 496
43 32 481
43 33 488
43 34 485
43 35 489
43 36 486
43 37 492
43 38 489
43 39 491
43 40 497
43 41 493
43 42 496
43 43 488
43 44 493
43 45 493
43 46 493
43 47 491
43 48 492
43 49 494
43 50 497
43 51 490
43 52 485
43 53 489
43 54 488
43 55 498
43 56 483
43 57 484
43 58 495
43 59 499
43 60 487
43 61 495
43 62 492
43 63 490
43 64 477
43 65 490
43 66 494
43 67 491
43 68 483
43 69 494
43 70 489
43 71 497
43 72 485
43 73 488
43 74 491
43 75 492
43 76 489
43 77 498
43 78 490
43 79 493
43 80 490
43 81 490
43 82 492
43 83 486
43 84 491
43 85 487
43 86 487
43 87 496
43 88 488
43 89 491
43 90 495
43 91 479
43 92 497
43 93 488
43 94 493
43 95 489
43 96 491
43 97 495
43 98 480
43 99 495
43 100 490
43 101 421
44 1 2
44 2 2
44 3 2
44 4 2
44 5 2
44 6 470
44 7 461
44 8 477
44 9 484
44 10 479
44 11 483
44 12 476
44 13 476
44 14 470
44 15 479
44 16 482
44 17 477
44 18 482
44 19 467
44 20 475
44 21 481
44 22 472
44 23 478
44 24 478
44 25 476
44 26 478
44 27 478
44 28 475
44 29 479
44 30 478
44 31 478
44 32 476
44 33 473
44 34 474
44 35 478
44 36 469
44 37 477
44 38 472
44 39 485
44 40 480
44 41 472
44 42 478
44 43 480
44 44 479
44 45 476
44 46 479
44 47 480
44 48 482
44 49 479
44 50 478
44 51 478
44 52 477
44 53 477
44 54 479
44 55 484
44 56 474
44 57 473
44 58 479
44 59 483
44 60 474
44 61 480
44 62 476
44 63 479
44 64 474
44 65 476
44 66 482
44 67 479
44 68 475
44 69 484
44 70 479
44 71 484
44 72 474
44 73 478
44 74 474
44 75 478
44 76 475
44 77 478
44 78 475
44 79 476
44 80 480
44 81 475
44 82 478
44 83 474
44 84 482
44 85 480
44 86 476
44 87 481
44 88 479
44 89 480
44 90 482
44 91 469
44 92 481
44 93 481
44 94 479
44 95 475
44 96 484
44 97 482
44 98 468
44 99 481
44 100 482
44 101 407
45 1 2
45 2 2
45 3 2
45 4 2
45 5 2
45 6 479
45 7 478
45 8 490
45 9 497
45 10 493
45 11 494
45 12 483
45 13 485
45 14 481
45 15 481
45 16 489
45 17 483
45 18 489
45 19 482
45 20 489
45 21 483
45 22 491
45 23 482
45 24 489
45 25 477
45 26 487
45 27 488
45 28 491
45 29 475
45 30 487
45 31 489
45 32 485
45 33 481
45 34 485
45 35 488
45 36 482
45 37 492
45 38 487
45 39 492
45 40 493
45 41 487
45 42 491
45 43 488
45 44 487
45 45 487
45 46 487
45 47 490
45 48 492
45 49 490
45 50 488
45 51 490
45 52 485
45 53 483
45 54 487
45 55 491
45 56 489
45 57 485
45 58 485
45 59 497
45 60 484
45 61 491
45 62 487
45 63 480
45 64 487
45 65 481
45 66 491
45 67 489
45 68 482
45 69 489
45 70 485
45 71 491
45 72 489
45 73 485
45 74 486
45 75 487
45 76 485
45 77 493
45 78 486
45 79 483
45 80 488
45 81 489
45 82 489
45 83 480
45 84 490
45 85 483
45 86 480
45 87 487
45 88 488
45 89 489
45 90 491
45 91 474
45 92 491
45 93 481
45 94 487
45 95 479
45 96 489
45 97 490
45 98 478
45 99 491
45 100 492
45 101 417
46 1 2
46 2 2
46 3 2
46 4 2
46 5 2
46 6 474
46 7 466
46 8 480
46 9 485
46 10 482
46 11 480
46 12 475
46 13 480
46 14 472
46 15 480
46 16 481
46 17 478
46 18 481
46 19 475
46 20 480
46 21 474
46 22 480
46 23 475
46 24 480
46 25 474
46 26 481
46 27 477
46 28 483
46 29 473
46 30 482
46 31 483
46 32 479
46 33 473
46 34 478
46 35 477
46 36 473
46 37 483
46 38 480
46 39 482
46 40 480
46 41 478
46 42 481
46 43 478
46 44 482
46 45 482
46 46 485
46 47 478
46 48 486
46 49 480
46 50 484
46 51 481
46 52 480
46 53 478
46 54 476
46 55 484
46 56 471
46 57 475
46 58 486
46 59 483
46 60 479
46 61 484
46 62 477
46 63 477
46 64 478
46 65 472
46 66 488
46 67 480
46 68 472
46 69 485
46 70 472
46 71 487
46 72 481
46 73 477
46 74 476
46 75 477
46 76 478
46 77 487
46 78 477
46 79 481
46 80 484
46 81 480
46 82 479
46 83 471
46 84 487
46 85 479
46 86 476
46 87 480
46 88 479
46 89 479
46 90 488
46 91 466
46 92 481
46 93 474
46 94 472
46 95 470
46 96 482
46 97 483
46 98 469
46 99 484
46 100 480
46 101 409
47 1 2
47 2 2
47 3 2
47 4 2
47 5 2
47 6 472
47 7 467
47 8 475
47 9 485
47 10 472
47 11 480
47 12 472
47 13 473
47 14 464
47 15 469
47 16 480
47 17 471
47 18 480
47 19 475
47 20 481
47 21 474
47 22 471
47 23 466
47 24 477
47 25 473
47 26 476
47 27 474
47 28 476
47 29 480
47 30 477
47 31 476
47 32 474
47 33 467
47 34 474
47 35 474
47 36 470
47 37 479
47 38 479
47 39 474
47 40 482
47 41 475
47 42 480
47 43 471
47 44 475
47 45 472
47 46 472
47 47 474
47 48 479
47 49 478
47 50 475
47 51 476
47 52 477
47 53 464
47 54 472
47 55 482
47 56 472
47 57 470
47 58 480
47 59 481
47 60 474
47 61 483
47 62 474
47 63 474
47 64 475
47 65 473
47 66 482
47 67 474
47 68 464
47 69 482
47 70 472
47 71 478
47 72 474
47 73 468
47 74 471
47 75 476
47 76 471
47 77 481
47 78 479
47 79 480
47 80 480
47 81 472
47 82 470
47 83 474
47 84 479
47 85 476
47 86 465
47 87 474
47 88 473
47 89 479
47 90 482
47 91 464
47 92 477
47 93 477
47 94 471
47 95 466
47 96 472
47 97 478
47 98 465
47 99 471
47 100 479
47 101 403
48 1 2
48 2 2
48 3 2
48 4 2
48 5 2
48 6 475
48 7 465
48 8 479
48 9 486
48 10 481
48 11 482
48 12 476
48 13 473
48 14 467
48 15 472
48 16 477
48 17 478
48 18 478
48 19 473
48 20 481
48 21 479
48 22 478
48 23 476
48 24 481
48 25 467
48 26 481
48 27 478
48 28 477
48 29 477
48 30 477
48 31 478
48 32 474
48 33 474
48 34 476
48 35 476
48 36 473
48 37 480
48 38 474
48 39 482
48 40 473
48 41 482
48 42 478
48 43 477
48 44 479
48 45 477
48 46 479
48 47 479
48 48 481
48 49 479
48 50 482
48 51 477
48 52 474
48 53 472
48 54 476
48 55 480
48 56 479
48 57 470
48 58 481
48 59 483
48 60 469
48 61 482
48 62 477
48 63 476
48 64 477
48 65 477
48 66 483
48 67 474
48 68 479
48 69 483
48 70 475
48 71 474
48 72 475
48 73 474
48 74 474
48 75 478
48 76 474
48 77 485
48 78 478
48 79 479
48 80 480
48 81 478
48 82 479
48 83 476
48 84 481
48 85 475
48 86 475
48 87 481
48 88 475
48 89 482
48 90 486
48 91 469
48 92 484
48 93 479
48 94 475
48 95 475
48 96 481
48 97 479
48 98 465
48 99 478
48 100 484
48 101 407
49 1 2
49 2 2
49 3 2
49 4 2
49 5 2
49 6 478
49 7 474
49 8 484
49 9 495
49 10 487
49 11 487
49 12 479
49 13 487
49 14 472
49 15 487
49 16 491
49 17 485
49 18 488
49 19 478
49 20 489
49 21 489
49 22 487
49 23 483
49 24 489
49 25 485
49 26 486
49 27 480
49 28 488
49 29 487
49 30 489
49 31 489
49 32 484
49 33 481
49 34 480
49 35 482
49 36 478
49 37 491
49 38 483
49 39 487
49 40 489
49 41 484
49 42 488
49 43 483
49 44 481
49 45 483
49 46 487
49 47 488
49 48 487
49 49 485
49 50 492
49 51 488
49 52 491
49 53 482
49 54 484
49 55 489
49 56 485
49 57 482
49 58 493
49 59 490
49 60 482
49 61 493
49 62 487
49 63 486
49 64 486
49 65 483
49 66 489
49 67 479
49 68 481
49 69 492
49 70 479
49 71 490
49 72 483
49 73 477
49 74 483
49 75 487
49 76 484
49 77 488
49 78 488
49 79 490
49 80 490
49 81 490
49 82 487
49 83 480
49 84 488
49 85 489
49 86 478
49 87 488
49 88 484
49 89 490
49 90 493
49 91 476
49 92 486
49 93 481
49 94 480
49 95 479
49 96 483
49 97 490
49 98 472
49 99 487
49 100 491
49 101 414
50 1 2
50 2 2
50 3 2
50 4 2
50 5 2
50 6 475
50 7 466
50 8 475
50 9 483
50 10 480
50 11 481
50 12 463
50 13 472
50 14 470
50 15 478
50 16 481
50 17 472
50 18 478
50 19 473
50 20 480
50 21 481
50 22 476
50 23 478
50 24 479
50 25 474
50 26 476
50 27 478
50 28 471
50 29 471
50 30 483
50 31 478
50 32 476
50 33 472
50 34 473
50 35 474
50 36 469
50 37 480
50 38 479
50 39 475
50 40 481
50 41 480
50 42 481
50 43 475
50 44 479
50 45 475
50 46 479
50 47 475
50 48 485
50 49 475
50 50 481
50 51 480
50 52 476
50 53 473
50 54 477
50 55 476
50 56 479
50 57 469
50 58 478
50 59 483
50 60 478
50 61 483
50 62 477
50 63 475
50 64 476
50 65 477
50 66 482
50 67 481
50 68 473
50 69 482
50 70 475
50 71 482
50 72 477
50 73 474
50 74 473
50 75 479
50 76 473
50 77 480
50 78 472
50 79 477
50 80 477
50 81 476
50 82 477
50 83 475
50 84 480
50 85 478
50 86 473
50 87 479
50 88 474
50 89 479
50 90 482
50 91 466
50 92 478
50 93 477
50 94 479
50 95 474
50 96 478
50 97 481
50 98 463
50 99 479
50 100 484
50 101 406
51 1 2
51 2 2
51 3 2
51 4 2
51 5 2
51 6 470
51 7 467
51 8 477
51 9 481
51 10 480
51 11 479
51 12 477
51 13 480
51 14 473
51 15 481
51 16 485
51 17 476
51 18 473
51 19 472
51 20 477
51 21 479
51 22 476
51 23 477
51 24 477
51 25 474
51 26 478
51 27 479
51 28 483
51 29 477
51 30 484
51 31 479
51 32 474
51 33 474
51 34 475
51 35 477
51 36 467
51 37 481
51 38 477
51 39 480
51 40 478
51 41 483
51 42 479
51 43 479
51 44 476
51 45 474
51 46 476
51 47 477
51 48 480
51 49 478
51 50 482
51 51 481
51 52 474
51 53 475
51 54 475
51 55 484
51 56 480
51 57 468
51 58 483
51 59 486
51 60 475
51 61 482
51 62 465
51 63 477
51 64 480
51 65 467
51 66 484
51 67 481
51 68 475
51 69 485
51 70 471
51 71 485
51 72 475
51 73 473
51 74 474
51 75 475
51 76 475
51 77 481
51 78 475
51 79 478
51 80 478
51 81 471
51 82 479
51 83 474
51 84 482
51 85 470
51 86 472
51 87 479
51 88 478
51 89 482
51 90 483
51 91 469
51 92 481
51 93 476
51 94 475
51 95 474
51 96 482
51 97 479
51 98 462
51 99 476
51 100 482
51 101 408
52 1 2
52 2 2
52 3 2
52 4 2
52 5 2
52 6 478
52 7 472
52 8 477
52 9 488
52 10 483
52 11 488
52 12 479
52 13 483
52 14 471
52 15 481
52 16 485
52 17 480
52 18 484
52 19 480
52 20 484
52 21 484
52 22 485
52 23 480
52 24 481
52 25 479
52 26 485
52 27 483
52 28 485
52 29 481
52 30 488
52 31 484
52 32 482
52 33 469
52 34 481
52 35 480
52 36 475
52 37 488
52 38 483
52 39 485
52 40 489
52 41 486
52 42 486
52 43 483
52 44 484
52 45 477
52 46 483
52 47 485
52 48 487
52 49 485
52 50 484
52 51 483
52 52 486
52 53 477
52 54 483
52 55 487
52 56 484
52 57 479
52 58 488
52 59 490
52 60 480
52 61 487
52 62 480
52 63 482
52 64 482
52 65 475
52 66 487
52 67 485
52 68 479
52 69 485
52 70 477
52 71 489
52 72 481
52 73 476
52 74 483
52 75 482
52 76 475
52 77 487
52 78 481
52 79 478
52 80 485
52 81 480
52 82 482
52 83 477
52 84 477
52 85 482
52 86 477
52 87 480
52 88 484
52 89 486
52 90 485
52 91 469
52 92 486
52 93 478
52 94 471
52 95 476
52 96 484
52 97 483
52 98 469
52 99 484
52 100 485
52 101 410
53 1 2
53 2 2
53 3 2
53 4 2
53 5 2
53 6 474
53 7 470
53 8 481
53 9 487
53 10 486
53 11 478
53 12 480
53 13 475
53 14 473
53 15 484
53 16 482
53 17 474
53 18 483
53 19 479
53 20 484
53 21 478
53 22 479
53 23 477
53 24 479
53 25 479
53 26 484
53 27 481
53 28 484
53 29 477
53 30 481
53 31 481
53 32 480
53 33 478
53 34 478
53 35 480
53 36 469
53 37 483
53 38 480
53 39 483
53 40 483
53 41 485
53 42 479
53 43 479
53 44 479
53 45 476
53 46 477
53 47 482
53 48 485
53 49 484
53 50 485
53 51 484
53 52 481
53 53 479
53 54 474
53 55 482
53 56 474
53 57 471
53 58 487
53 59 487
53 60 481
53 61 483
53 62 476
53 63 480
53 64 478
53 65 470
53 66 487
53 67 478
53 68 475
53 69 486
53 70 468
53 71 484
53 72 480
53 73 474
53 74 477
53 75 480
53 76 478
53 77 484
53 78 479
53 79 483
53 80 483
53 81 478
53 82 478
53 83 479
53 84 484
53 85 481
53 86 476
53 87 480
53 88 483
53 89 485
53 90 488
53 91 464
53 92 484
53 93 477
53 94 481
53 95 472
53 96 478
53 97 482
53 98 471
53 99 479
53 100 484
53 101 408
54 1 2
54 2 2
54 3 2
54 4 2
54 5 2
54 6 473
54 7 463
54 8 472
54 9 481
54 10 475
54 11 482
54 12 470
54 13 474
54 14 466
54 15 479
54 16 482
54 17 474
54 18 482
54 19 474
54 20 477
54 21 470
54 22 478
54 23 470
54 24 476
54 25 468
54 26 480
54 27 475
54 28 482
54 29 476
54 30 479
54 31 478
54 32 470
54 33 469
54 34 477
54 35 477
54 36 473
54 37 475
54 38 480
54 39 476
54 40 485
54 41 477
54 42 481
54 43 476
54 44 475
54 45 476
54 46 480
54 47 475
54 48 475
54 49 478
54 50 479
54 51 478
54 52 479
54 53 472
54 54 470
54 55 481
54 56 472
54 57 470
54 58 483
54 59 477
54 60 478
54 61 483
54 62 478
54 63 473
54 64 475
54 65 472
54 66 482
54 67 470
54 68 473
54 69 478
54 70 473
54 71 476
54 72 470
54 73 477
54 74 476
54 75 477
54 76 476
54 77 481
54 78 476
54 79 474
54 80 479
54 81 479
54 82 474
54 83 476
54 84 471
54 85 474
54 86 476
54 87 473
54 88 477
54 89 480
54 90 478
54 91 466
54 92 482
54 93 481
54 94 476
54 95 473
54 96 479
54 97 478
54 98 465
54 99 469
54 100 479
54 101 403
55 1 2
55 2 2
55 3 2
55 4 2
55 5 2
55 6 479
55 7 469
55 8 476
55 9 479
55 10 481
55 11 482
55 12 476
55 13 479
55 14 465
55 15 481
55 16 480
55 17 478
55 18 480
55 19 477
55 20 481
55 21 469
55 22 480
55 23 476
55 24 476
55 25 473
55 26 482
55 27 474
55 28 482
55 29 478
55 30 479
55 31 482
55 32 477
55 33 472
55 34 478
55 35 475
55 36 474
55 37 482
55 38 480
55 39 479
55 40 483
55 41 481
55 42 478
55 43 475
55 44 479
55 45 482
55 46 476
55 47 478
55 48 481
55 49 478
55 50 478
55 51 478
55 52 481
55 53 477
55 54 475
55 55 485
55 56 474
55 57 471
55 58 480
55 59 481
55 60 476
55 61 481
55 62 472
55 63 480
55 64 480
55 65 478
55 66 487
55 67 481
55 68 470
55 69 483
55 70 477
55 71 485
55 72 474
55 73 476
55 74 469
55 75 479
55 76 479
55 77 480
55 78 479
55 79 479
55 80 483
55 81 474
55 82 479
55 83 478
55 84 481
55 85 476
55 86 471
55 87 478
55 88 478
55 89 481
55 90 486
55 91 469
55 92 476
55 93 480
55 94 477
55 95 474
55 96 480
55 97 477
55 98 462
55 99 477
55 100 476
55 101 407
56 1 2
56 2 2
56 3 2
56 4 2
56 5 2
56 6 483
56 7 476
56 8 483
56 9 493
56 10 487
56 11 487
56 12 482
56 13 483
56 14 481
56 15 486
56 16 490
56 17 487
56 18 492
56 19 483
56 20 489
56 21 484
56 22 467
56 23 479
56 24 486
56 25 486
56 26 482
56 27 486
56 28 480
56 29 487
56 30 488
56 31 488
56 32 485
56 33 481
56 34 485
56 35 483
56 36 482
56 37 487
56 38 487
56 39 484
56 40 491
56 41 490
56 42 490
56 43 483
56 44 484
56 45 482
56 46 486
56 47 488
56 48 490
56 49 491
56 50 489
56 51 485
56 52 487
56 53 481
56 54 483
56 55 489
56 56 486
56 57 478
56 58 487
56 59 493
56 60 478
56 61 491
56 62 485
56 63 482
56 64 486
56 65 488
56 66 491
56 67 484
56 68 482
56 69 494
56 70 482
56 71 491
56 72 485
56 73 479
56 74 485
56 75 488
56 76 487
56 77 487
56 78 486
56 79 489
56 80 487
56 81 485
56 82 483
56 83 486
56 84 494
56 85 487
56 86 481
56 87 484
56 88 486
56 89 486
56 90 494
56 91 474
56 92 490
56 93 485
56 94 487
56 95 482
56 96 486
56 97 490
56 98 473
56 99 487
56 100 490
56 101 416
57 1 2
57 2 2
57 3 2
57 4 2
57 5 2
57 6 474
57 7 474
57 8 480
57 9 492
57 10 485
57 11 485
57 12 476
57 13 483
57 14 473
57 15 486
57 16 484
57 17 480
57 18 487
57 19 475
57 20 484
57 21 480
57 22 486
57 23 483
57 24 484
57 25 481
57 26 483
57 27 479
57 28 483
57 29 481
57 30 483
57 31 485
57 32 479
57 33 479
57 34 481
57 35 479
57 36 479
57 37 486
57 38 486
57 39 486
57 40 484
57 41 485
57 42 485
57 43 482
57 44 481
57 45 481
57 46 482
57 47 481
57 48 485
57 49 483
57 50 486
57 51 486
57 52 483
57 53 479
57 54 479
57 55 488
57 56 482
57 57 475
57 58 486
57 59 490
57 60 485
57 61 484
57 62 483
57 63 477
57 64 481
57 65 480
57 66 488
57 67 483
57 68 472
57 69 490
57 70 482
57 71 489
57 72 481
57 73 482
57 74 469
57 75 481
57 76 477
57 77 489
57 78 486
57 79 484
57 80 487
57 81 487
57 82 482
57 83 479
57 84 489
57 85 484
57 86 480
57 87 484
57 88 477
57 89 483
57 90 488
57 91 469
57 92 490
57 93 484
57 94 482
57 95 482
57 96 482
57 97 482
57 98 472
57 99 484
57 100 484
57 101 410
58 1 2
58 2 2
58 3 2
58 4 2
58 5 2
58 6 479
58 7 473
58 8 481
58 9 490
58 10 485
58 11 487
58 12 480
58 13 481
58 14 477
58 15 484
58 16 487
58 17 481
58 18 485
58 19 475
58 20 484
58 21 482
58 22 483
58 23 480
58 24 486
58 25 481
58 26 480
58 27 483
58 28 483
58 29 485
58 30 479
58 31 484
58 32 484
58 33 482
58 34 477
58 35 480
58 36 478
58 37 487
58 38 485
58 39 483
58 40 485
58 41 482
58 42 488
58 43 477
58 44 483
58 45 483
58 46 478
58 47 484
58 48 489
58 49 485
58 50 487
58 51 485
58 52 487
58 53 482
58 54 482
58 55 489
58 56 477
58 57 473
58 58 489
58 59 491
58 60 479
58 61 485
58 62 485
58 63 476
58 64 481
58 65 483
58 66 488
58 67 487
58 68 483
58 69 489
58 70 476
58 71 489
58 72 481
58 73 481
58 74 477
58 75 479
58 76 481
58 77 488
58 78 486
58 79 483
58 80 483
58 81 485
58 82 475
58 83 478
58 84 487
58 85 487
58 86 477
58 87 485
58 88 485
58 89 484
58 90 489
58 91 470
58 92 489
58 93 475
58 94 481
58 95 475
58 96 484
58 97 485
58 98 466
58 99 480
58 100 488
58 101 412
59 1 2
59 2 2
59 3 2
59 4 2
59 5 2
59 6 476
59 7 473
59 8 488
59 9 495
59 10 487
59 11 491
59 12 482
59 13 489
59 14 479
59 15 488
59 16 492
59 17 487
59 18 493
59 19 478
59 20 485
59 21 474
59 22 485
59 23 483
59 24 491
59 25 485
59 26 486
59 27 484
59 28 481
59 29 482
59 30 487
59 31 488
59 32 488
59 33 482
59 34 482
59 35 484
59 36 481
59 37 489
59 38 486
59 39 486
59 40 492
59 41 487
59 42 477
59 43 488
59 44 485
59 45 486
59 46 489
59 47 487
59 48 493
59 49 486
59 50 491
59 51 487
59 52 490
59 53 487
59 54 485
59 55 492
59 56 481
59 57 481
59 58 493
59 59 490
59 60 486
59 61 488
59 62 484
59 63 487
59 64 485
59 65 482
59 66 490
59 67 489
59 68 486
59 69 493
59 70 486
59 71 489
59 72 483
59 73 481
59 74 486
59 75 486
59 76 483
59 77 490
59 78 486
59 79 487
59 80 488
59 81 485
59 82 486
59 83 483
59 84 490
59 85 483
59 86 481
59 87 490
59 88 485
59 89 488
59 90 491
59 91 474
59 92 490
59 93 485
59 94 484
59 95 481
59 96 491
59 97 491
59 98 473
59 99 485
59 100 491
59 101 416
60 1 2
60 2 2
60 3 2
60 4 2
60 5 2
60 6 478
60 7 473
60 8 482
60 9 487
60 10 486
60 11 482
60 12 479
60 13 484
60 14 477
60 15 487
60 16 484
60 17 484
60 18 487
60 19 479
60 20 481
60 21 481
60 22 487
60 23 480
60 24 487
60 25 486
60 26 482
60 27 482
60 28 489
60 29 484
60 30 484
60 31 482
60 32 482
60 33 479
60 34 477
60 35 481
60 36 476
60 37 491
60 38 479
60 39 488
60 40 493
60 41 486
60 42 489
60 43 479
60 44 487
60 45 482
60 46 488
60 47 487
60 48 488
60 49 489
60 50 491
60 51 483
60 52 486
60 53 484
60 54 485
60 55 482
60 56 486
60 57 481
60 58 493
60 59 493
60 60 483
60 61 491
60 62 485
60 63 483
60 64 484
60 65 483
60 66 488
60 67 487
60 68 485
60 69 489
60 70 482
60 71 488
60 72 485
60 73 478
60 74 482
60 75 478
60 76 480
60 77 485
60 78 486
60 79 484
60 80 491
60 81 487
60 82 481
60 83 478
60 84 491
60 85 485
60 86 481
60 87 483
60 88 485
60 89 487
60 90 492
60 91 476
60 92 481
60 93 483
60 94 488
60 95 477
60 96 487
60 97 486
60 98 473
60 99 483
60 100 486
60 101 414
61 1 2
61 2 2
61 3 2
61 4 2
61 5 2
61 6 474
61 7 475
61 8 486
61 9 495
61 10 488
61 11 490
61 12 483
61 13 485
61 14 478
61 15 487
61 16 489
61 17 486
61 18 491
61 19 482
61 20 486
61 21 484
61 22 486
61 23 484
61 24 488
61 25 485
61 26 487
61 27 484
61 28 489
61 29 486
61 30 488
61 31 485
61 32 483
61 33 479
61 34 484
61 35 482
61 36 482
61 37 488
61 38 486
61 39 486
61 40 494
61 41 487
61 42 489
61 43 482
61 44 488
61 45 488
61 46 487
61 47 480
61 48 492
61 49 488
61 50 488
61 51 485
61 52 486
61 53 484
61 54 486
61 55 493
61 56 485
61 57 482
61 58 492
61 59 489
61 60 479
61 61 491
61 62 487
61 63 485
61 64 486
61 65 482
61 66 491
61 67 487
61 68 477
61 69 492
61 70 484
61 71 490
61 72 484
61 73 481
61 74 482
61 75 481
61 76 481
61 77 490
61 78 487
61 79 489
61 80 488
61 81 488
61 82 481
61 83 486
61 84 491
61 85 489
61 86 482
61 87 489
61 88 482
61 89 487
61 90 494
61 91 476
61 92 488
61 93 483
61 94 484
61 95 481
61 96 488
61 97 488
61 98 471
61 99 486
61 100 486
61 101 414
62 1 2
62 2 2
62 3 2
62 4 2
62 5 2
62 6 476
62 7 471
62 8 478
62 9 491
62 10 481
62 11 485
62 12 473
62 13 475
62 14 474
62 15 485
62 16 487
62 17 480
62 18 487
62 19 477
62 20 483
62 21 476
62 22 487
62 23 484
62 24 485
62 25 481
62 26 483
62 27 481
62 28 487
62 29 483
62 30 485
62 31 485
62 32 475
62 33 478
62 34 479
62 35 480
62 36 479
62 37 486
62 38 480
62 39 482
62 40 488
62 41 485
62 42 483
62 43 482
62 44 482
62 45 483
62 46 483
62 47 485
62 48 487
62 49 483
62 50 482
62 51 483
62 52 483
62 53 480
62 54 483
62 55 485
62 56 482
62 57 483
62 58 491
62 59 491
62 60 482
62 61 488
62 62 483
62 63 481
62 64 482
62 65 482
62 66 486
62 67 481
62 68 480
62 69 487
62 70 474
62 71 484
62 72 481
62 73 483
62 74 482
62 75 480
62 76 480
62 77 485
62 78 480
62 79 482
62 80 486
62 81 481
62 82 480
62 83 482
62 84 484
62 85 485
62 86 479
62 87 483
62 88 480
62 89 485
62 90 486
62 91 474
62 92 488
62 93 479
62 94 482
62 95 481
62 96 483
62 97 484
62 98 473
62 99 486
62 100 489
62 101 411
63 1 2
63 2 2
63 3 2
63 4 2
63 5 2
63 6 481
63 7 473
63 8 482
63 9 491
63 10 488
63 11 481
63 12 477
63 13 483
63 14 478
63 15 484
63 16 490
63 17 484
63 18 487
63 19 478
63 20 488
63 21 483
63 22 485
63 23 479
63 24 484
63 25 483
63 26 488
63 27 485
63 28 489
63 29 487
63 30 485
63 31 486
63 32 483
63 33 481
63 34 480
63 35 479
63 36 478
63 37 488
63 38 489
63 39 488
63 40 493
63 41 485
63 42 484
63 43 482
63 44 486
63 45 482
63 46 489
63 47 482
63 48 480
63 49 487
63 50 489
63 51 485
63 52 488
63 53 479
63 54 485
63 55 492
63 56 483
63 57 480
63 58 492
63 59 489
63 60 486
63 61 491
63 62 487
63 63 478
63 64 483
63 65 476
63 66 493
63 67 487
63 68 483
63 69 487
63 70 481
63 71 492
63 72 484
63 73 479
63 74 483
63 75 479
63 76 483
63 77 488
63 78 486
63 79 489
63 80 489
63 81 487
63 82 486
63 83 482
63 84 486
63 85 488
63 86 478
63 87 484
63 88 485
63 89 485
63 90 492
63 91 476
63 92 485
63 93 485
63 94 485
63 95 481
63 96 487
63 97 488
63 98 471
63 99 483
63 100 491
63 101 413
64 1 2
64 2 2
64 3 2
64 4 2
64 5 2
64 6 472
64 7 474
64 8 486
64 9 489
64 10 484
64 11 488
64 12 476
64 13 487
64 14 477
64 15 481
64 16 482
64 17 485
64 18 492
64 19 481
64 20 489
64 21 485
64 22 479
64 23 478
64 24 486
64 25 481
64 26 486
64 27 484
64 28 490
64 29 486
64 30 491
64 31 481
64 32 479
64 33 481
64 34 481
64 35 478
64 36 472
64 37 487
64 38 484
64 39 491
64 40 490
64 41 484
64 42 484
64 43 487
64 44 485
64 45 482
64 46 486
64 47 486
64 48 483
64 49 484
64 50 491
64 51 484
64 52 479
64 53 479
64 54 484
64 55 488
64 56 484
64 57 480
64 58 490
64 59 487
64 60 479
64 61 485
64 62 486
64 63 478
64 64 482
64 65 477
64 66 490
64 67 482
64 68 487
64 69 488
64 70 483
64 71 490
64 72 484
64 73 482
64 74 485
64 75 484
64 76 481
64 77 485
64 78 481
64 79 486
64 80 486
64 81 479
64 82 484
64 83 474
64 84 484
64 85 480
64 86 480
64 87 486
64 88 485
64 89 487
64 90 492
64 91 473
64 92 488
64 93 481
64 94 482
64 95 481
64 96 484
64 97 486
64 98 475
64 99 486
64 100 489
64 101 415
65 1 2
65 2 2
65 3 2
65 4 2
65 5 2
65 6 484
65 7 472
65 8 480
65 9 486
65 10 486
65 11 490
65 12 479
65 13 483
65 14 482
65 15 488
65 16 486
65 17 483
65 18 487
65 19 477
65 20 483
65 21 485
65 22 487
65 23 482
65 24 489
65 25 483
65 26 488
65 27 478
65 28 487
65 29 472
65 30 488
65 31 487
65 32 481
65 33 483
65 34 480
65 35 482
65 36 479
65 37 484
65 38 486
65 39 489
65 40 492
65 41 490
65 42 488
65 43 485
65 44 486
65 45 483
65 46 487
65 47 481
65 48 489
65 49 483
65 50 488
65 51 477
65 52 489
65 53 483
65 54 484
65 55 488
65 56 483
65 57 477
65 58 489
65 59 492
65 60 484
65 61 487
65 62 485
65 63 486
65 64 473
65 65 481
65 66 487
65 67 487
65 68 477
65 69 492
65 70 483
65 71 490
65 72 483
65 73 479
65 74 481
65 75 482
65 76 486
65 77 479
65 78 482
65 79 484
65 80 487
65 81 487
65 82 485
65 83 482
65 84 484
65 85 487
65 86 476
65 87 485
65 88 485
65 89 491
65 90 490
65 91 472
65 92 479
65 93 480
65 94 479
65 95 481
65 96 486
65 97 489
65 98 473
65 99 479
65 100 489
65 101 413
66 1 2
66 2 2
66 3 2
66 4 2
66 5 2
66 6 470
66 7 464
66 8 478
66 9 489
66 10 484
66 11 479
66 12 476
66 13 480
66 14 466
66 15 480
66 16 486
66 17 481
66 18 485
66 19 469
66 20 483
66 21 477
66 22 481
66 23 478
66 24 484
66 25 476
66 26 484
66 27 477
66 28 478
66 29 479
66 30 485
66 31 480
66 32 474
66 33 476
66 34 476
66 35 480
66 36 476
66 37 483
66 38 483
66 39 484
66 40 484
66 41 480
66 42 482
66 43 478
66 44 476
66 45 482
66 46 477
66 47 482
66 48 486
66 49 476
66 50 483
66 51 484
66 52 481
66 53 473
66 54 481
66 55 482
66 56 476
66 57 474
66 58 485
66 59 489
66 60 481
66 61 487
66 62 481
66 63 477
66 64 481
66 65 475
66 66 488
66 67 481
66 68 476
66 69 484
66 70 474
66 71 487
66 72 478
66 73 475
66 74 472
66 75 473
66 76 478
66 77 483
66 78 483
66 79 476
66 80 487
66 81 486
66 82 483
66 83 478
66 84 478
66 85 484
66 86 469
66 87 484
66 88 479
66 89 486
66 90 486
66 91 470
66 92 480
66 93 481
66 94 479
66 95 479
66 96 481
66 97 481
66 98 470
66 99 484
66 100 483
66 101 409
67 1 2
67 2 2
67 3 2
67 4 2
67 5 2
67 6 483
67 7 473
67 8 490
67 9 497
67 10 490
67 11 494
67 12 486
67 13 489
67 14 482
67 15 489
67 16 490
67 17 488
67 18 492
67 19 487
67 20 489
67 21 490
67 22 493
67 23 485
67 24 492
67 25 490
67 26 492
67 27 485
67 28 492
67 29 486
67 30 492
67 31 490
67 32 487
67 33 485
67 34 482
67 35 486
67 36 481
67 37 493
67 38 492
67 39 493
67 40 496
67 41 488
67 42 488
67 43 489
67 44 490
67 45 486
67 46 492
67 47 490
67 48 493
67 49 489
67 50 491
67 51 491
67 52 491
67 53 487
67 54 489
67 55 492
67 56 492
67 57 483
67 58 494
67 59 497
67 60 486
67 61 493
67 62 488
67 63 488
67 64 486
67 65 485
67 66 495
67 67 488
67 68 485
67 69 485
67 70 487
67 71 493
67 72 488
67 73 482
67 74 481
67 75 486
67 76 485
67 77 490
67 78 490
67 79 485
67 80 492
67 81 483
67 82 488
67 83 488
67 84 492
67 85 491
67 86 483
67 87 482
67 88 486
67 89 490
67 90 493
67 91 480
67 92 493
67 93 488
67 94 485
67 95 485
67 96 489
67 97 490
67 98 479
67 99 491
67 100 491
67 101 418
68 1 2
68 2 2
68 3 2
68 4 2
68 5 2
68 6 481
68 7 477
68 8 484
68 9 493
68 10 487
68 11 486
68 12 482
68 13 485
68 14 478
68 15 486
68 16 481
68 17 483
68 18 488
68 19 481
68 20 485
68 21 486
68 22 484
68 23 484
68 24 483
68 25 483
68 26 482
68 27 482
68 28 482
68 29 483
68 30 486
68 31 484
68 32 482
68 33 479
68 34 480
68 35 481
68 36 477
68 37 487
68 38 485
68 39 485
68 40 489
68 41 485
68 42 480
68 43 479
68 44 480
68 45 486
68 46 487
68 47 480
68 48 487
68 49 488
68 50 485
68 51 488
68 52 486
68 53 481
68 54 483
68 55 489
68 56 480
68 57 477
68 58 488
68 59 489
68 60 485
68 61 493
68 62 487
68 63 486
68 64 480
68 65 481
68 66 483
68 67 476
68 68 481
68 69 488
68 70 482
68 71 492
68 72 482
68 73 482
68 74 482
68 75 486
68 76 479
68 77 488
68 78 483
68 79 481
68 80 485
68 81 487
68 82 482
68 83 481
68 84 489
68 85 489
68 86 479
68 87 485
68 88 485
68 89 479
68 90 486
68 91 468
68 92 484
68 93 482
68 94 481
68 95 479
68 96 487
68 97 489
68 98 471
68 99 480
68 100 484
68 101 412
69 1 2
69 2 2
69 3 2
69 4 2
69 5 2
69 6 473
69 7 468
69 8 478
69 9 487
69 10 483
69 11 484
69 12 476
69 13 483
69 14 472
69 15 486
69 16 483
69 17 479
69 18 485
69 19 476
69 20 480
69 21 484
69 22 482
69 23 482
69 24 481
69 25 477
69 26 476
69 27 476
69 28 483
69 29 476
69 30 482
69 31 484
69 32 477
69 33 476
69 34 476
69 35 480
69 36 477
69 37 483
69 38 479
69 39 483
69 40 485
69 41 478
69 42 474
69 43 471
69 44 479
69 45 484
69 46 478
69 47 476
69 48 485
69 49 480
69 50 486
69 51 480
69 52 482
69 53 478
69 54 481
69 55 483
69 56 481
69 57 473
69 58 483
69 59 485
69 60 480
69 61 485
69 62 481
69 63 480
69 64 481
69 65 477
69 66 487
69 67 480
69 68 474
69 69 484
69 70 478
69 71 485
69 72 479
69 73 476
69 74 475
69 75 482
69 76 479
69 77 485
69 78 478
69 79 478
69 80 484
69 81 479
69 82 483
69 83 479
69 84 480
69 85 483
69 86 477
69 87 482
69 88 480
69 89 484
69 90 486
69 91 468
69 92 481
69 93 477
69 94 484
69 95 479
69 96 481
69 97 484
69 98 469
69 99 482
69 100 480
69 101 409
70 1 2
70 2 2
70 3 2
70 4 2
70 5 2
70 6 477
70 7 471
70 8 481
70 9 488
70 10 484
70 11 486
70 12 478
70 13 477
70 14 472
70 15 485
70 16 486
70 17 482
70 18 488
70 19 479
70 20 483
70 21 484
70 22 485
70 23 479
70 24 484
70 25 473
70 26 476
70 27 482
70 28 484
70 29 482
70 30 479
70 31 476
70 32 478
70 33 475
70 34 473
70 35 480
70 36 473
70 37 486
70 38 471
70 39 484
70 40 489
70 41 488
70 42 485
70 43 481
70 44 476
70 45 483
70 46 481
70 47 481
70 48 487
70 49 484
70 50 485
70 51 482
70 52 485
70 53 477
70 54 480
70 55 479
70 56 484
70 57 476
70 58 486
70 59 489
70 60 483
70 61 486
70 62 482
70 63 480
70 64 481
70 65 481
70 66 489
70 67 482
70 68 477
70 69 487
70 70 481
70 71 487
70 72 480
70 73 470
70 74 479
70 75 479
70 76 479
70 77 488
70 78 477
70 79 480
70 80 484
70 81 483
70 82 482
70 83 480
70 84 482
70 85 483
70 86 475
70 87 481
70 88 482
70 89 486
70 90 490
70 91 461
70 92 482
70 93 481
70 94 480
70 95 479
70 96 483
70 97 484
70 98 468
70 99 481
70 100 485
70 101 409
71 1 2
71 2 2
71 3 2
71 4 2
71 5 2
71 6 478
71 7 465
71 8 483
71 9 487
71 10 486
71 11 482
71 12 481
71 13 485
71 14 475
71 15 483
71 16 487
71 17 481
71 18 488
71 19 479
71 20 486
71 21 484
71 22 486
71 23 480
71 24 479
71 25 482
71 26 481
71 27 482
71 28 484
71 29 478
71 30 482
71 31 485
71 32 480
71 33 477
71 34 482
71 35 481
71 36 474
71 37 488
71 38 476
71 39 485
71 40 486
71 41 485
71 42 483
71 43 480
71 44 484
71 45 484
71 46 484
71 47 484
71 48 487
71 49 481
71 50 484
71 51 483
71 52 484
71 53 482
71 54 482
71 55 490
71 56 478
71 57 475
71 58 492
71 59 487
71 60 483
71 61 488
71 62 485
71 63 482
71 64 478
71 65 476
71 66 484
71 67 485
71 68 477
71 69 492
71 70 479
71 71 488
71 72 475
71 73 478
71 74 479
71 75 484
71 76 480
71 77 485
71 78 484
71 79 484
71 80 483
71 81 486
71 82 483
71 83 477
71 84 479
71 85 486
71 86 480
71 87 485
71 88 482
71 89 483
71 90 484
71 91 473
71 92 488
71 93 477
71 94 484
71 95 479
71 96 483
71 97 486
71 98 469
71 99 484
71 100 487
71 101 411
72 1 2
72 2 2
72 3 2
72 4 2
72 5 2
72 6 474
72 7 472
72 8 476
72 9 493
72 10 484
72 11 485
72 12 477
72 13 480
72 14 468
72 15 487
72 16 489
72 17 484
72 18 492
72 19 476
72 20 485
72 21 483
72 22 482
72 23 479
72 24 480
72 25 478
72 26 485
72 27 483
72 28 486
72 29 483
72 30 486
72 31 487
72 32 475
72 33 480
72 34 482
72 35 483
72 36 476
72 37 486
72 38 484
72 39 486
72 40 480
72 41 482
72 42 487
72 43 481
72 44 485
72 45 484
72 46 482
72 47 482
72 48 492
72 49 486
72 50 487
72 51 483
72 52 485
72 53 474
72 54 486
72 55 488
72 56 485
72 57 480
72 58 493
72 59 489
72 60 484
72 61 479
72 62 483
72 63 474
72 64 482
72 65 482
72 66 490
72 67 480
72 68 484
72 69 491
72 70 480
72 71 488
72 72 481
72 73 483
72 74 480
72 75 484
72 76 480
72 77 490
72 78 485
72 79 488
72 80 486
72 81 484
72 82 480
72 83 482
72 84 486
72 85 485
72 86 481
72 87 487
72 88 481
72 89 486
72 90 490
72 91 468
72 92 488
72 93 482
72 94 482
72 95 483
72 96 484
72 97 487
72 98 469
72 99 488
72 100 490
72 101 413
73 1 2
73 2 2
73 3 2
73 4 2
73 5 2
73 6 468
73 7 466
73 8 475
73 9 484
73 10 480
73 11 474
73 12 469
73 13 475
73 14 471
73 15 471
73 16 477
73 17 474
73 18 478
73 19 472
73 20 478
73 21 471
73 22 475
73 23 475
73 24 480
73 25 471
73 26 479
73 27 470
73 28 471
73 29 473
73 30 481
73 31 479
73 32 474
73 33 473
73 34 476
73 35 471
73 36 474
73 37 474
73 38 481
73 39 475
73 40 484
73 41 481
73 42 483
73 43 476
73 44 478
73 45 476
73 46 481
73 47 479
73 48 478
73 49 478
73 50 484
73 51 481
73 52 473
73 53 476
73 54 477
73 55 483
73 56 474
73 57 472
73 58 475
73 59 482
73 60 474
73 61 479
73 62 475
73 63 475
73 64 474
73 65 477
73 66 482
73 67 479
73 68 474
73 69 479
73 70 476
73 71 482
73 72 477
73 73 472
73 74 473
73 75 478
73 76 478
73 77 479
73 78 480
73 79 478
73 80 480
73 81 477
73 82 474
73 83 478
73 84 481
73 85 477
73 86 469
73 87 469
73 88 473
73 89 477
73 90 482
73 91 465
73 92 475
73 93 471
73 94 476
73 95 474
73 96 474
73 97 480
73 98 464
73 99 476
73 100 481
73 101 405
74 1 2
74 2 2
74 3 2
74 4 2
74 5 2
74 6 479
74 7 478
74 8 480
74 9 491
74 10 486
74 11 492
74 12 477
74 13 487
74 14 477
74 15 486
74 16 492
74 17 480
74 18 491
74 19 478
74 20 487
74 21 485
74 22 488
74 23 480
74 24 488
74 25 482
74 26 490
74 27 481
74 28 488
74 29 480
74 30 489
74 31 486
74 32 483
74 33 480
74 34 477
74 35 482
74 36 482
74 37 493
74 38 481
74 39 489
74 40 491
74 41 491
74 42 488
74 43 487
74 44 485
74 45 487
74 46 484
74 47 486
74 48 488
74 49 490
74 50 493
74 51 486
74 52 484
74 53 483
74 54 488
74 55 491
74 56 489
74 57 477
74 58 491
74 59 490
74 60 483
74 61 491
74 62 482
74 63 479
74 64 485
74 65 484
74 66 486
74 67 486
74 68 478
74 69 491
74 70 481
74 71 493
74 72 484
74 73 481
74 74 478
74 75 484
74 76 481
74 77 491
74 78 484
74 79 487
74 80 493
74 81 490
74 82 485
74 83 484
74 84 491
74 85 488
74 86 481
74 87 486
74 88 487
74 89 489
74 90 491
74 91 464
74 92 492
74 93 484
74 94 488
74 95 483
74 96 488
74 97 485
74 98 473
74 99 486
74 100 491
74 101 415
75 1 2
75 2 2
75 3 2
75 4 2
75 5 2
75 6 475
75 7 467
75 8 473
75 9 489
75 10 481
75 11 479
75 12 477
75 13 480
75 14 474
75 15 480
75 16 480
75 17 481
75 18 483
75 19 479
75 20 483
75 21 479
75 22 485
75 23 479
75 24 481
75 25 476
75 26 482
75 27 477
75 28 482
75 29 481
75 30 479
75 31 485
75 32 477
75 33 476
75 34 474
75 35 477
75 36 474
75 37 485
75 38 483
75 39 479
75 40 485
75 41 484
75 42 482
75 43 478
75 44 478
75 45 481
75 46 480
75 47 481
75 48 484
75 49 482
75 50 479
75 51 478
75 52 481
75 53 474
75 54 481
75 55 485
75 56 481
75 57 477
75 58 487
75 59 486
75 60 479
75 61 482
75 62 481
75 63 473
75 64 481
75 65 478
75 66 486
75 67 482
75 68 477
75 69 482
75 70 477
75 71 485
75 72 476
75 73 479
75 74 479
75 75 476
75 76 475
75 77 481
75 78 474
75 79 480
75 80 483
75 81 479
75 82 481
75 83 478
75 84 480
75 85 481
75 86 477
75 87 481
75 88 481
75 89 485
75 90 483
75 91 469
75 92 481
75 93 479
75 94 483
75 95 477
75 96 482
75 97 483
75 98 471
75 99 480
75 100 481
75 101 410
76 1 2
76 2 2
76 3 2
76 4 2
76 5 2
76 6 476
76 7 467
76 8 480
76 9 484
76 10 485
76 11 484
76 12 482
76 13 479
76 14 472
76 15 478
76 16 476
76 17 482
76 18 482
76 19 466
76 20 485
76 21 484
76 22 482
76 23 480
76 24 482
76 25 481
76 26 481
76 27 478
76 28 487
76 29 482
76 30 486
76 31 485
76 32 478
76 33 476
76 34 481
76 35 476
76 36 471
76 37 487
76 38 484
76 39 484
76 40 486
76 41 482
76 42 485
76 43 482
76 44 482
76 45 478
76 46 482
76 47 485
76 48 486
76 49 486
76 50 484
76 51 484
76 52 477
76 53 480
76 54 480
76 55 485
76 56 480
76 57 480
76 58 483
76 59 488
76 60 476
76 61 488
76 62 482
76 63 483
76 64 484
76 65 478
76 66 484
76 67 479
76 68 482
76 69 488
76 70 478
76 71 488
76 72 481
76 73 478
76 74 478
76 75 476
76 76 482
76 77 486
76 78 483
76 79 482
76 80 484
76 81 484
76 82 474
76 83 479
76 84 484
76 85 482
76 86 474
76 87 483
76 88 483
76 89 479
76 90 488
76 91 473
76 92 482
76 93 482
76 94 480
76 95 476
76 96 484
76 97 485
76 98 471
76 99 482
76 100 482
76 101 409
77 1 2
77 2 2
77 3 2
77 4 2
77 5 2
77 6 473
77 7 471
77 8 478
77 9 484
77 10 481
77 11 483
77 12 477
77 13 479
77 14 467
77 15 483
77 16 485
77 17 480
77 18 482
77 19 479
77 20 479
77 21 478
77 22 481
77 23 479
77 24 479
77 25 479
77 26 482
77 27 481
77 28 480
77 29 479
77 30 485
77 31 479
77 32 480
77 33 473
77 34 478
77 35 477
77 36 474
77 37 479
77 38 479
77 39 481
77 40 485
77 41 481
77 42 483
77 43 479
77 44 480
77 45 478
77 46 480
77 47 483
77 48 487
77 49 482
77 50 486
77 51 482
77 52 484
77 53 477
77 54 475
77 55 481
77 56 480
77 57 470
77 58 487
77 59 484
77 60 476
77 61 485
77 62 478
77 63 481
77 64 480
77 65 473
77 66 485
77 67 481
77 68 472
77 69 485
77 70 472
77 71 485
77 72 479
77 73 478
77 74 474
77 75 479
77 76 480
77 77 480
77 78 480
77 79 475
77 80 483
77 81 479
77 82 477
77 83 477
77 84 484
77 85 483
77 86 473
77 87 482
77 88 475
77 89 481
77 90 488
77 91 470
77 92 484
77 93 477
77 94 479
77 95 475
77 96 483
77 97 479
77 98 467
77 99 474
77 100 487
77 101 409
78 1 2
78 2 2
78 3 2
78 4 2
78 5 2
78 6 472
78 7 469
78 8 480
78 9 488
78 10 483
78 11 488
78 12 478
78 13 480
78 14 472
78 15 482
78 16 487
78 17 482
78 18 486
78 19 474
78 20 482
78 21 483
78 22 481
78 23 482
78 24 486
78 25 482
78 26 482
78 27 482
78 28 482
78 29 481
78 30 485
78 31 485
78 32 477
78 33 479
78 34 480
78 35 480
78 36 473
78 37 488
78 38 480
78 39 486
78 40 487
78 41 482
78 42 487
78 43 480
78 44 483
78 45 484
78 46 479
78 47 478
78 48 489
78 49 484
78 50 488
78 51 482
78 52 483
78 53 478
78 54 481
78 55 488
78 56 482
78 57 476
78 58 489
78 59 485
78 60 484
78 61 485
78 62 480
78 63 482
78 64 479
78 65 482
78 66 482
78 67 484
78 68 480
78 69 491
78 70 480
78 71 490
78 72 479
78 73 480
78 74 480
78 75 482
78 76 474
78 77 486
78 78 485
78 79 483
78 80 486
78 81 478
78 82 479
78 83 481
78 84 484
78 85 484
78 86 480
78 87 485
78 88 477
78 89 483
78 90 490
78 91 470
78 92 487
78 93 481
78 94 482
78 95 480
78 96 486
78 97 483
78 98 471
78 99 483
78 100 478
78 101 411
79 1 2
79 2 2
79 3 2
79 4 2
79 5 2
79 6 482
79 7 479
79 8 490
79 9 496
79 10 493
79 11 486
79 12 486
79 13 489
79 14 482
79 15 492
79 16 493
79 17 488
79 18 490
79 19 487
79 20 491
79 21 487
79 22 492
79 23 488
79 24 491
79 25 486
79 26 492
79 27 487
79 28 493
79 29 489
79 30 489
79 31 492
79 32 486
79 33 482
79 34 480
79 35 485
79 36 482
79 37 492
79 38 491
79 39 493
79 40 489
79 41 491
79 42 494
79 43 485
79 44 491
79 45 491
79 46 493
79 47 490
79 48 495
79 49 493
79 50 491
79 51 492
79 52 488
79 53 489
79 54 489
79 55 492
79 56 488
79 57 476
79 58 487
79 59 493
79 60 488
79 61 494
79 62 491
79 63 486
79 64 491
79 65 487
79 66 497
79 67 493
79 68 487
79 69 496
79 70 489
79 71 496
79 72 484
79 73 488
79 74 485
79 75 488
79 76 484
79 77 495
79 78 488
79 79 487
79 80 489
79 81 489
79 82 490
79 83 484
79 84 494
79 85 493
79 86 486
79 87 492
79 88 489
79 89 485
79 90 495
79 91 481
79 92 489
79 93 483
79 94 491
79 95 479
79 96 487
79 97 491
79 98 479
79 99 491
79 100 494
79 101 418
80 1 2
80 2 2
80 3 2
80 4 2
80 5 2
80 6 472
80 7 471
80 8 474
80 9 484
80 10 485
80 11 482
80 12 476
80 13 481
80 14 474
80 15 481
80 16 484
80 17 479
80 18 484
80 19 477
80 20 483
80 21 478
80 22 480
80 23 480
80 24 482
80 25 476
80 26 481
80 27 475
80 28 484
80 29 474
80 30 482
80 31 483
80 32 479
80 33 478
80 34 476
80 35 476
80 36 475
80 37 484
80 38 477
80 39 482
80 40 484
80 41 477
80 42 485
80 43 482
80 44 482
80 45 479
80 46 482
80 47 480
80 48 481
80 49 483
80 50 487
80 51 482
80 52 482
80 53 474
80 54 475
80 55 484
80 56 475
80 57 475
80 58 484
80 59 488
80 60 477
80 61 479
80 62 480
80 63 480
80 64 473
80 65 478
80 66 487
80 67 470
80 68 478
80 69 488
80 70 475
80 71 488
80 72 478
80 73 475
80 74 473
80 75 476
80 76 471
80 77 481
80 78 477
80 79 479
80 80 483
80 81 480
80 82 476
80 83 479
80 84 480
80 85 482
80 86 472
80 87 479
80 88 476
80 89 481
80 90 486
80 91 468
80 92 477
80 93 477
80 94 483
80 95 475
80 96 480
80 97 477
80 98 465
80 99 476
80 100 483
80 101 409
81 1 2
81 2 2
81 3 2
81 4 2
81 5 2
81 6 474
81 7 474
81 8 485
81 9 491
81 10 490
81 11 488
81 12 482
81 13 484
81 14 475
81 15 487
81 16 489
81 17 483
81 18 490
81 19 482
81 20 490
81 21 482
81 22 486
81 23 484
81 24 486
81 25 483
81 26 485
81 27 487
81 28 490
81 29 486
81 30 488
81 31 489
81 32 483
81 33 477
81 34 480
81 35 482
81 36 476
81 37 486
81 38 486
81 39 486
81 40 484
81 41 488
81 42 486
81 43 488
81 44 485
81 45 486
81 46 486
81 47 484
81 48 491
81 49 488
81 50 488
81 51 488
81 52 488
81 53 475
81 54 484
81 55 487
81 56 488
81 57 480
81 58 493
81 59 493
81 60 477
81 61 491
81 62 484
81 63 483
81 64 481
81 65 482
81 66 490
81 67 477
81 68 475
81 69 489
81 70 482
81 71 489
81 72 484
81 73 480
81 74 486
81 75 484
81 76 475
81 77 488
81 78 482
81 79 486
81 80 488
81 81 486
81 82 488
81 83 479
81 84 486
81 85 487
81 86 480
81 87 486
81 88 486
81 89 488
81 90 488
81 91 476
81 92 487
81 93 485
81 94 484
81 95 482
81 96 490
81 97 486
81 98 472
81 99 488
81 100 490
81 101 414
82 1 2
82 2 2
82 3 2
82 4 2
82 5 2
82 6 470
82 7 468
82 8 478
82 9 484
82 10 481
82 11 480
82 12 473
82 13 478
82 14 471
82 15 474
82 16 481
82 17 481
82 18 481
82 19 474
82 20 479
82 21 481
82 22 477
82 23 474
82 24 483
82 25 476
82 26 480
82 27 480
82 28 485
82 29 480
82 30 485
82 31 476
82 32 479
82 33 472
82 34 471
82 35 477
82 36 468
82 37 482
82 38 478
82 39 474
82 40 482
82 41 480
82 42 476
82 43 475
82 44 480
82 45 478
82 46 477
82 47 473
82 48 478
82 49 480
82 50 480
82 51 478
82 52 479
82 53 478
82 54 476
82 55 477
82 56 475
82 57 469
82 58 485
82 59 483
82 60 476
82 61 481
82 62 478
82 63 474
82 64 473
82 65 474
82 66 481
82 67 478
82 68 478
82 69 476
82 70 471
82 71 484
82 72 473
82 73 474
82 74 470
82 75 480
82 76 478
82 77 479
82 78 480
82 79 480
82 80 477
82 81 476
82 82 477
82 83 471
82 84 476
82 85 477
82 86 470
82 87 482
82 88 478
82 89 479
82 90 478
82 91 468
82 92 481
82 93 478
82 94 478
82 95 470
82 96 478
82 97 480
82 98 464
82 99 479
82 100 475
82 101 407
83 1 2
83 2 2
83 3 2
83 4 2
83 5 2
83 6 482
83 7 476
83 8 483
83 9 486
83 10 487
83 11 488
83 12 483
83 13 481
83 14 473
83 15 483
83 16 479
83 17 484
83 18 488
83 19 476
83 20 486
83 21 484
83 22 481
83 23 485
83 24 485
83 25 485
83 26 488
83 27 478
83 28 481
83 29 485
83 30 485
83 31 481
83 32 480
83 33 479
83 34 485
83 35 483
83 36 481
83 37 490
83 38 484
83 39 486
83 40 490
83 41 485
83 42 481
83 43 482
83 44 487
83 45 484
83 46 483
83 47 481
83 48 492
83 49 484
83 50 490
83 51 487
83 52 486
83 53 480
83 54 481
83 55 488
83 56 486
83 57 482
83 58 486
83 59 488
83 60 484
83 61 484
83 62 483
83 63 485
83 64 485
83 65 485
83 66 492
83 67 484
83 68 472
83 69 488
83 70 482
83 71 492
83 72 481
83 73 483
83 74 483
83 75 483
83 76 481
83 77 490
83 78 486
83 79 484
83 80 484
83 81 489
83 82 482
83 83 476
83 84 491
83 85 481
83 86 478
83 87 486
83 88 485
83 89 487
83 90 490
83 91 475
83 92 489
83 93 480
83 94 482
83 95 480
83 96 483
83 97 484
83 98 470
83 99 482
83 100 488
83 101 412
84 1 2
84 2 2
84 3 2
84 4 2
84 5 2
84 6 467
84 7 463
84 8 474
84 9 473
84 10 479
84 11 477
84 12 472
84 13 473
84 14 468
84 15 478
84 16 477
84 17 475
84 18 477
84 19 469
84 20 475
84 21 475
84 22 477
84 23 474
84 24 475
84 25 473
84 26 476
84 27 475
84 28 479
84 29 478
84 30 475
84 31 472
84 32 470
84 33 470
84 34 464
84 35 475
84 36 470
84 37 478
84 38 471
84 39 472
84 40 477
84 41 480
84 42 472
84 43 474
84 44 477
84 45 477
84 46 477
84 47 474
84 48 483
84 49 471
84 50 479
84 51 478
84 52 477
84 53 473
84 54 473
84 55 476
84 56 475
84 57 461
84 58 481
84 59 480
84 60 469
84 61 477
84 62 474
84 63 474
84 64 476
84 65 466
84 66 483
84 67 479
84 68 474
84 69 479
84 70 461
84 71 479
84 72 472
84 73 467
84 74 471
84 75 473
84 76 470
84 77 479
84 78 466
84 79 476
84 80 473
84 81 476
84 82 473
84 83 474
84 84 482
84 85 473
84 86 471
84 87 478
84 88 471
84 89 477
84 90 483
84 91 458
84 92 470
84 93 473
84 94 474
84 95 471
84 96 477
84 97 478
84 98 461
84 99 467
84 100 479
84 101 403
85 1 2
85 2 2
85 3 2
85 4 2
85 5 2
85 6 472
85 7 464
85 8 475
85 9 479
85 10 470
85 11 478
85 12 475
85 13 473
85 14 470
85 15 476
85 16 478
85 17 471
85 18 474
85 19 469
85 20 476
85 21 472
85 22 478
85 23 471
85 24 478
85 25 470
85 26 478
85 27 476
85 28 478
85 29 470
85 30 482
85 31 473
85 32 477
85 33 464
85 34 472
85 35 471
85 36 468
85 37 479
85 38 472
85 39 478
85 40 480
85 41 480
85 42 476
85 43 477
85 44 478
85 45 475
85 46 476
85 47 478
85 48 477
85 49 478
85 50 476
85 51 478
85 52 473
85 53 467
85 54 470
85 55 476
85 56 472
85 57 472
85 58 480
85 59 480
85 60 470
85 61 477
85 62 472
85 63 472
85 64 472
85 65 466
85 66 477
85 67 470
85 68 471
85 69 478
85 70 467
85 71 476
85 72 470
85 73 466
85 74 471
85 75 470
85 76 478
85 77 480
85 78 474
85 79 476
85 80 477
85 81 477
85 82 476
85 83 475
85 84 477
85 85 477
85 86 472
85 87 475
85 88 472
85 89 477
85 90 481
85 91 462
85 92 478
85 93 466
85 94 474
85 95 473
85 96 474
85 97 474
85 98 462
85 99 478
85 100 479
85 101 403
86 1 2
86 2 2
86 3 2
86 4 2
86 5 2
86 6 481
86 7 473
86 8 482
86 9 493
86 10 489
86 11 480
86 12 477
86 13 485
86 14 473
86 15 484
86 16 490
86 17 482
86 18 490
86 19 479
86 20 485
86 21 477
86 22 486
86 23 479
86 24 484
86 25 481
86 26 486
86 27 473
86 28 489
86 29 485
86 30 483
86 31 484
86 32 479
86 33 478
86 34 482
86 35 477
86 36 478
86 37 490
86 38 484
86 39 484
86 40 487
86 41 479
86 42 480
86 43 478
86 44 485
86 45 486
86 46 485
86 47 485
86 48 484
86 49 487
86 50 489
86 51 484
86 52 484
86 53 481
86 54 479
86 55 487
86 56 473
86 57 475
86 58 489
86 59 493
86 60 484
86 61 486
86 62 483
86 63 474
86 64 485
86 65 480
86 66 492
86 67 484
86 68 479
86 69 484
86 70 483
86 71 489
86 72 486
86 73 481
86 74 475
86 75 485
86 76 478
86 77 489
86 78 482
86 79 486
86 80 483
86 81 487
86 82 484
86 83 476
86 84 490
86 85 482
86 86 481
86 87 483
86 88 483
86 89 485
86 90 485
86 91 476
86 92 490
86 93 483
86 94 484
86 95 473
86 96 485
86 97 484
86 98 470
86 99 483
86 100 487
86 101 413
87 1 2
87 2 2
87 3 2
87 4 2
87 5 2
87 6 475
87 7 473
87 8 480
87 9 492
87 10 486
87 11 488
87 12 482
87 13 479
87 14 472
87 15 480
87 16 486
87 17 480
87 18 488
87 19 467
87 20 484
87 21 482
87 22 484
87 23 470
87 24 485
87 25 483
87 26 485
87 27 479
87 28 485
87 29 484
87 30 486
87 31 486
87 32 479
87 33 480
87 34 479
87 35 481
87 36 478
87 37 487
87 38 481
87 39 485
87 40 486
87 41 484
87 42 481
87 43 484
87 44 477
87 45 479
87 46 485
87 47 482
87 48 482
87 49 482
87 50 486
87 51 483
87 52 481
87 53 476
87 54 478
87 55 486
87 56 482
87 57 481
87 58 488
87 59 488
87 60 480
87 61 485
87 62 483
87 63 484
87 64 484
87 65 479
87 66 488
87 67 485
87 68 480
87 69 489
87 70 476
87 71 490
87 72 482
87 73 476
87 74 483
87 75 483
87 76 478
87 77 487
87 78 484
87 79 481
87 80 487
87 81 480
87 82 482
87 83 480
87 84 488
87 85 484
87 86 476
87 87 480
87 88 482
87 89 483
87 90 489
87 91 474
87 92 484
87 93 481
87 94 481
87 95 480
87 96 485
87 97 479
87 98 471
87 99 481
87 100 487
87 101 410
88 1 2
88 2 2
88 3 2
88 4 2
88 5 2
88 6 467
88 7 470
88 8 468
88 9 486
88 10 484
88 11 483
88 12 472
88 13 477
88 14 466
88 15 481
88 16 481
88 17 473
88 18 483
88 19 474
88 20 471
88 21 480
88 22 480
88 23 471
88 24 481
88 25 474
88 26 480
88 27 477
88 28 481
88 29 474
88 30 483
88 31 482
88 32 474
88 33 471
88 34 476
88 35 470
88 36 471
88 37 482
88 38 477
88 39 483
88 40 481
88 41 477
88 42 481
88 43 475
88 44 478
88 45 481
88 46 478
88 47 477
88 48 482
88 49 479
88 50 478
88 51 481
88 52 480
88 53 470
88 54 475
88 55 480
88 56 475
88 57 474
88 58 481
88 59 482
88 60 477
88 61 483
88 62 481
88 63 472
88 64 478
88 65 471
88 66 484
88 67 478
88 68 473
88 69 482
88 70 471
88 71 485
88 72 474
88 73 472
88 74 472
88 75 477
88 76 476
88 77 483
88 78 478
88 79 480
88 80 474
88 81 482
88 82 477
88 83 477
88 84 485
88 85 479
88 86 470
88 87 477
88 88 477
88 89 478
88 90 484
88 91 463
88 92 476
88 93 470
88 94 478
88 95 470
88 96 477
88 97 477
88 98 462
88 99 478
88 100 481
88 101 407
89 1 2
89 2 2
89 3 2
89 4 2
89 5 2
89 6 471
89 7 473
89 8 478
89 9 486
89 10 483
89 11 482
89 12 475
89 13 476
89 14 470
89 15 482
89 16 483
89 17 475
89 18 487
89 19 479
89 20 483
89 21 477
89 22 477
89 23 475
89 24 483
89 25 480
89 26 482
89 27 481
89 28 483
89 29 483
89 30 482
89 31 480
89 32 475
89 33 475
89 34 481
89 35 476
89 36 469
89 37 482
89 38 481
89 39 483
89 40 487
89 41 482
89 42 483
89 43 477
89 44 483
89 45 475
89 46 472
89 47 479
89 48 485
89 49 481
89 50 484
89 51 480
89 52 481
89 53 479
89 54 479
89 55 487
89 56 473
89 57 475
89 58 487
89 59 483
89 60 479
89 61 489
89 62 482
89 63 480
89 64 481
89 65 475
89 66 487
89 67 480
89 68 477
89 69 483
89 70 479
89 71 487
89 72 478
89 73 477
89 74 477
89 75 477
89 76 481
89 77 480
89 78 477
89 79 482
89 80 477
89 81 481
89 82 473
89 83 478
89 84 487
89 85 482
89 86 474
89 87 484
89 88 479
89 89 473
89 90 486
89 91 469
89 92 477
89 93 480
89 94 485
89 95 475
89 96 481
89 97 488
89 98 464
89 99 479
89 100 487
89 101 410
90 1 2
90 2 2
90 3 2
90 4 2
90 5 2
90 6 474
90 7 474
90 8 485
90 9 485
90 10 487
90 11 480
90 12 478
90 13 486
90 14 472
90 15 487
90 16 490
90 17 483
90 18 487
90 19 480
90 20 485
90 21 483
90 22 487
90 23 479
90 24 486
90 25 476
90 26 485
90 27 485
90 28 486
90 29 480
90 30 482
90 31 486
90 32 480
90 33 477
90 34 479
90 35 475
90 36 472
90 37 489
90 38 479
90 39 486
90 40 489
90 41 483
90 42 486
90 43 478
90 44 485
90 45 482
90 46 484
90 47 482
90 48 485
90 49 482
90 50 488
90 51 484
90 52 484
90 53 479
90 54 478
90 55 485
90 56 481
90 57 477
90 58 491
90 59 489
90 60 484
90 61 491
90 62 486
90 63 479
90 64 479
90 65 480
90 66 492
90 67 483
90 68 481
90 69 492
90 70 480
90 71 487
90 72 482
90 73 478
90 74 484
90 75 482
90 76 481
90 77 488
90 78 484
90 79 486
90 80 486
90 81 484
90 82 482
90 83 481
90 84 485
90 85 482
90 86 477
90 87 483
90 88 485
90 89 484
90 90 491
90 91 472
90 92 483
90 93 484
90 94 484
90 95 477
90 96 483
90 97 486
90 98 465
90 99 483
90 100 484
90 101 411
91 1 2
91 2 2
91 3 2
91 4 2
91 5 2
91 6 473
91 7 467
91 8 480
91 9 484
91 10 481
91 11 480
91 12 476
91 13 480
91 14 472
91 15 474
91 16 480
91 17 480
91 18 480
91 19 468
91 20 483
91 21 477
91 22 478
91 23 475
91 24 479
91 25 476
91 26 483
91 27 478
91 28 467
91 29 474
91 30 484
91 31 475
91 32 479
91 33 472
91 34 470
91 35 480
91 36 475
91 37 481
91 38 476
91 39 484
91 40 483
91 41 479
91 42 482
91 43 476
91 44 488
91 45 479
91 46 480
91 47 484
91 48 486
91 49 482
91 50 480
91 51 480
91 52 476
91 53 477
91 54 472
91 55 481
91 56 475
91 57 475
91 58 483
91 59 487
91 60 473
91 61 481
91 62 473
91 63 477
91 64 479
91 65 476
91 66 483
91 67 481
91 68 478
91 69 481
91 70 475
91 71 479
91 72 478
91 73 475
91 74 477
91 75 470
91 76 479
91 77 481
91 78 480
91 79 476
91 80 478
91 81 481
91 82 475
91 83 474
91 84 474
91 85 478
91 86 474
91 87 482
91 88 477
91 89 480
91 90 485
91 91 468
91 92 479
91 93 478
91 94 469
91 95 473
91 96 483
91 97 478
91 98 463
91 99 483
91 100 483
91 101 409
92 1 2
92 2 2
92 3 2
92 4 2
92 5 2
92 6 480
92 7 474
92 8 478
92 9 489
92 10 486
92 11 484
92 12 482
92 13 483
92 14 478
92 15 486
92 16 492
92 17 485
92 18 488
92 19 480
92 20 487
92 21 481
92 22 487
92 23 480
92 24 489
92 25 481
92 26 486
92 27 484
92 28 488
92 29 482
92 30 485
92 31 485
92 32 485
92 33 480
92 34 480
92 35 479
92 36 477
92 37 487
92 38 481
92 39 487
92 40 489
92 41 489
92 42 488
92 43 482
92 44 487
92 45 485
92 46 486
92 47 488
92 48 487
92 49 486
92 50 490
92 51 487
92 52 479
92 53 483
92 54 482
92 55 490
92 56 488
92 57 482
92 58 492
92 59 493
92 60 483
92 61 487
92 62 482
92 63 484
92 64 483
92 65 480
92 66 492
92 67 487
92 68 486
92 69 492
92 70 481
92 71 491
92 72 484
92 73 479
92 74 484
92 75 481
92 76 482
92 77 490
92 78 486
92 79 486
92 80 490
92 81 486
92 82 484
92 83 484
92 84 488
92 85 486
92 86 480
92 87 477
92 88 487
92 89 489
92 90 491
92 91 475
92 92 486
92 93 486
92 94 488
92 95 483
92 96 488
92 97 488
92 98 474
92 99 488
92 100 488
92 101 415
93 1 2
93 2 2
93 3 2
93 4 2
93 5 2
93 6 474
93 7 473
93 8 481
93 9 488
93 10 486
93 11 489
93 12 477
93 13 482
93 14 474
93 15 481
93 16 488
93 17 484
93 18 486
93 19 482
93 20 486
93 21 485
93 22 484
93 23 479
93 24 486
93 25 484
93 26 488
93 27 481
93 28 483
93 29 480
93 30 483
93 31 485
93 32 482
93 33 479
93 34 481
93 35 480
93 36 479
93 37 489
93 38 480
93 39 486
93 40 490
93 41 487
93 42 487
93 43 484
93 44 481
93 45 484
93 46 488
93 47 484
93 48 490
93 49 484
93 50 487
93 51 484
93 52 484
93 53 478
93 54 484
93 55 488
93 56 478
93 57 478
93 58 489
93 59 491
93 60 478
93 61 488
93 62 477
93 63 478
93 64 484
93 65 476
93 66 490
93 67 481
93 68 471
93 69 482
93 70 478
93 71 490
93 72 482
93 73 476
93 74 484
93 75 476
93 76 481
93 77 483
93 78 482
93 79 485
93 80 484
93 81 486
93 82 483
93 83 479
93 84 488
93 85 484
93 86 472
93 87 485
93 88 482
93 89 488
93 90 484
93 91 476
93 92 479
93 93 482
93 94 478
93 95 481
93 96 486
93 97 486
93 98 473
93 99 486
93 100 487
93 101 413
94 1 2
94 2 2
94 3 2
94 4 2
94 5 2
94 6 478
94 7 473
94 8 481
94 9 490
94 10 488
94 11 487
94 12 479
94 13 485
94 14 476
94 15 474
94 16 487
94 17 481
94 18 489
94 19 479
94 20 485
94 21 484
94 22 486
94 23 485
94 24 483
94 25 482
94 26 486
94 27 477
94 28 481
94 29 487
94 30 489
94 31 490
94 32 478
94 33 479
94 34 479
94 35 480
94 36 480
94 37 483
94 38 481
94 39 488
94 40 490
94 41 481
94 42 486
94 43 483
94 44 488
94 45 486
94 46 489
94 47 479
94 48 484
94 49 488
94 50 489
94 51 487
94 52 483
94 53 479
94 54 480
94 55 487
94 56 479
94 57 478
94 58 487
94 59 491
94 60 480
94 61 491
94 62 485
94 63 481
94 64 483
94 65 481
94 66 491
94 67 485
94 68 481
94 69 487
94 70 480
94 71 486
94 72 483
94 73 480
94 74 483
94 75 478
94 76 480
94 77 488
94 78 484
94 79 484
94 80 481
94 81 485
94 82 485
94 83 477
94 84 489
94 85 478
94 86 480
94 87 486
94 88 481
94 89 488
94 90 493
94 91 476
94 92 484
94 93 482
94 94 483
94 95 478
94 96 483
94 97 482
94 98 473
94 99 483
94 100 489
94 101 413
95 1 2
95 2 2
95 3 2
95 4 2
95 5 2
95 6 474
95 7 468
95 8 479
95 9 489
95 10 482
95 11 485
95 12 475
95 13 481
95 14 472
95 15 479
95 16 482
95 17 478
95 18 485
95 19 474
95 20 481
95 21 483
95 22 482
95 23 479
95 24 482
95 25 476
95 26 481
95 27 472
95 28 480
95 29 484
95 30 484
95 31 480
95 32 476
95 33 478
95 34 476
95 35 482
95 36 474
95 37 485
95 38 468
95 39 484
95 40 482
95 41 483
95 42 480
95 43 482
95 44 484
95 45 479
95 46 482
95 47 480
95 48 488
95 49 480
95 50 483
95 51 479
95 52 480
95 53 474
95 54 481
95 55 482
95 56 479
95 57 475
95 58 482
95 59 487
95 60 476
95 61 478
95 62 476
95 63 477
95 64 476
95 65 480
95 66 482
95 67 482
95 68 476
95 69 486
95 70 479
95 71 482
95 72 478
95 73 479
95 74 478
95 75 480
95 76 476
95 77 481
95 78 481
95 79 479
95 80 484
95 81 480
95 82 476
95 83 479
95 84 485
95 85 474
95 86 477
95 87 481
95 88 480
95 89 483
95 90 484
95 91 468
95 92 483
95 93 481
95 94 481
95 95 475
95 96 483
95 97 481
95 98 467
95 99 482
95 100 482
95 101 408
96 1 2
96 2 2
96 3 2
96 4 2
96 5 2
96 6 482
96 7 471
96 8 482
96 9 490
96 10 482
96 11 486
96 12 480
96 13 487
96 14 478
96 15 484
96 16 488
96 17 485
96 18 487
96 19 475
96 20 485
96 21 478
96 22 490
96 23 479
96 24 490
96 25 484
96 26 487
96 27 480
96 28 484
96 29 482
96 30 490
96 31 485
96 32 483
96 33 482
96 34 481
96 35 480
96 36 477
96 37 493
96 38 483
96 39 484
96 40 488
96 41 490
96 42 487
96 43 488
96 44 486
96 45 482
96 46 488
96 47 487
96 48 490
96 49 487
96 50 493
96 51 490
96 52 485
96 53 482
96 54 485
96 55 492
96 56 480
96 57 483
96 58 494
96 59 489
96 60 483
96 61 490
96 62 482
96 63 484
96 64 482
96 65 478
96 66 494
96 67 488
96 68 477
96 69 494
96 70 481
96 71 494
96 72 482
96 73 484
96 74 485
96 75 486
96 76 480
96 77 488
96 78 489
96 79 488
96 80 483
96 81 488
96 82 482
96 83 483
96 84 493
96 85 488
96 86 482
96 87 487
96 88 482
96 89 485
96 90 492
96 91 471
96 92 491
96 93 488
96 94 485
96 95 485
96 96 486
96 97 488
96 98 474
96 99 486
96 100 491
96 101 414
97 1 2
97 2 2
97 3 2
97 4 2
97 5 2
97 6 476
97 7 468
97 8 476
97 9 479
97 10 481
97 11 478
97 12 466
97 13 480
97 14 466
97 15 476
97 16 480
97 17 475
97 18 476
97 19 469
97 20 477
97 21 474
97 22 480
97 23 476
97 24 479
97 25 478
97 26 478
97 27 476
97 28 476
97 29 476
97 30 482
97 31 478
97 32 473
97 33 470
97 34 473
97 35 475
97 36 468
97 37 485
97 38 476
97 39 480
97 40 483
97 41 480
97 42 478
97 43 478
97 44 476
97 45 476
97 46 482
97 47 475
97 48 482
97 49 482
97 50 479
97 51 475
97 52 477
97 53 478
97 54 474
97 55 480
97 56 478
97 57 473
97 58 481
97 59 483
97 60 470
97 61 481
97 62 478
97 63 479
97 64 477
97 65 474
97 66 485
97 67 480
97 68 478
97 69 478
97 70 477
97 71 482
97 72 473
97 73 474
97 74 478
97 75 472
97 76 473
97 77 479
97 78 476
97 79 478
97 80 480
97 81 480
97 82 480
97 83 471
97 84 480
97 85 481
97 86 472
97 87 479
97 88 474
97 89 476
97 90 480
97 91 462
97 92 481
97 93 475
97 94 472
97 95 473
97 96 482
97 97 476
97 98 468
97 99 482
97 100 480
97 101 406
98 1 2
98 2 2
98 3 2
98 4 2
98 5 2
98 6 477
98 7 467
98 8 481
98 9 490
98 10 481
98 11 486
98 12 484
98 13 477
98 14 475
98 15 484
98 16 484
98 17 485
98 18 488
98 19 475
98 20 480
98 21 479
98 22 483
98 23 482
98 24 484
98 25 479
98 26 486
98 27 478
98 28 487
98 29 479
98 30 487
98 31 488
98 32 478
98 33 479
98 34 485
98 35 479
98 36 475
98 37 486
98 38 484
98 39 481
98 40 489
98 41 487
98 42 486
98 43 483
98 44 486
98 45 480
98 46 485
98 47 485
98 48 482
98 49 486
98 50 484
98 51 484
98 52 480
98 53 477
98 54 483
98 55 488
98 56 480
98 57 478
98 58 489
98 59 490
98 60 480
98 61 489
98 62 484
98 63 480
98 64 480
98 65 477
98 66 489
98 67 482
98 68 483
98 69 489
98 70 483
98 71 489
98 72 478
98 73 473
98 74 482
98 75 481
98 76 480
98 77 486
98 78 486
98 79 483
98 80 484
98 81 482
98 82 486
98 83 482
98 84 488
98 85 487
98 86 480
98 87 485
98 88 485
98 89 489
98 90 482
98 91 471
98 92 487
98 93 483
98 94 481
98 95 481
98 96 483
98 97 487
98 98 471
98 99 485
98 100 484
98 101 411
99 1 2
99 2 2
99 3 2
99 4 2
99 5 2
99 6 477
99 7 471
99 8 476
99 9 491
99 10 484
99 11 485
99 12 479
99 13 475
99 14 462
99 15 483
99 16 483
99 17 483
99 18 485
99 19 475
99 20 486
99 21 483
99 22 480
99 23 481
99 24 484
99 25 475
99 26 484
99 27 479
99 28 480
99 29 481
99 30 480
99 31 483
99 32 479
99 33 479
99 34 476
99 35 481
99 36 480
99 37 482
99 38 481
99 39 483
99 40 486
99 41 481
99 42 482
99 43 479
99 44 480
99 45 481
99 46 483
99 47 482
99 48 487
99 49 485
99 50 482
99 51 485
99 52 485
99 53 477
99 54 480
99 55 489
99 56 475
99 57 473
99 58 489
99 59 489
99 60 483
99 61 486
99 62 483
99 63 480
99 64 481
99 65 480
99 66 483
99 67 485
99 68 478
99 69 487
99 70 477
99 71 489
99 72 476
99 73 476
99 74 476
99 75 480
99 76 477
99 77 484
99 78 482
99 79 480
99 80 487
99 81 481
99 82 479
99 83 480
99 84 488
99 85 481
99 86 481
99 87 476
99 88 482
99 89 487
99 90 485
99 91 471
99 92 486
99 93 480
99 94 481
99 95 478
99 96 483
99 97 484
99 98 471
99 99 480
99 100 485
99 101 411
100 1 2
100 2 2
100 3 2
100 4 2
100 5 2
100 6 468
100 7 472
100 8 474
100 9 484
100 10 484
100 11 481
100 12 478
100 13 478
100 14 475
100 15 479
100 16 483
100 17 483
100 18 478
100 19 477
100 20 482
100 21 483
100 22 484
100 23 479
100 24 481
100 25 479
100 26 478
100 27 482
100 28 486
100 29 480
100 30 485
100 31 478
100 32 480
100 33 471
100 34 481
100 35 477
100 36 468
100 37 484
100 38 485
100 39 483
100 40 479
100 41 478
100 42 478
100 43 472
100 44 477
100 45 481
100 46 478
100 47 476
100 48 485
100 49 479
100 50 482
100 51 478
100 52 484
100 53 473
100 54 478
100 55 479
100 56 479
100 57 473
100 58 483
100 59 485
100 60 478
100 61 486
100 62 478
100 63 480
100 64 479
100 65 473
100 66 484
100 67 475
100 68 475
100 69 484
100 70 473
100 71 485
100 72 475
100 73 475
100 74 469
100 75 477
100 76 480
100 77 483
100 78 480
100 79 479
100 80 483
100 81 481
100 82 481
100 83 476
100 84 477
100 85 479
100 86 472
100 87 473
100 88 483
100 89 483
100 90 486
100 91 472
100 92 476
100 93 474
100 94 484
100 95 471
100 96 479
100 97 486
100 98 468
100 99 480
100 100 485
100 101 409
