1 1 2
1 2 4
1 3 4
1 4 4
1 5 4
1 6 4
1 7 4
1 8 4
1 9 4
1 10 4
1 11 5
1 12 5
1 13 5
1 14 5
1 15 5
1 16 5
1 17 5
1 18 5
1 19 5
1 20 5
1 21 5
1 22 5
1 23 5
1 24 5
1 25 5
1 26 5
1 27 5
1 28 5
1 29 5
1 30 5
1 31 5
1 32 5
1 33 5
1 34 5
1 35 5
1 36 5
1 37 5
1 38 5
1 39 5
1 40 5
1 41 5
1 42 5
1 43 5
1 44 5
1 45 5
1 46 5
1 47 5
1 48 5
1 49 5
1 50 5
1 51 5
1 52 5
1 53 5
1 54 5
1 55 5
1 56 5
1 57 5
1 58 5
1 59 5
1 60 5
1 61 5
1 62 5
1 63 5
1 64 5
1 65 5
1 66 5
1 67 5
1 68 5
1 69 5
1 70 5
1 71 5
1 72 5
1 73 5
1 74 5
1 75 5
1 76 5
1 77 5
1 78 5
1 79 5
1 80 5
1 81 5
1 82 5
1 83 5
1 84 5
1 85 5
1 86 5
1 87 5
1 88 5
1 89 5
1 90 5
1 91 5
1 92 5
1 93 5
1 94 5
1 95 5
1 96 5
1 97 5
1 98 5
1 99 5
1 100 5
1 101 2
2 1 2
2 2 5
2 3 4
2 4 6
2 5 7
2 6 5
2 7 7
2 8 7
2 9 5
2 10 7
2 11 8
2 12 7
2 13 9
2 14 9
2 15 7
2 16 9
2 17 9
2 18 7
2 19 9
2 20 9
2 21 7
2 22 9
2 23 9
2 24 7
2 25 9
2 26 9
2 27 7
2 28 9
2 29 9
2 30 7
2 31 9
2 32 9
2 33 8
2 34 10
2 35 10
2 36 8
2 37 10
2 38 10
2 39 8
2 40 10
2 41 10
2 42 8
2 43 10
2 44 10
2 45 8
2 46 10
2 47 10
2 48 8
2 49 10
2 50 10
2 51 8
2 52 10
2 53 10
2 54 8
2 55 10
2 56 10
2 57 8
2 58 10
2 59 10
2 60 8
2 61 10
2 62 10
2 63 8
2 64 10
2 65 10
2 66 8
2 67 10
2 68 10
2 69 8
2 70 10
2 71 10
2 72 8
2 73 10
2 74 10
2 75 8
2 76 10
2 77 10
2 78 8
2 79 10
2 80 10
2 81 8
2 82 10
2 83 10
2 84 8
2 85 10
2 86 10
2 87 8
2 88 10
2 89 10
2 90 8
2 91 10
2 92 10
2 93 8
2 94 10
2 95 10
2 96 9
2 97 10
2 98 10
2 99 9
2 100 10
2 101 3
3 1 2
3 2 2
3 3 7
3 4 11
3 5 11
3 6 7
3 7 11
3 8 13
3 9 8
3 10 12
3 11 10
3 12 10
3 13 9
3 14 14
3 15 12
3 16 13
3 17 12
3 18 9
3 19 15
3 20 15
3 21 10
3 22 11
3 23 16
3 24 10
3 25 14
3 26 12
3 27 9
3 28 16
3 29 16
3 30 12
3 31 14
3 32 14
3 33 10
3 34 14
3 35 14
3 36 12
3 37 14
3 38 16
3 39 14
3 40 16
3 41 14
3 42 12
3 43 16
3 44 14
3 45 12
3 46 12
3 47 16
3 48 14
3 49 16
3 50 16
3 51 12
3 52 14
3 53 16
3 54 12
3 55 16
3 56 16
3 57 10
3 58 16
3 59 18
3 60 14
3 61 16
3 62 16
3 63 14
3 64 18
3 65 16
3 66 10
3 67 16
3 68 16
3 69 14
3 70 18
3 71 16
3 72 12
3 73 16
3 74 16
3 75 15
3 76 15
3 77 12
3 78 14
3 79 16
3 80 18
3 81 12
3 82 15
3 83 18
3 84 16
3 85 18
3 86 16
3 87 14
3 88 16
3 89 17
3 90 11
3 91 17
3 92 17
3 93 15
3 94 18
3 95 18
3 96 14
3 97 16
3 98 17
3 99 13
3 100 18
3 101 7
4 1 2
4 2 2
4 3 2
4 4 7
4 5 12
4 6 11
4 7 11
4 8 11
4 9 15
4 10 13
4 11 10
4 12 12
4 13 13
4 14 14
4 15 17
4 16 13
4 17 14
4 18 12
4 19 17
4 20 15
4 21 13
4 22 16
4 23 17
4 24 13
4 25 15
4 26 15
4 27 15
4 28 13
4 29 17
4 30 17
4 31 15
4 32 11
4 33 17
4 34 19
4 35 15
4 36 17
4 37 18
4 38 15
4 39 15
4 40 17
4 41 19
4 42 17
4 43 19
4 44 19
4 45 17
4 46 13
4 47 17
4 48 15
4 49 17
4 50 19
4 51 17
4 52 15
4 53 15
4 54 20
4 55 21
4 56 15
4 57 15
4 58 19
4 59 19
4 60 17
4 61 19
4 62 19
4 63 18
4 64 19
4 65 21
4 66 17
4 67 17
4 68 17
4 69 21
4 70 15
4 71 20
4 72 19
4 73 19
4 74 17
4 75 21
4 76 17
4 77 17
4 78 19
4 79 19
4 80 17
4 81 17
4 82 20
4 83 19
4 84 16
4 85 22
4 86 20
4 87 19
4 88 15
4 89 22
4 90 19
4 91 19
4 92 19
4 93 20
4 94 19
4 95 19
4 96 19
4 97 21
4 98 17
4 99 23
4 100 21
4 101 6
5 1 2
5 2 2
5 3 2
5 4 2
5 5 10
5 6 12
5 7 14
5 8 12
5 9 14
5 10 10
5 11 12
5 12 12
5 13 12
5 14 14
5 15 14
5 16 16
5 17 14
5 18 10
5 19 16
5 20 14
5 21 18
5 22 20
5 23 16
5 24 16
5 25 14
5 26 16
5 27 18
5 28 18
5 29 16
5 30 16
5 31 20
5 32 18
5 33 18
5 34 18
5 35 10
5 36 16
5 37 17
5 38 13
5 39 18
5 40 20
5 41 20
5 42 20
5 43 20
5 44 21
5 45 16
5 46 19
5 47 16
5 48 15
5 49 22
5 50 20
5 51 21
5 52 20
5 53 18
5 54 20
5 55 22
5 56 17
5 57 15
5 58 20
5 59 18
5 60 19
5 61 24
5 62 23
5 63 20
5 64 24
5 65 20
5 66 15
5 67 16
5 68 17
5 69 21
5 70 17
5 71 23
5 72 23
5 73 18
5 74 20
5 75 18
5 76 21
5 77 24
5 78 20
5 79 23
5 80 19
5 81 19
5 82 24
5 83 20
5 84 21
5 85 24
5 86 22
5 87 23
5 88 21
5 89 22
5 90 17
5 91 23
5 92 18
5 93 22
5 94 21
5 95 19
5 96 25
5 97 21
5 98 21
5 99 23
5 100 20
5 101 6
6 1 2
6 2 2
6 3 2
6 4 2
6 5 2
6 6 14
6 7 18
6 8 14
6 9 16
6 10 16
6 11 16
6 12 15
6 13 15
6 14 18
6 15 16
6 16 21
6 17 18
6 18 16
6 19 18
6 20 17
6 21 18
6 22 22
6 23 16
6 24 18
6 25 19
6 26 18
6 27 22
6 28 26
6 29 22
6 30 22
6 31 26
6 32 22
6 33 18
6 34 25
6 35 14
6 36 16
6 37 18
6 38 18
6 39 18
6 40 26
6 41 24
6 42 26
6 43 26
6 44 24
6 45 18
6 46 22
6 47 21
6 48 24
6 49 24
6 50 20
6 51 22
6 52 22
6 53 18
6 54 22
6 55 26
6 56 24
6 57 22
6 58 24
6 59 22
6 60 24
6 61 28
6 62 26
6 63 22
6 64 30
6 65 22
6 66 22
6 67 26
6 68 20
6 69 22
6 70 22
6 71 20
6 72 24
6 73 26
6 74 28
6 75 21
6 76 30
6 77 28
6 78 22
6 79 28
6 80 25
6 81 24
6 82 28
6 83 28
6 84 26
6 85 26
6 86 26
6 87 22
6 88 24
6 89 20
6 90 21
6 91 28
6 92 28
6 93 23
6 94 32
6 95 26
6 96 30
6 97 26
6 98 25
6 99 27
6 100 24
6 101 10
7 1 2
7 2 2
7 3 2
7 4 2
7 5 2
7 6 2
7 7 16
7 8 17
7 9 21
7 10 19
7 11 17
7 12 17
7 13 21
7 14 23
7 15 25
7 16 19
7 17 24
7 18 26
7 19 20
7 20 19
7 21 21
7 22 25
7 23 15
7 24 15
7 25 21
7 26 20
7 27 24
7 28 18
7 29 25
7 30 25
7 31 25
7 32 22
7 33 26
7 34 31
7 35 26
7 36 23
7 37 24
7 38 25
7 39 20
7 40 23
7 41 28
7 42 29
7 43 30
7 44 27
7 45 27
7 46 21
7 47 22
7 48 27
7 49 23
7 50 25
7 51 24
7 52 21
7 53 30
7 54 31
7 55 28
7 56 25
7 57 29
7 58 25
7 59 26
7 60 21
7 61 27
7 62 30
7 63 29
7 64 31
7 65 27
7 66 28
7 67 33
7 68 28
7 69 33
7 70 29
7 71 25
7 72 23
7 73 31
7 74 25
7 75 29
7 76 28
7 77 31
7 78 29
7 79 28
7 80 26
7 81 30
7 82 26
7 83 33
7 84 29
7 85 34
7 86 27
7 87 27
7 88 31
7 89 31
7 90 31
7 91 28
7 92 35
7 93 27
7 94 29
7 95 31
7 96 25
7 97 25
7 98 30
7 99 35
7 100 29
7 101 11
8 1 2
8 2 2
8 3 2
8 4 2
8 5 2
8 6 2
8 7 2
8 8 19
8 9 22
8 10 25
8 11 23
8 12 21
8 13 25
8 14 21
8 15 23
8 16 19
8 17 23
8 18 23
8 19 25
8 20 21
8 21 25
8 22 27
8 23 26
8 24 21
8 25 29
8 26 27
8 27 23
8 28 25
8 29 27
8 30 26
8 31 29
8 32 24
8 33 29
8 34 33
8 35 25
8 36 25
8 37 31
8 38 27
8 39 25
8 40 29
8 41 27
8 42 29
8 43 31
8 44 31
8 45 33
8 46 27
8 47 29
8 48 31
8 49 35
8 50 33
8 51 29
8 52 21
8 53 29
8 54 27
8 55 29
8 56 25
8 57 25
8 58 31
8 59 34
8 60 31
8 61 31
8 62 33
8 63 37
8 64 35
8 65 39
8 66 29
8 67 35
8 68 26
8 69 27
8 70 30
8 71 27
8 72 27
8 73 37
8 74 37
8 75 31
8 76 35
8 77 35
8 78 35
8 79 33
8 80 31
8 81 31
8 82 33
8 83 35
8 84 31
8 85 39
8 86 35
8 87 27
8 88 35
8 89 37
8 90 31
8 91 35
8 92 33
8 93 35
8 94 37
8 95 35
8 96 32
8 97 35
8 98 35
8 99 39
8 100 32
8 101 11
9 1 2
9 2 2
9 3 2
9 4 2
9 5 2
9 6 2
9 7 2
9 8 2
9 9 22
9 10 35
9 11 33
9 12 31
9 13 31
9 14 31
9 15 35
9 16 36
9 17 31
9 18 31
9 19 37
9 20 36
9 21 32
9 22 39
9 23 36
9 24 32
9 25 35
9 26 43
9 27 34
9 28 42
9 29 42
9 30 32
9 31 42
9 32 34
9 33 30
9 34 40
9 35 35
9 36 34
9 37 40
9 38 36
9 39 31
9 40 42
9 41 45
9 42 36
9 43 40
9 44 36
9 45 30
9 46 40
9 47 37
9 48 36
9 49 36
9 50 42
9 51 39
9 52 42
9 53 38
9 54 38
9 55 41
9 56 45
9 57 40
9 58 42
9 59 43
9 60 37
9 61 41
9 62 42
9 63 38
9 64 48
9 65 44
9 66 37
9 67 48
9 68 41
9 69 33
9 70 42
9 71 46
9 72 34
9 73 50
9 74 47
9 75 39
9 76 54
9 77 48
9 78 48
9 79 44
9 80 46
9 81 42
9 82 43
9 83 46
9 84 37
9 85 45
9 86 41
9 87 39
9 88 36
9 89 37
9 90 28
9 91 42
9 92 52
9 93 41
9 94 44
9 95 41
9 96 46
9 97 41
9 98 38
9 99 42
9 100 41
9 101 20
10 1 2
10 2 2
10 3 2
10 4 2
10 5 2
10 6 2
10 7 2
10 8 2
10 9 2
10 10 28
10 11 37
10 12 31
10 13 36
10 14 42
10 15 38
10 16 37
10 17 34
10 18 36
10 19 32
10 20 40
10 21 42
10 22 47
10 23 36
10 24 35
10 25 41
10 26 44
10 27 47
10 28 47
10 29 39
10 30 36
10 31 43
10 32 39
10 33 37
10 34 39
10 35 34
10 36 37
10 37 33
10 38 35
10 39 36
10 40 35
10 41 41
10 42 43
10 43 39
10 44 45
10 45 46
10 46 43
10 47 45
10 48 51
10 49 46
10 50 45
10 51 52
10 52 45
10 53 42
10 54 45
10 55 49
10 56 39
10 57 39
10 58 41
10 59 39
10 60 45
10 61 48
10 62 37
10 63 40
10 64 49
10 65 41
10 66 51
10 67 43
10 68 45
10 69 37
10 70 45
10 71 46
10 72 46
10 73 48
10 74 55
10 75 42
10 76 47
10 77 53
10 78 53
10 79 45
10 80 55
10 81 48
10 82 47
10 83 49
10 84 50
10 85 50
10 86 47
10 87 43
10 88 43
10 89 47
10 90 41
10 91 46
10 92 50
10 93 51
10 94 42
10 95 45
10 96 55
10 97 51
10 98 48
10 99 58
10 100 46
10 101 23
11 1 2
11 2 2
11 3 2
11 4 2
11 5 2
11 6 2
11 7 2
11 8 2
11 9 2
11 10 2
11 11 32
11 12 33
11 13 25
11 14 31
11 15 32
11 16 27
11 17 30
11 18 34
11 19 30
11 20 26
11 21 32
11 22 32
11 23 31
11 24 32
11 25 30
11 26 39
11 27 33
11 28 36
11 29 32
11 30 34
11 31 36
11 32 35
11 33 33
11 34 35
11 35 30
11 36 33
11 37 37
11 38 33
11 39 29
11 40 34
11 41 36
11 42 38
11 43 34
11 44 37
11 45 37
11 46 39
11 47 35
11 48 39
11 49 42
11 50 41
11 51 46
11 52 37
11 53 36
11 54 43
11 55 42
11 56 40
11 57 34
11 58 38
11 59 35
11 60 33
11 61 37
11 62 39
11 63 36
11 64 38
11 65 38
11 66 41
11 67 42
11 68 39
11 69 38
11 70 40
11 71 43
11 72 39
11 73 43
11 74 46
11 75 41
11 76 48
11 77 47
11 78 47
11 79 33
11 80 44
11 81 48
11 82 42
11 83 44
11 84 40
11 85 44
11 86 43
11 87 42
11 88 41
11 89 41
11 90 38
11 91 45
11 92 41
11 93 42
11 94 41
11 95 43
11 96 43
11 97 39
11 98 44
11 99 43
11 100 38
11 101 16
12 1 2
12 2 2
12 3 2
12 4 2
12 5 2
12 6 2
12 7 2
12 8 2
12 9 2
12 10 2
12 11 2
12 12 34
12 13 35
12 14 36
12 15 36
12 16 38
12 17 36
12 18 38
12 19 36
12 20 37
12 21 37
12 22 39
12 23 35
12 24 31
12 25 33
12 26 39
12 27 36
12 28 37
12 29 39
12 30 35
12 31 41
12 32 39
12 33 39
12 34 36
12 35 39
12 36 47
12 37 41
12 38 39
12 39 37
12 40 43
12 41 43
12 42 44
12 43 37
12 44 39
12 45 34
12 46 40
12 47 37
12 48 41
12 49 41
12 50 41
12 51 47
12 52 43
12 53 38
12 54 38
12 55 40
12 56 43
12 57 36
12 58 41
12 59 35
12 60 42
12 61 45
12 62 41
12 63 42
12 64 49
12 65 44
12 66 44
12 67 47
12 68 47
12 69 49
12 70 44
12 71 50
12 72 48
12 73 45
12 74 42
12 75 47
12 76 50
12 77 50
12 78 53
12 79 43
12 80 50
12 81 53
12 82 47
12 83 47
12 84 47
12 85 53
12 86 52
12 87 44
12 88 49
12 89 41
12 90 48
12 91 47
12 92 49
12 93 42
12 94 45
12 95 41
12 96 47
12 97 45
12 98 47
12 99 53
12 100 43
12 101 19
13 1 2
13 2 2
13 3 2
13 4 2
13 5 2
13 6 2
13 7 2
13 8 2
13 9 2
13 10 2
13 11 2
13 12 2
13 13 38
13 14 43
13 15 50
13 16 44
13 17 41
13 18 46
13 19 45
13 20 46
13 21 49
13 22 49
13 23 43
13 24 39
13 25 43
13 26 49
13 27 46
13 28 50
13 29 51
13 30 40
13 31 46
13 32 48
13 33 43
13 34 44
13 35 49
13 36 49
13 37 52
13 38 46
13 39 41
13 40 51
13 41 54
13 42 49
13 43 50
13 44 52
13 45 54
13 46 54
13 47 48
13 48 58
13 49 46
13 50 50
13 51 56
13 52 48
13 53 48
13 54 54
13 55 49
13 56 54
13 57 49
13 58 46
13 59 48
13 60 48
13 61 50
13 62 50
13 63 50
13 64 60
13 65 48
13 66 53
13 67 58
13 68 48
13 69 48
13 70 54
13 71 59
13 72 56
13 73 54
13 74 58
13 75 49
13 76 56
13 77 61
13 78 64
13 79 57
13 80 60
13 81 61
13 82 57
13 83 68
13 84 54
13 85 65
13 86 58
13 87 61
13 88 51
13 89 56
13 90 50
13 91 54
13 92 62
13 93 50
13 94 48
13 95 48
13 96 54
13 97 48
13 98 58
13 99 54
13 100 51
13 101 20
14 1 2
14 2 2
14 3 2
14 4 2
14 5 2
14 6 2
14 7 2
14 8 2
14 9 2
14 10 2
14 11 2
14 12 2
14 13 2
14 14 46
14 15 51
14 16 47
14 17 46
14 18 47
14 19 48
14 20 49
14 21 46
14 22 49
14 23 51
14 24 51
14 25 49
14 26 55
14 27 54
14 28 53
14 29 51
14 30 53
14 31 60
14 32 57
14 33 53
14 34 53
14 35 54
14 36 60
14 37 56
14 38 48
14 39 46
14 40 52
14 41 50
14 42 54
14 43 56
14 44 50
14 45 56
14 46 54
14 47 56
14 48 58
14 49 54
14 50 52
14 51 58
14 52 46
14 53 54
14 54 58
14 55 60
14 56 60
14 57 54
14 58 54
14 59 62
14 60 54
14 61 60
14 62 54
14 63 54
14 64 54
14 65 62
14 66 60
14 67 66
14 68 60
14 69 52
14 70 57
14 71 62
14 72 64
14 73 66
14 74 60
14 75 56
14 76 64
14 77 59
14 78 62
14 79 54
14 80 58
14 81 64
14 82 66
14 83 66
14 84 62
14 85 62
14 86 64
14 87 60
14 88 62
14 89 68
14 90 58
14 91 70
14 92 64
14 93 60
14 94 66
14 95 62
14 96 60
14 97 52
14 98 60
14 99 62
14 100 62
14 101 21
15 1 2
15 2 2
15 3 2
15 4 2
15 5 2
15 6 2
15 7 2
15 8 2
15 9 2
15 10 2
15 11 2
15 12 2
15 13 2
15 14 2
15 15 52
15 16 56
15 17 57
15 18 53
15 19 58
15 20 60
15 21 56
15 22 56
15 23 62
15 24 54
15 25 54
15 26 64
15 27 59
15 28 60
15 29 62
15 30 51
15 31 63
15 32 61
15 33 53
15 34 59
15 35 63
15 36 53
15 37 63
15 38 61
15 39 53
15 40 61
15 41 53
15 42 59
15 43 54
15 44 61
15 45 53
15 46 67
15 47 63
15 48 59
15 49 59
15 50 62
15 51 61
15 52 57
15 53 62
15 54 63
15 55 64
15 56 65
15 57 55
15 58 61
15 59 65
15 60 58
15 61 61
15 62 66
15 63 59
15 64 66
15 65 67
15 66 67
15 67 70
15 68 67
15 69 63
15 70 63
15 71 69
15 72 69
15 73 74
15 74 62
15 75 68
15 76 75
15 77 71
15 78 72
15 79 69
15 80 72
15 81 66
15 82 69
15 83 71
15 84 63
15 85 75
15 86 75
15 87 65
15 88 63
15 89 67
15 90 59
15 91 68
15 92 73
15 93 61
15 94 66
15 95 66
15 96 63
15 97 58
15 98 60
15 99 64
15 100 65
15 101 27
16 1 2
16 2 2
16 3 2
16 4 2
16 5 2
16 6 2
16 7 2
16 8 2
16 9 2
16 10 2
16 11 2
16 12 2
16 13 2
16 14 2
16 15 2
16 16 58
16 17 56
16 18 64
16 19 57
16 20 65
16 21 64
16 22 63
16 23 59
16 24 57
16 25 58
16 26 67
16 27 64
16 28 66
16 29 66
16 30 64
16 31 62
16 32 66
16 33 64
16 34 60
16 35 64
16 36 70
16 37 68
16 38 62
16 39 62
16 40 68
16 41 65
16 42 65
16 43 61
16 44 64
16 45 70
16 46 69
16 47 65
16 48 70
16 49 70
16 50 66
16 51 69
16 52 67
16 53 65
16 54 76
16 55 69
16 56 71
16 57 70
16 58 70
16 59 71
16 60 70
16 61 73
16 62 60
16 63 67
16 64 72
16 65 67
16 66 75
16 67 69
16 68 69
16 69 67
16 70 67
16 71 77
16 72 75
16 73 73
16 74 67
16 75 67
16 76 75
16 77 77
16 78 79
16 79 70
16 80 75
16 81 67
16 82 73
16 83 75
16 84 65
16 85 71
16 86 67
16 87 61
16 88 67
16 89 68
16 90 69
16 91 69
16 92 71
16 93 65
16 94 65
16 95 75
16 96 75
16 97 67
16 98 75
16 99 81
16 100 75
16 101 28
17 1 2
17 2 2
17 3 2
17 4 2
17 5 2
17 6 2
17 7 2
17 8 2
17 9 2
17 10 2
17 11 2
17 12 2
17 13 2
17 14 2
17 15 2
17 16 2
17 17 59
17 18 68
17 19 63
17 20 66
17 21 61
17 22 67
17 23 62
17 24 64
17 25 60
17 26 64
17 27 68
17 28 68
17 29 61
17 30 62
17 31 69
17 32 65
17 33 66
17 34 67
17 35 67
17 36 75
17 37 61
17 38 67
17 39 65
17 40 81
17 41 73
17 42 79
17 43 69
17 44 71
17 45 67
17 46 74
17 47 67
17 48 74
17 49 63
17 50 69
17 51 73
17 52 61
17 53 68
17 54 76
17 55 70
17 56 69
17 57 65
17 58 68
17 59 71
17 60 66
17 61 63
17 62 67
17 63 67
17 64 69
17 65 64
17 66 75
17 67 75
17 68 74
17 69 61
17 70 69
17 71 81
17 72 82
17 73 75
17 74 72
17 75 79
17 76 78
17 77 77
17 78 79
17 79 81
17 80 85
17 81 78
17 82 71
17 83 83
17 84 76
17 85 77
17 86 78
17 87 75
17 88 72
17 89 71
17 90 74
17 91 74
17 92 83
17 93 65
17 94 77
17 95 76
17 96 77
17 97 71
17 98 85
17 99 83
17 100 72
17 101 30
18 1 2
18 2 2
18 3 2
18 4 2
18 5 2
18 6 2
18 7 2
18 8 2
18 9 2
18 10 2
18 11 2
18 12 2
18 13 2
18 14 2
18 15 2
18 16 2
18 17 2
18 18 63
18 19 66
18 20 71
18 21 71
18 22 75
18 23 71
18 24 72
18 25 66
18 26 82
18 27 73
18 28 77
18 29 70
18 30 67
18 31 77
18 32 73
18 33 69
18 34 70
18 35 72
18 36 79
18 37 78
18 38 79
18 39 73
18 40 76
18 41 74
18 42 77
18 43 71
18 44 74
18 45 82
18 46 80
18 47 76
18 48 80
18 49 70
18 50 80
18 51 76
18 52 70
18 53 74
18 54 74
18 55 78
18 56 84
18 57 78
18 58 80
18 59 82
18 60 78
18 61 79
18 62 76
18 63 70
18 64 80
18 65 81
18 66 80
18 67 85
18 68 79
18 69 62
18 70 84
18 71 88
18 72 88
18 73 81
18 74 78
18 75 81
18 76 80
18 77 87
18 78 88
18 79 75
18 80 84
18 81 86
18 82 86
18 83 89
18 84 82
18 85 96
18 86 80
18 87 83
18 88 82
18 89 85
18 90 85
18 91 88
18 92 91
18 93 85
18 94 89
18 95 82
18 96 84
18 97 74
18 98 89
18 99 82
18 100 84
18 101 31
19 1 2
19 2 2
19 3 2
19 4 2
19 5 2
19 6 2
19 7 2
19 8 2
19 9 2
19 10 2
19 11 2
19 12 2
19 13 2
19 14 2
19 15 2
19 16 2
19 17 2
19 18 2
19 19 69
19 20 75
19 21 74
19 22 73
19 23 73
19 24 77
19 25 71
19 26 80
19 27 80
19 28 76
19 29 77
19 30 76
19 31 77
19 32 80
19 33 77
19 34 77
19 35 79
19 36 87
19 37 77
19 38 83
19 39 75
19 40 84
19 41 75
19 42 83
19 43 81
19 44 79
19 45 78
19 46 83
19 47 81
19 48 91
19 49 89
19 50 88
19 51 90
19 52 85
19 53 80
19 54 88
19 55 88
19 56 83
19 57 90
19 58 82
19 59 83
19 60 82
19 61 84
19 62 70
19 63 75
19 64 82
19 65 80
19 66 84
19 67 74
19 68 84
19 69 78
19 70 76
19 71 92
19 72 84
19 73 86
19 74 78
19 75 86
19 76 86
19 77 96
19 78 90
19 79 88
19 80 98
19 81 86
19 82 90
19 83 96
19 84 90
19 85 98
19 86 90
19 87 86
19 88 90
19 89 83
19 90 86
19 91 96
19 92 93
19 93 90
19 94 91
19 95 94
19 96 97
19 97 86
19 98 96
19 99 93
19 100 93
19 101 37
20 1 2
20 2 2
20 3 2
20 4 2
20 5 2
20 6 2
20 7 2
20 8 2
20 9 2
20 10 2
20 11 2
20 12 2
20 13 2
20 14 2
20 15 2
20 16 2
20 17 2
20 18 2
20 19 2
20 20 77
20 21 71
20 22 78
20 23 76
20 24 73
20 25 71
20 26 80
20 27 78
20 28 80
20 29 72
20 30 80
20 31 81
20 32 71
20 33 76
20 34 79
20 35 85
20 36 87
20 37 77
20 38 77
20 39 78
20 40 84
20 41 76
20 42 84
20 43 88
20 44 79
20 45 71
20 46 86
20 47 72
20 48 83
20 49 78
20 50 83
20 51 82
20 52 78
20 53 78
20 54 82
20 55 82
20 56 78
20 57 76
20 58 80
20 59 82
20 60 80
20 61 74
20 62 82
20 63 76
20 64 86
20 65 82
20 66 92
20 67 80
20 68 88
20 69 87
20 70 79
20 71 86
20 72 88
20 73 86
20 74 80
20 75 91
20 76 85
20 77 84
20 78 94
20 79 81
20 80 88
20 81 84
20 82 89
20 83 92
20 84 81
20 85 87
20 86 86
20 87 80
20 88 81
20 89 77
20 90 85
20 91 93
20 92 88
20 93 76
20 94 87
20 95 80
20 96 81
20 97 83
20 98 90
20 99 89
20 100 91
20 101 34
21 1 2
21 2 2
21 3 2
21 4 2
21 5 2
21 6 2
21 7 2
21 8 2
21 9 2
21 10 2
21 11 2
21 12 2
21 13 2
21 14 2
21 15 2
21 16 2
21 17 2
21 18 2
21 19 2
21 20 2
21 21 81
21 22 96
21 23 92
21 24 87
21 25 80
21 26 90
21 27 92
21 28 92
21 29 85
21 30 92
21 31 91
21 32 91
21 33 91
21 34 89
21 35 96
21 36 101
21 37 92
21 38 86
21 39 88
21 40 88
21 41 86
21 42 94
21 43 94
21 44 92
21 45 95
21 46 98
21 47 82
21 48 94
21 49 98
21 50 96
21 51 106
21 52 96
21 53 94
21 54 90
21 55 94
21 56 97
21 57 96
21 58 100
21 59 95
21 60 96
21 61 89
21 62 95
21 63 90
21 64 97
21 65 99
21 66 107
21 67 98
21 68 101
21 69 93
21 70 95
21 71 105
21 72 103
21 73 101
21 74 85
21 75 95
21 76 90
21 77 95
21 78 105
21 79 93
21 80 101
21 81 97
21 82 107
21 83 97
21 84 101
21 85 103
21 86 103
21 87 91
21 88 105
21 89 97
21 90 97
21 91 107
21 92 105
21 93 91
21 94 105
21 95 99
21 96 107
21 97 103
21 98 117
21 99 109
21 100 111
21 101 42
22 1 2
22 2 2
22 3 2
22 4 2
22 5 2
22 6 2
22 7 2
22 8 2
22 9 2
22 10 2
22 11 2
22 12 2
22 13 2
22 14 2
22 15 2
22 16 2
22 17 2
22 18 2
22 19 2
22 20 2
22 21 2
22 22 90
22 23 86
22 24 90
22 25 88
22 26 89
22 27 93
22 28 87
22 29 88
22 30 87
22 31 96
22 32 94
22 33 90
22 34 84
22 35 92
22 36 101
22 37 91
22 38 89
22 39 83
22 40 91
22 41 87
22 42 92
22 43 87
22 44 93
22 45 94
22 46 97
22 47 92
22 48 93
22 49 96
22 50 94
22 51 100
22 52 96
22 53 95
22 54 97
22 55 100
22 56 92
22 57 98
22 58 96
22 59 94
22 60 94
22 61 92
22 62 88
22 63 88
22 64 94
22 65 94
22 66 102
22 67 90
22 68 98
22 69 92
22 70 96
22 71 108
22 72 98
22 73 98
22 74 88
22 75 87
22 76 91
22 77 95
22 78 98
22 79 92
22 80 100
22 81 95
22 82 100
22 83 104
22 84 96
22 85 104
22 86 105
22 87 97
22 88 103
22 89 97
22 90 96
22 91 100
22 92 100
22 93 99
22 94 100
22 95 98
22 96 110
22 97 99
22 98 110
22 99 105
22 100 107
22 101 39
23 1 2
23 2 2
23 3 2
23 4 2
23 5 2
23 6 2
23 7 2
23 8 2
23 9 2
23 10 2
23 11 2
23 12 2
23 13 2
23 14 2
23 15 2
23 16 2
23 17 2
23 18 2
23 19 2
23 20 2
23 21 2
23 22 2
23 23 91
23 24 94
23 25 90
23 26 99
23 27 99
23 28 101
23 29 98
23 30 96
23 31 108
23 32 95
23 33 98
23 34 89
23 35 101
23 36 109
23 37 99
23 38 94
23 39 97
23 40 106
23 41 99
23 42 98
23 43 100
23 44 96
23 45 98
23 46 106
23 47 104
23 48 95
23 49 100
23 50 93
23 51 100
23 52 99
23 53 97
23 54 95
23 55 104
23 56 92
23 57 109
23 58 107
23 59 107
23 60 105
23 61 98
23 62 94
23 63 86
23 64 103
23 65 99
23 66 113
23 67 91
23 68 103
23 69 97
23 70 103
23 71 119
23 72 107
23 73 99
23 74 101
23 75 95
23 76 101
23 77 103
23 78 109
23 79 105
23 80 103
23 81 95
23 82 104
23 83 109
23 84 101
23 85 123
23 86 115
23 87 101
23 88 104
23 89 107
23 90 101
23 91 111
23 92 111
23 93 107
23 94 109
23 95 98
23 96 109
23 97 113
23 98 109
23 99 106
23 100 116
23 101 46
24 1 2
24 2 2
24 3 2
24 4 2
24 5 2
24 6 2
24 7 2
24 8 2
24 9 2
24 10 2
24 11 2
24 12 2
24 13 2
24 14 2
24 15 2
24 16 2
24 17 2
24 18 2
24 19 2
24 20 2
24 21 2
24 22 2
24 23 2
24 24 98
24 25 95
24 26 105
24 27 110
24 28 107
24 29 98
24 30 93
24 31 111
24 32 104
24 33 106
24 34 98
24 35 112
24 36 105
24 37 105
24 38 106
24 39 99
24 40 108
24 41 101
24 42 97
24 43 103
24 44 106
24 45 100
24 46 112
24 47 99
24 48 102
24 49 98
24 50 98
24 51 106
24 52 104
24 53 114
24 54 102
24 55 114
24 56 100
24 57 105
24 58 117
24 59 98
24 60 116
24 61 106
24 62 100
24 63 99
24 64 100
24 65 102
24 66 123
24 67 101
24 68 108
24 69 101
24 70 113
24 71 115
24 72 117
24 73 111
24 74 107
24 75 107
24 76 119
24 77 107
24 78 109
24 79 115
24 80 115
24 81 117
24 82 119
24 83 109
24 84 115
24 85 121
24 86 119
24 87 115
24 88 109
24 89 107
24 90 115
24 91 123
24 92 119
24 93 105
24 94 119
24 95 105
24 96 125
24 97 111
24 98 123
24 99 117
24 100 117
24 101 48
25 1 2
25 2 2
25 3 2
25 4 2
25 5 2
25 6 2
25 7 2
25 8 2
25 9 2
25 10 2
25 11 2
25 12 2
25 13 2
25 14 2
25 15 2
25 16 2
25 17 2
25 18 2
25 19 2
25 20 2
25 21 2
25 22 2
25 23 2
25 24 2
25 25 97
25 26 107
25 27 106
25 28 113
25 29 107
25 30 99
25 31 113
25 32 110
25 33 102
25 34 99
25 35 110
25 36 118
25 37 109
25 38 106
25 39 109
25 40 111
25 41 103
25 42 111
25 43 107
25 44 100
25 45 109
25 46 112
25 47 103
25 48 107
25 49 108
25 50 106
25 51 104
25 52 112
25 53 108
25 54 104
25 55 109
25 56 107
25 57 113
25 58 112
25 59 112
25 60 113
25 61 108
25 62 100
25 63 105
25 64 119
25 65 108
25 66 121
25 67 109
25 68 120
25 69 105
25 70 113
25 71 129
25 72 125
25 73 123
25 74 109
25 75 113
25 76 117
25 77 111
25 78 117
25 79 119
25 80 115
25 81 119
25 82 125
25 83 123
25 84 107
25 85 123
25 86 115
25 87 115
25 88 112
25 89 107
25 90 119
25 91 115
25 92 116
25 93 109
25 94 115
25 95 107
25 96 111
25 97 109
25 98 123
25 99 117
25 100 124
25 101 45
26 1 2
26 2 2
26 3 2
26 4 2
26 5 2
26 6 2
26 7 2
26 8 2
26 9 2
26 10 2
26 11 2
26 12 2
26 13 2
26 14 2
26 15 2
26 16 2
26 17 2
26 18 2
26 19 2
26 20 2
26 21 2
26 22 2
26 23 2
26 24 2
26 25 2
26 26 130
26 27 133
26 28 142
26 29 130
26 30 127
26 31 145
26 32 132
26 33 134
26 34 129
26 35 136
26 36 151
26 37 137
26 38 139
26 39 137
26 40 143
26 41 134
26 42 140
26 43 142
26 44 132
26 45 138
26 46 144
26 47 137
26 48 146
26 49 138
26 50 143
26 51 145
26 52 143
26 53 135
26 54 147
26 55 145
26 56 139
26 57 145
26 58 147
26 59 143
26 60 141
26 61 135
26 62 127
26 63 131
26 64 142
26 65 139
26 66 139
26 67 149
26 68 147
26 69 135
26 70 143
26 71 156
26 72 137
26 73 149
26 74 128
26 75 144
26 76 140
26 77 140
26 78 148
26 79 144
26 80 144
26 81 142
26 82 149
26 83 154
26 84 134
26 85 158
26 86 144
26 87 146
26 88 138
26 89 144
26 90 148
26 91 152
26 92 144
26 93 138
26 94 160
26 95 138
26 96 150
26 97 148
26 98 162
26 99 146
26 100 162
26 101 58
27 1 2
27 2 2
27 3 2
27 4 2
27 5 2
27 6 2
27 7 2
27 8 2
27 9 2
27 10 2
27 11 2
27 12 2
27 13 2
27 14 2
27 15 2
27 16 2
27 17 2
27 18 2
27 19 2
27 20 2
27 21 2
27 22 2
27 23 2
27 24 2
27 25 2
27 26 138
27 27 151
27 28 142
27 29 144
27 30 133
27 31 153
27 32 146
27 33 142
27 34 141
27 35 151
27 36 155
27 37 133
27 38 149
27 39 144
27 40 152
27 41 145
27 42 150
27 43 142
27 44 148
27 45 151
27 46 148
27 47 144
27 48 153
27 49 145
27 50 147
27 51 144
27 52 147
27 53 153
27 54 155
27 55 155
27 56 141
27 57 161
27 58 155
27 59 149
27 60 163
27 61 155
27 62 139
27 63 140
27 64 142
27 65 148
27 66 163
27 67 148
27 68 153
27 69 142
27 70 164
27 71 164
27 72 170
27 73 162
27 74 152
27 75 166
27 76 156
27 77 156
27 78 162
27 79 164
27 80 152
27 81 160
27 82 154
27 83 170
27 84 160
27 85 162
27 86 164
27 87 162
27 88 154
27 89 160
27 90 152
27 91 155
27 92 160
27 93 152
27 94 161
27 95 156
27 96 168
27 97 152
27 98 171
27 99 156
27 100 162
27 101 74
28 1 2
28 2 2
28 3 2
28 4 2
28 5 2
28 6 2
28 7 2
28 8 2
28 9 2
28 10 2
28 11 2
28 12 2
28 13 2
28 14 2
28 15 2
28 16 2
28 17 2
28 18 2
28 19 2
28 20 2
28 21 2
28 22 2
28 23 2
28 24 2
28 25 2
28 26 120
28 27 113
28 28 122
28 29 118
28 30 111
28 31 125
28 32 115
28 33 114
28 34 114
28 35 120
28 36 117
28 37 125
28 38 114
28 39 109
28 40 124
28 41 108
28 42 116
28 43 112
28 44 116
28 45 112
28 46 124
28 47 113
28 48 120
28 49 115
28 50 117
28 51 121
28 52 122
28 53 113
28 54 113
28 55 127
28 56 117
28 57 113
28 58 127
28 59 107
28 60 126
28 61 115
28 62 111
28 63 121
28 64 126
28 65 115
28 66 122
28 67 130
28 68 129
28 69 118
28 70 129
28 71 133
28 72 125
28 73 136
28 74 124
28 75 126
28 76 128
28 77 122
28 78 127
28 79 126
28 80 130
28 81 126
28 82 144
28 83 132
28 84 118
28 85 136
28 86 120
28 87 126
28 88 120
28 89 118
28 90 126
28 91 136
28 92 120
28 93 122
28 94 132
28 95 126
28 96 134
28 97 120
28 98 128
28 99 117
28 100 128
28 101 56
29 1 2
29 2 2
29 3 2
29 4 2
29 5 2
29 6 2
29 7 2
29 8 2
29 9 2
29 10 2
29 11 2
29 12 2
29 13 2
29 14 2
29 15 2
29 16 2
29 17 2
29 18 2
29 19 2
29 20 2
29 21 2
29 22 2
29 23 2
29 24 2
29 25 2
29 26 138
29 27 147
29 28 149
29 29 134
29 30 141
29 31 141
29 32 136
29 33 142
29 34 140
29 35 137
29 36 152
29 37 136
29 38 141
29 39 141
29 40 145
29 41 144
29 42 145
29 43 142
29 44 134
29 45 143
29 46 134
29 47 144
29 48 143
29 49 141
29 50 141
29 51 146
29 52 146
29 53 140
29 54 141
29 55 147
29 56 143
29 57 141
29 58 143
29 59 147
29 60 148
29 61 141
29 62 141
29 63 141
29 64 149
29 65 149
29 66 155
29 67 147
29 68 156
29 69 139
29 70 145
29 71 161
29 72 157
29 73 155
29 74 149
29 75 154
29 76 153
29 77 149
29 78 156
29 79 159
29 80 156
29 81 158
29 82 159
29 83 166
29 84 158
29 85 166
29 86 157
29 87 145
29 88 153
29 89 148
29 90 160
29 91 159
29 92 149
29 93 151
29 94 154
29 95 150
29 96 156
29 97 156
29 98 164
29 99 160
29 100 159
29 101 66
30 1 2
30 2 2
30 3 2
30 4 2
30 5 2
30 6 2
30 7 2
30 8 2
30 9 2
30 10 2
30 11 2
30 12 2
30 13 2
30 14 2
30 15 2
30 16 2
30 17 2
30 18 2
30 19 2
30 20 2
30 21 2
30 22 2
30 23 2
30 24 2
30 25 2
30 26 121
30 27 123
30 28 120
30 29 113
30 30 114
30 31 123
30 32 112
30 33 116
30 34 113
30 35 113
30 36 121
30 37 113
30 38 115
30 39 119
30 40 115
30 41 120
30 42 122
30 43 112
30 44 112
30 45 120
30 46 112
30 47 122
30 48 125
30 49 121
30 50 117
30 51 121
30 52 117
30 53 119
30 54 117
30 55 123
30 56 121
30 57 115
30 58 119
30 59 123
30 60 121
30 61 119
30 62 119
30 63 113
30 64 111
30 65 121
30 66 123
30 67 117
30 68 119
30 69 119
30 70 124
30 71 131
30 72 126
30 73 123
30 74 122
30 75 126
30 76 116
30 77 128
30 78 130
30 79 126
30 80 126
30 81 124
30 82 132
30 83 134
30 84 122
30 85 132
30 86 128
30 87 124
30 88 130
30 89 120
30 90 130
30 91 122
30 92 120
30 93 127
30 94 119
30 95 118
30 96 133
30 97 128
30 98 138
30 99 118
30 100 131
30 101 57
31 1 2
31 2 2
31 3 2
31 4 2
31 5 2
31 6 2
31 7 2
31 8 2
31 9 2
31 10 2
31 11 2
31 12 2
31 13 2
31 14 2
31 15 2
31 16 2
31 17 2
31 18 2
31 19 2
31 20 2
31 21 2
31 22 2
31 23 2
31 24 2
31 25 2
31 26 138
31 27 151
31 28 151
31 29 136
31 30 138
31 31 151
31 32 137
31 33 144
31 34 140
31 35 140
31 36 148
31 37 136
31 38 134
31 39 143
31 40 151
31 41 142
31 42 141
31 43 138
31 44 133
31 45 142
31 46 145
31 47 148
31 48 149
31 49 142
31 50 144
31 51 144
31 52 140
31 53 136
31 54 143
31 55 142
31 56 142
31 57 138
31 58 145
31 59 148
31 60 153
31 61 142
31 62 139
31 63 140
31 64 147
31 65 147
31 66 151
31 67 144
31 68 151
31 69 141
31 70 153
31 71 161
31 72 153
31 73 157
31 74 151
31 75 153
31 76 147
31 77 151
31 78 153
31 79 161
31 80 155
31 81 154
31 82 160
31 83 164
31 84 159
31 85 168
31 86 153
31 87 143
31 88 151
31 89 146
31 90 152
31 91 157
31 92 147
31 93 151
31 94 158
31 95 147
31 96 161
31 97 167
31 98 159
31 99 150
31 100 165
31 101 67
32 1 2
32 2 2
32 3 2
32 4 2
32 5 2
32 6 2
32 7 2
32 8 2
32 9 2
32 10 2
32 11 2
32 12 2
32 13 2
32 14 2
32 15 2
32 16 2
32 17 2
32 18 2
32 19 2
32 20 2
32 21 2
32 22 2
32 23 2
32 24 2
32 25 2
32 26 117
32 27 119
32 28 115
32 29 115
32 30 111
32 31 120
32 32 118
32 33 109
32 34 115
32 35 125
32 36 125
32 37 112
32 38 123
32 39 120
32 40 116
32 41 114
32 42 120
32 43 120
32 44 112
32 45 114
32 46 118
32 47 111
32 48 121
32 49 117
32 50 115
32 51 115
32 52 117
32 53 121
32 54 128
32 55 118
32 56 114
32 57 124
32 58 118
32 59 119
32 60 122
32 61 120
32 62 102
32 63 106
32 64 118
32 65 125
32 66 126
32 67 116
32 68 126
32 69 120
32 70 122
32 71 131
32 72 134
32 73 122
32 74 120
32 75 134
32 76 132
32 77 123
32 78 132
32 79 128
32 80 133
32 81 127
32 82 126
32 83 134
32 84 121
32 85 130
32 86 127
32 87 131
32 88 122
32 89 122
32 90 135
32 91 127
32 92 131
32 93 119
32 94 123
32 95 121
32 96 127
32 97 119
32 98 129
32 99 127
32 100 133
32 101 54
33 1 2
33 2 2
33 3 2
33 4 2
33 5 2
33 6 2
33 7 2
33 8 2
33 9 2
33 10 2
33 11 2
33 12 2
33 13 2
33 14 2
33 15 2
33 16 2
33 17 2
33 18 2
33 19 2
33 20 2
33 21 2
33 22 2
33 23 2
33 24 2
33 25 2
33 26 144
33 27 141
33 28 140
33 29 138
33 30 136
33 31 147
33 32 145
33 33 141
33 34 134
33 35 150
33 36 153
33 37 147
33 38 147
33 39 141
33 40 149
33 41 136
33 42 146
33 43 136
33 44 144
33 45 130
33 46 142
33 47 136
33 48 152
33 49 143
33 50 148
33 51 144
33 52 147
33 53 144
33 54 149
33 55 150
33 56 145
33 57 140
33 58 143
33 59 143
33 60 151
33 61 141
33 62 131
33 63 145
33 64 145
33 65 147
33 66 157
33 67 147
33 68 159
33 69 151
33 70 155
33 71 171
33 72 155
33 73 159
33 74 137
33 75 156
33 76 149
33 77 144
33 78 153
33 79 149
33 80 147
33 81 150
33 82 149
33 83 154
33 84 143
33 85 150
33 86 154
33 87 146
33 88 143
33 89 140
33 90 145
33 91 154
33 92 152
33 93 138
33 94 151
33 95 152
33 96 150
33 97 141
33 98 156
33 99 161
33 100 148
33 101 67
34 1 2
34 2 2
34 3 2
34 4 2
34 5 2
34 6 2
34 7 2
34 8 2
34 9 2
34 10 2
34 11 2
34 12 2
34 13 2
34 14 2
34 15 2
34 16 2
34 17 2
34 18 2
34 19 2
34 20 2
34 21 2
34 22 2
34 23 2
34 24 2
34 25 2
34 26 131
34 27 142
34 28 144
34 29 131
34 30 135
34 31 144
34 32 130
34 33 133
34 34 135
34 35 136
34 36 145
34 37 133
34 38 137
34 39 135
34 40 144
34 41 133
34 42 136
34 43 138
34 44 134
34 45 138
34 46 141
34 47 140
34 48 148
34 49 138
34 50 139
34 51 140
34 52 139
34 53 139
34 54 147
34 55 141
34 56 137
34 57 147
34 58 143
34 59 144
34 60 141
34 61 134
34 62 131
34 63 130
34 64 146
34 65 147
34 66 145
34 67 142
34 68 142
34 69 127
34 70 144
34 71 159
34 72 142
34 73 149
34 74 138
34 75 148
34 76 148
34 77 143
34 78 152
34 79 146
34 80 144
34 81 148
34 82 146
34 83 158
34 84 148
34 85 158
34 86 146
34 87 140
34 88 144
34 89 148
34 90 146
34 91 154
34 92 150
34 93 140
34 94 158
34 95 140
34 96 147
34 97 154
34 98 152
34 99 144
34 100 158
34 101 62
35 1 2
35 2 2
35 3 2
35 4 2
35 5 2
35 6 2
35 7 2
35 8 2
35 9 2
35 10 2
35 11 2
35 12 2
35 13 2
35 14 2
35 15 2
35 16 2
35 17 2
35 18 2
35 19 2
35 20 2
35 21 2
35 22 2
35 23 2
35 24 2
35 25 2
35 26 116
35 27 123
35 28 126
35 29 115
35 30 119
35 31 130
35 32 118
35 33 126
35 34 115
35 35 125
35 36 131
35 37 122
35 38 111
35 39 114
35 40 132
35 41 120
35 42 126
35 43 117
35 44 117
35 45 114
35 46 126
35 47 119
35 48 119
35 49 121
35 50 115
35 51 115
35 52 125
35 53 113
35 54 121
35 55 131
35 56 113
35 57 117
35 58 127
35 59 123
35 60 131
35 61 121
35 62 109
35 63 117
35 64 125
35 65 122
35 66 134
35 67 124
35 68 128
35 69 118
35 70 127
35 71 138
35 72 127
35 73 132
35 74 132
35 75 124
35 76 130
35 77 124
35 78 130
35 79 132
35 80 126
35 81 132
35 82 134
35 83 136
35 84 131
35 85 134
35 86 130
35 87 122
35 88 128
35 89 120
35 90 116
35 91 127
35 92 118
35 93 118
35 94 135
35 95 120
35 96 136
35 97 136
35 98 141
35 99 127
35 100 139
35 101 58
36 1 2
36 2 2
36 3 2
36 4 2
36 5 2
36 6 2
36 7 2
36 8 2
36 9 2
36 10 2
36 11 2
36 12 2
36 13 2
36 14 2
36 15 2
36 16 2
36 17 2
36 18 2
36 19 2
36 20 2
36 21 2
36 22 2
36 23 2
36 24 2
36 25 2
36 26 110
36 27 115
36 28 108
36 29 115
36 30 106
36 31 117
36 32 110
36 33 114
36 34 107
36 35 111
36 36 115
36 37 107
36 38 108
36 39 104
36 40 114
36 41 108
36 42 112
36 43 110
36 44 106
36 45 114
36 46 109
36 47 112
36 48 115
36 49 106
36 50 113
36 51 117
36 52 115
36 53 109
36 54 107
36 55 103
36 56 112
36 57 117
36 58 113
36 59 115
36 60 116
36 61 118
36 62 106
36 63 111
36 64 118
36 65 112
36 66 120
36 67 112
36 68 115
36 69 106
36 70 118
36 71 126
36 72 114
36 73 122
36 74 106
36 75 108
36 76 106
36 77 102
36 78 112
36 79 114
36 80 114
36 81 116
36 82 116
36 83 116
36 84 120
36 85 122
36 86 116
36 87 111
36 88 110
36 89 108
36 90 108
36 91 110
36 92 118
36 93 109
36 94 118
36 95 111
36 96 116
36 97 120
36 98 129
36 99 125
36 100 118
36 101 48
37 1 2
37 2 2
37 3 2
37 4 2
37 5 2
37 6 2
37 7 2
37 8 2
37 9 2
37 10 2
37 11 2
37 12 2
37 13 2
37 14 2
37 15 2
37 16 2
37 17 2
37 18 2
37 19 2
37 20 2
37 21 2
37 22 2
37 23 2
37 24 2
37 25 2
37 26 141
37 27 144
37 28 152
37 29 142
37 30 138
37 31 155
37 32 142
37 33 137
37 34 143
37 35 153
37 36 155
37 37 149
37 38 146
37 39 142
37 40 150
37 41 144
37 42 148
37 43 146
37 44 146
37 45 140
37 46 156
37 47 139
37 48 153
37 49 151
37 50 151
37 51 151
37 52 151
37 53 149
37 54 153
37 55 158
37 56 143
37 57 150
37 58 155
37 59 142
37 60 157
37 61 144
37 62 135
37 63 136
37 64 154
37 65 157
37 66 160
37 67 156
37 68 158
37 69 144
37 70 160
37 71 162
37 72 152
37 73 156
37 74 140
37 75 154
37 76 164
37 77 146
37 78 158
37 79 154
37 80 150
37 81 146
37 82 152
37 83 160
37 84 148
37 85 156
37 86 150
37 87 157
37 88 152
37 89 160
37 90 144
37 91 158
37 92 159
37 93 150
37 94 166
37 95 154
37 96 154
37 97 153
37 98 158
37 99 147
37 100 168
37 101 71
38 1 2
38 2 2
38 3 2
38 4 2
38 5 2
38 6 2
38 7 2
38 8 2
38 9 2
38 10 2
38 11 2
38 12 2
38 13 2
38 14 2
38 15 2
38 16 2
38 17 2
38 18 2
38 19 2
38 20 2
38 21 2
38 22 2
38 23 2
38 24 2
38 25 2
38 26 132
38 27 139
38 28 140
38 29 133
38 30 131
38 31 145
38 32 139
38 33 142
38 34 138
38 35 143
38 36 143
38 37 141
38 38 137
38 39 134
38 40 154
38 41 134
38 42 140
38 43 142
38 44 143
38 45 138
38 46 152
38 47 137
38 48 143
38 49 133
38 50 141
38 51 147
38 52 139
38 53 143
38 54 139
38 55 147
38 56 141
38 57 147
38 58 151
38 59 135
38 60 152
38 61 143
38 62 127
38 63 135
38 64 144
38 65 133
38 66 143
38 67 155
38 68 147
38 69 134
38 70 148
38 71 146
38 72 145
38 73 154
38 74 136
38 75 146
38 76 149
38 77 132
38 78 144
38 79 152
38 80 140
38 81 150
38 82 150
38 83 152
38 84 148
38 85 153
38 86 146
38 87 150
38 88 140
38 89 140
38 90 140
38 91 150
38 92 153
38 93 132
38 94 158
38 95 150
38 96 154
38 97 144
38 98 162
38 99 154
38 100 151
38 101 65
39 1 2
39 2 2
39 3 2
39 4 2
39 5 2
39 6 2
39 7 2
39 8 2
39 9 2
39 10 2
39 11 2
39 12 2
39 13 2
39 14 2
39 15 2
39 16 2
39 17 2
39 18 2
39 19 2
39 20 2
39 21 2
39 22 2
39 23 2
39 24 2
39 25 2
39 26 142
39 27 143
39 28 148
39 29 146
39 30 153
39 31 155
39 32 143
39 33 152
39 34 138
39 35 146
39 36 173
39 37 146
39 38 149
39 39 147
39 40 150
39 41 149
39 42 155
39 43 148
39 44 148
39 45 150
39 46 144
39 47 154
39 48 152
39 49 150
39 50 154
39 51 158
39 52 164
39 53 146
39 54 158
39 55 157
39 56 151
39 57 157
39 58 151
39 59 162
39 60 161
39 61 149
39 62 143
39 63 155
39 64 161
39 65 163
39 66 170
39 67 153
39 68 161
39 69 147
39 70 154
39 71 181
39 72 150
39 73 158
39 74 149
39 75 157
39 76 147
39 77 151
39 78 169
39 79 149
39 80 153
39 81 159
39 82 160
39 83 167
39 84 154
39 85 160
39 86 162
39 87 146
39 88 166
39 89 160
39 90 148
39 91 158
39 92 154
39 93 158
39 94 172
39 95 154
39 96 162
39 97 160
39 98 171
39 99 170
39 100 180
39 101 78
40 1 2
40 2 2
40 3 2
40 4 2
40 5 2
40 6 2
40 7 2
40 8 2
40 9 2
40 10 2
40 11 2
40 12 2
40 13 2
40 14 2
40 15 2
40 16 2
40 17 2
40 18 2
40 19 2
40 20 2
40 21 2
40 22 2
40 23 2
40 24 2
40 25 2
40 26 134
40 27 135
40 28 136
40 29 124
40 30 137
40 31 135
40 32 125
40 33 124
40 34 132
40 35 132
40 36 139
40 37 127
40 38 131
40 39 135
40 40 134
40 41 133
40 42 138
40 43 137
40 44 136
40 45 134
40 46 132
40 47 136
40 48 148
40 49 134
40 50 142
40 51 144
40 52 138
40 53 136
40 54 137
40 55 141
40 56 137
40 57 143
40 58 143
40 59 145
40 60 143
40 61 135
40 62 133
40 63 131
40 64 137
40 65 139
40 66 146
40 67 133
40 68 135
40 69 132
40 70 134
40 71 151
40 72 129
40 73 141
40 74 130
40 75 141
40 76 128
40 77 143
40 78 142
40 79 134
40 80 132
40 81 142
40 82 126
40 83 143
40 84 143
40 85 144
40 86 136
40 87 133
40 88 145
40 89 135
40 90 138
40 91 140
40 92 150
40 93 135
40 94 144
40 95 145
40 96 154
40 97 146
40 98 152
40 99 150
40 100 154
40 101 59
41 1 2
41 2 2
41 3 2
41 4 2
41 5 2
41 6 2
41 7 2
41 8 2
41 9 2
41 10 2
41 11 2
41 12 2
41 13 2
41 14 2
41 15 2
41 16 2
41 17 2
41 18 2
41 19 2
41 20 2
41 21 2
41 22 2
41 23 2
41 24 2
41 25 2
41 26 134
41 27 139
41 28 148
41 29 132
41 30 131
41 31 153
41 32 139
41 33 139
41 34 132
41 35 144
41 36 152
41 37 147
41 38 144
41 39 143
41 40 153
41 41 140
41 42 141
41 43 143
41 44 142
41 45 135
41 46 150
41 47 137
41 48 148
41 49 146
41 50 146
41 51 150
41 52 148
41 53 145
41 54 152
41 55 158
41 56 142
41 57 145
41 58 156
41 59 145
41 60 153
41 61 141
41 62 135
41 63 139
41 64 147
41 65 147
41 66 157
41 67 155
41 68 153
41 69 139
41 70 157
41 71 161
41 72 151
41 73 159
41 74 135
41 75 151
41 76 159
41 77 144
41 78 157
41 79 149
41 80 147
41 81 154
41 82 155
41 83 152
41 84 148
41 85 161
41 86 141
41 87 150
41 88 145
41 89 141
41 90 148
41 91 152
41 92 154
41 93 139
41 94 165
41 95 147
41 96 157
41 97 150
41 98 159
41 99 154
41 100 164
41 101 63
42 1 2
42 2 2
42 3 2
42 4 2
42 5 2
42 6 2
42 7 2
42 8 2
42 9 2
42 10 2
42 11 2
42 12 2
42 13 2
42 14 2
42 15 2
42 16 2
42 17 2
42 18 2
42 19 2
42 20 2
42 21 2
42 22 2
42 23 2
42 24 2
42 25 2
42 26 132
42 27 137
42 28 135
42 29 124
42 30 135
42 31 133
42 32 129
42 33 133
42 34 130
42 35 136
42 36 146
42 37 133
42 38 133
42 39 133
42 40 143
42 41 135
42 42 142
42 43 131
42 44 137
42 45 132
42 46 134
42 47 138
42 48 148
42 49 138
42 50 132
42 51 146
42 52 137
42 53 140
42 54 148
42 55 145
42 56 135
42 57 141
42 58 141
42 59 143
42 60 145
42 61 131
42 62 128
42 63 133
42 64 134
42 65 143
42 66 145
42 67 135
42 68 144
42 69 133
42 70 137
42 71 149
42 72 131
42 73 133
42 74 133
42 75 139
42 76 135
42 77 141
42 78 139
42 79 137
42 80 134
42 81 141
42 82 131
42 83 147
42 84 138
42 85 139
42 86 147
42 87 131
42 88 146
42 89 146
42 90 141
42 91 148
42 92 142
42 93 144
42 94 154
42 95 146
42 96 153
42 97 153
42 98 165
42 99 146
42 100 158
42 101 57
43 1 2
43 2 2
43 3 2
43 4 2
43 5 2
43 6 2
43 7 2
43 8 2
43 9 2
43 10 2
43 11 2
43 12 2
43 13 2
43 14 2
43 15 2
43 16 2
43 17 2
43 18 2
43 19 2
43 20 2
43 21 2
43 22 2
43 23 2
43 24 2
43 25 2
43 26 136
43 27 143
43 28 147
43 29 134
43 30 134
43 31 151
43 32 138
43 33 139
43 34 136
43 35 144
43 36 146
43 37 144
43 38 135
43 39 135
43 40 153
43 41 140
43 42 139
43 43 141
43 44 138
43 45 136
43 46 141
43 47 138
43 48 144
43 49 138
43 50 142
43 51 142
43 52 148
43 53 140
43 54 140
43 55 148
43 56 134
43 57 141
43 58 152
43 59 146
43 60 148
43 61 143
43 62 135
43 63 138
43 64 149
43 65 137
43 66 153
43 67 149
43 68 145
43 69 137
43 70 151
43 71 159
43 72 143
43 73 155
43 74 139
43 75 142
43 76 141
43 77 140
43 78 143
43 79 153
43 80 139
43 81 147
43 82 148
43 83 149
43 84 143
43 85 155
43 86 143
43 87 138
43 88 131
43 89 137
43 90 135
43 91 148
43 92 149
43 93 135
43 94 148
43 95 142
43 96 152
43 97 150
43 98 153
43 99 150
43 100 156
43 101 63
44 1 2
44 2 2
44 3 2
44 4 2
44 5 2
44 6 2
44 7 2
44 8 2
44 9 2
44 10 2
44 11 2
44 12 2
44 13 2
44 14 2
44 15 2
44 16 2
44 17 2
44 18 2
44 19 2
44 20 2
44 21 2
44 22 2
44 23 2
44 24 2
44 25 2
44 26 125
44 27 132
44 28 134
44 29 133
44 30 128
44 31 146
44 32 128
44 33 133
44 34 125
44 35 139
44 36 143
44 37 132
44 38 130
44 39 126
44 40 134
44 41 132
44 42 134
44 43 129
44 44 131
44 45 129
44 46 133
44 47 125
44 48 131
44 49 133
44 50 130
44 51 127
44 52 139
44 53 131
44 54 136
44 55 138
44 56 129
44 57 137
44 58 138
44 59 139
44 60 138
44 61 135
44 62 118
44 63 124
44 64 137
44 65 136
44 66 150
44 67 130
44 68 142
44 69 132
44 70 142
44 71 156
44 72 150
44 73 148
44 74 138
44 75 142
44 76 146
44 77 134
44 78 146
44 79 141
44 80 139
44 81 134
44 82 143
44 83 148
44 84 139
44 85 148
44 86 147
44 87 143
44 88 136
44 89 136
44 90 134
44 91 141
44 92 143
44 93 128
44 94 143
44 95 135
44 96 140
44 97 141
44 98 141
44 99 147
44 100 148
44 101 56
45 1 2
45 2 2
45 3 2
45 4 2
45 5 2
45 6 2
45 7 2
45 8 2
45 9 2
45 10 2
45 11 2
45 12 2
45 13 2
45 14 2
45 15 2
45 16 2
45 17 2
45 18 2
45 19 2
45 20 2
45 21 2
45 22 2
45 23 2
45 24 2
45 25 2
45 26 116
45 27 115
45 28 121
45 29 110
45 30 114
45 31 116
45 32 115
45 33 118
45 34 113
45 35 116
45 36 126
45 37 112
45 38 116
45 39 122
45 40 123
45 41 119
45 42 123
45 43 120
45 44 119
45 45 121
45 46 123
45 47 118
45 48 130
45 49 118
45 50 119
45 51 128
45 52 114
45 53 119
45 54 128
45 55 124
45 56 124
45 57 128
45 58 127
45 59 122
45 60 133
45 61 122
45 62 113
45 63 118
45 64 118
45 65 126
45 66 123
45 67 127
45 68 133
45 69 111
45 70 127
45 71 129
45 72 127
45 73 125
45 74 121
45 75 133
45 76 129
45 77 123
45 78 133
45 79 127
45 80 128
45 81 135
45 82 129
45 83 137
45 84 127
45 85 130
45 86 121
45 87 127
45 88 125
45 89 125
45 90 130
45 91 122
45 92 123
45 93 118
45 94 129
45 95 123
45 96 131
45 97 131
45 98 147
45 99 121
45 100 131
45 101 53
46 1 2
46 2 2
46 3 2
46 4 2
46 5 2
46 6 2
46 7 2
46 8 2
46 9 2
46 10 2
46 11 2
46 12 2
46 13 2
46 14 2
46 15 2
46 16 2
46 17 2
46 18 2
46 19 2
46 20 2
46 21 2
46 22 2
46 23 2
46 24 2
46 25 2
46 26 132
46 27 127
46 28 140
46 29 136
46 30 130
46 31 145
46 32 128
46 33 132
46 34 128
46 35 134
46 36 144
46 37 139
46 38 135
46 39 131
46 40 141
46 41 129
46 42 133
46 43 141
46 44 129
46 45 130
46 46 137
46 47 134
46 48 130
46 49 138
46 50 134
46 51 138
46 52 142
46 53 131
46 54 135
46 55 139
46 56 134
46 57 137
46 58 142
46 59 139
46 60 141
46 61 137
46 62 126
46 63 129
46 64 147
46 65 141
46 66 148
46 67 141
46 68 145
46 69 127
46 70 145
46 71 157
46 72 143
46 73 149
46 74 131
46 75 139
46 76 141
46 77 130
46 78 147
46 79 145
46 80 143
46 81 139
46 82 146
46 83 141
46 84 139
46 85 158
46 86 140
46 87 137
46 88 141
46 89 139
46 90 127
46 91 145
46 92 141
46 93 131
46 94 147
46 95 129
46 96 139
46 97 143
46 98 140
46 99 137
46 100 152
46 101 58
47 1 2
47 2 2
47 3 2
47 4 2
47 5 2
47 6 2
47 7 2
47 8 2
47 9 2
47 10 2
47 11 2
47 12 2
47 13 2
47 14 2
47 15 2
47 16 2
47 17 2
47 18 2
47 19 2
47 20 2
47 21 2
47 22 2
47 23 2
47 24 2
47 25 2
47 26 133
47 27 147
47 28 143
47 29 139
47 30 137
47 31 151
47 32 141
47 33 140
47 34 139
47 35 142
47 36 154
47 37 144
47 38 144
47 39 131
47 40 153
47 41 137
47 42 149
47 43 135
47 44 147
47 45 145
47 46 141
47 47 138
47 48 149
47 49 150
47 50 144
47 51 148
47 52 154
47 53 146
47 54 149
47 55 160
47 56 142
47 57 156
47 58 152
47 59 148
47 60 147
47 61 147
47 62 133
47 63 140
47 64 149
47 65 148
47 66 159
47 67 147
47 68 149
47 69 137
47 70 149
47 71 163
47 72 153
47 73 157
47 74 143
47 75 153
47 76 149
47 77 151
47 78 149
47 79 149
47 80 145
47 81 147
47 82 153
47 83 163
47 84 147
47 85 155
47 86 156
47 87 151
47 88 153
47 89 153
47 90 149
47 91 156
47 92 151
47 93 141
47 94 159
47 95 149
47 96 157
47 97 151
47 98 163
47 99 146
47 100 164
47 101 67
48 1 2
48 2 2
48 3 2
48 4 2
48 5 2
48 6 2
48 7 2
48 8 2
48 9 2
48 10 2
48 11 2
48 12 2
48 13 2
48 14 2
48 15 2
48 16 2
48 17 2
48 18 2
48 19 2
48 20 2
48 21 2
48 22 2
48 23 2
48 24 2
48 25 2
48 26 133
48 27 133
48 28 134
48 29 136
48 30 127
48 31 143
48 32 130
48 33 132
48 34 130
48 35 130
48 36 144
48 37 135
48 38 133
48 39 131
48 40 143
48 41 125
48 42 133
48 43 138
48 44 126
48 45 130
48 46 136
48 47 134
48 48 138
48 49 129
48 50 137
48 51 145
48 52 137
48 53 127
48 54 136
48 55 135
48 56 129
48 57 137
48 58 139
48 59 131
48 60 145
48 61 133
48 62 121
48 63 134
48 64 142
48 65 139
48 66 144
48 67 146
48 68 142
48 69 127
48 70 139
48 71 149
48 72 138
48 73 150
48 74 136
48 75 145
48 76 135
48 77 135
48 78 150
48 79 144
48 80 148
48 81 144
48 82 152
48 83 145
48 84 142
48 85 155
48 86 138
48 87 142
48 88 142
48 89 136
48 90 128
48 91 144
48 92 138
48 93 136
48 94 154
48 95 138
48 96 152
48 97 146
48 98 156
48 99 146
48 100 156
48 101 57
49 1 2
49 2 2
49 3 2
49 4 2
49 5 2
49 6 2
49 7 2
49 8 2
49 9 2
49 10 2
49 11 2
49 12 2
49 13 2
49 14 2
49 15 2
49 16 2
49 17 2
49 18 2
49 19 2
49 20 2
49 21 2
49 22 2
49 23 2
49 24 2
49 25 2
49 26 137
49 27 150
49 28 147
49 29 133
49 30 138
49 31 152
49 32 145
49 33 143
49 34 140
49 35 150
49 36 156
49 37 140
49 38 146
49 39 146
49 40 158
49 41 144
49 42 155
49 43 145
49 44 147
49 45 147
49 46 150
49 47 150
49 48 162
49 49 149
49 50 145
49 51 149
49 52 146
49 53 152
49 54 158
49 55 152
49 56 150
49 57 148
49 58 154
49 59 156
49 60 152
49 61 150
49 62 134
49 63 132
49 64 144
49 65 150
49 66 149
49 67 147
49 68 155
49 69 144
49 70 150
49 71 161
49 72 147
49 73 148
49 74 136
49 75 149
49 76 149
49 77 147
49 78 139
49 79 156
49 80 139
49 81 147
49 82 143
49 83 164
49 84 141
49 85 149
49 86 157
49 87 147
49 88 145
49 89 148
49 90 153
49 91 153
49 92 157
49 93 144
49 94 161
49 95 151
49 96 152
49 97 154
49 98 161
49 99 151
49 100 165
49 101 69
50 1 2
50 2 2
50 3 2
50 4 2
50 5 2
50 6 2
50 7 2
50 8 2
50 9 2
50 10 2
50 11 2
50 12 2
50 13 2
50 14 2
50 15 2
50 16 2
50 17 2
50 18 2
50 19 2
50 20 2
50 21 2
50 22 2
50 23 2
50 24 2
50 25 2
50 26 129
50 27 138
50 28 129
50 29 134
50 30 130
50 31 140
50 32 136
50 33 137
50 34 129
50 35 137
50 36 145
50 37 131
50 38 138
50 39 128
50 40 142
50 41 126
50 42 136
50 43 138
50 44 136
50 45 139
50 46 131
50 47 139
50 48 142
50 49 131
50 50 143
50 51 144
50 52 141
50 53 139
50 54 143
50 55 130
50 56 139
50 57 146
50 58 140
50 59 144
50 60 140
50 61 140
50 62 120
50 63 128
50 64 138
50 65 140
50 66 144
50 67 134
50 68 144
50 69 130
50 70 138
50 71 156
50 72 143
50 73 149
50 74 134
50 75 141
50 76 132
50 77 139
50 78 138
50 79 146
50 80 144
50 81 142
50 82 138
50 83 152
50 84 142
50 85 153
50 86 151
50 87 147
50 88 141
50 89 142
50 90 148
50 91 148
50 92 154
50 93 139
50 94 153
50 95 145
50 96 157
50 97 146
50 98 162
50 99 156
50 100 156
50 101 58
51 1 2
51 2 2
51 3 2
51 4 2
51 5 2
51 6 2
51 7 2
51 8 2
51 9 2
51 10 2
51 11 2
51 12 2
51 13 2
51 14 2
51 15 2
51 16 2
51 17 2
51 18 2
51 19 2
51 20 2
51 21 2
51 22 2
51 23 2
51 24 2
51 25 2
51 26 134
51 27 145
51 28 134
51 29 138
51 30 134
51 31 145
51 32 137
51 33 140
51 34 134
51 35 137
51 36 151
51 37 133
51 38 139
51 39 137
51 40 149
51 41 135
51 42 141
51 43 142
51 44 143
51 45 146
51 46 140
51 47 144
51 48 150
51 49 136
51 50 144
51 51 149
51 52 140
51 53 143
51 54 151
51 55 143
51 56 139
51 57 157
51 58 153
51 59 151
51 60 157
51 61 147
51 62 131
51 63 141
51 64 145
51 65 151
51 66 159
51 67 145
51 68 158
51 69 129
51 70 148
51 71 167
51 72 155
51 73 160
51 74 143
51 75 155
51 76 141
51 77 146
51 78 154
51 79 155
51 80 151
51 81 155
51 82 147
51 83 161
51 84 153
51 85 163
51 86 150
51 87 154
51 88 147
51 89 147
51 90 154
51 91 152
51 92 158
51 93 144
51 94 162
51 95 146
51 96 167
51 97 157
51 98 172
51 99 160
51 100 166
51 101 62
52 1 2
52 2 2
52 3 2
52 4 2
52 5 2
52 6 2
52 7 2
52 8 2
52 9 2
52 10 2
52 11 2
52 12 2
52 13 2
52 14 2
52 15 2
52 16 2
52 17 2
52 18 2
52 19 2
52 20 2
52 21 2
52 22 2
52 23 2
52 24 2
52 25 2
52 26 112
52 27 115
52 28 118
52 29 113
52 30 114
52 31 120
52 32 113
52 33 110
52 34 114
52 35 114
52 36 119
52 37 119
52 38 115
52 39 108
52 40 123
52 41 112
52 42 120
52 43 108
52 44 115
52 45 114
52 46 123
52 47 112
52 48 126
52 49 122
52 50 115
52 51 123
52 52 120
52 53 117
52 54 121
52 55 128
52 56 113
52 57 121
52 58 129
52 59 115
52 60 121
52 61 117
52 62 110
52 63 110
52 64 121
52 65 121
52 66 117
52 67 125
52 68 124
52 69 114
52 70 123
52 71 129
52 72 116
52 73 120
52 74 108
52 75 114
52 76 118
52 77 118
52 78 112
52 79 118
52 80 112
52 81 114
52 82 122
52 83 124
52 84 114
52 85 130
52 86 120
52 87 115
52 88 126
52 89 122
52 90 120
52 91 136
52 92 119
52 93 120
52 94 142
52 95 125
52 96 130
52 97 126
52 98 133
52 99 115
52 100 136
52 101 52
53 1 2
53 2 2
53 3 2
53 4 2
53 5 2
53 6 2
53 7 2
53 8 2
53 9 2
53 10 2
53 11 2
53 12 2
53 13 2
53 14 2
53 15 2
53 16 2
53 17 2
53 18 2
53 19 2
53 20 2
53 21 2
53 22 2
53 23 2
53 24 2
53 25 2
53 26 138
53 27 146
53 28 143
53 29 145
53 30 142
53 31 158
53 32 146
53 33 146
53 34 140
53 35 146
53 36 151
53 37 143
53 38 147
53 39 142
53 40 156
53 41 144
53 42 146
53 43 148
53 44 154
53 45 157
53 46 154
53 47 147
53 48 155
53 49 147
53 50 157
53 51 159
53 52 153
53 53 155
53 54 153
53 55 150
53 56 151
53 57 165
53 58 164
53 59 154
53 60 162
53 61 158
53 62 136
53 63 144
53 64 156
53 65 149
53 66 162
53 67 160
53 68 160
53 69 138
53 70 162
53 71 164
53 72 162
53 73 174
53 74 142
53 75 163
53 76 148
53 77 154
53 78 153
53 79 166
53 80 156
53 81 160
53 82 160
53 83 160
53 84 160
53 85 174
53 86 160
53 87 166
53 88 154
53 89 158
53 90 151
53 91 166
53 92 170
53 93 148
53 94 168
53 95 157
53 96 172
53 97 155
53 98 173
53 99 165
53 100 168
53 101 74
54 1 2
54 2 2
54 3 2
54 4 2
54 5 2
54 6 2
54 7 2
54 8 2
54 9 2
54 10 2
54 11 2
54 12 2
54 13 2
54 14 2
54 15 2
54 16 2
54 17 2
54 18 2
54 19 2
54 20 2
54 21 2
54 22 2
54 23 2
54 24 2
54 25 2
54 26 131
54 27 140
54 28 135
54 29 129
54 30 132
54 31 140
54 32 128
54 33 130
54 34 129
54 35 133
54 36 150
54 37 130
54 38 135
54 39 136
54 40 136
54 41 134
54 42 141
54 43 136
54 44 131
54 45 136
54 46 131
54 47 137
54 48 145
54 49 141
54 50 141
54 51 141
54 52 141
54 53 134
54 54 145
54 55 144
54 56 137
54 57 141
54 58 138
54 59 145
54 60 145
54 61 135
54 62 128
54 63 129
54 64 133
54 65 146
54 66 152
54 67 130
54 68 146
54 69 136
54 70 137
54 71 158
54 72 140
54 73 140
54 74 139
54 75 142
54 76 136
54 77 145
54 78 150
54 79 144
54 80 140
54 81 134
54 82 134
54 83 153
54 84 137
54 85 144
54 86 150
54 87 141
54 88 148
54 89 145
54 90 144
54 91 142
54 92 144
54 93 143
54 94 142
54 95 143
54 96 152
54 97 149
54 98 155
54 99 149
54 100 155
54 101 59
55 1 2
55 2 2
55 3 2
55 4 2
55 5 2
55 6 2
55 7 2
55 8 2
55 9 2
55 10 2
55 11 2
55 12 2
55 13 2
55 14 2
55 15 2
55 16 2
55 17 2
55 18 2
55 19 2
55 20 2
55 21 2
55 22 2
55 23 2
55 24 2
55 25 2
55 26 115
55 27 120
55 28 125
55 29 119
55 30 118
55 31 126
55 32 113
55 33 111
55 34 121
55 35 120
55 36 122
55 37 120
55 38 118
55 39 114
55 40 126
55 41 120
55 42 118
55 43 118
55 44 123
55 45 117
55 46 126
55 47 111
55 48 129
55 49 123
55 50 126
55 51 127
55 52 125
55 53 123
55 54 122
55 55 130
55 56 116
55 57 124
55 58 132
55 59 118
55 60 128
55 61 120
55 62 116
55 63 120
55 64 128
55 65 124
55 66 128
55 67 134
55 68 130
55 69 118
55 70 130
55 71 136
55 72 124
55 73 138
55 74 112
55 75 132
55 76 121
55 77 126
55 78 124
55 79 134
55 80 126
55 81 128
55 82 133
55 83 129
55 84 128
55 85 145
55 86 125
55 87 127
55 88 126
55 89 128
55 90 121
55 91 145
55 92 131
55 93 123
55 94 143
55 95 129
55 96 139
55 97 133
55 98 137
55 99 125
55 100 139
55 101 56
56 1 2
56 2 2
56 3 2
56 4 2
56 5 2
56 6 2
56 7 2
56 8 2
56 9 2
56 10 2
56 11 2
56 12 2
56 13 2
56 14 2
56 15 2
56 16 2
56 17 2
56 18 2
56 19 2
56 20 2
56 21 2
56 22 2
56 23 2
56 24 2
56 25 2
56 26 113
56 27 120
56 28 117
56 29 109
56 30 106
56 31 120
56 32 116
56 33 112
56 34 109
56 35 118
56 36 113
56 37 115
56 38 110
56 39 108
56 40 122
56 41 107
56 42 113
56 43 108
56 44 112
56 45 115
56 46 121
56 47 111
56 48 115
56 49 107
56 50 108
56 51 110
56 52 112
56 53 120
56 54 118
56 55 120
56 56 108
56 57 119
56 58 124
56 59 112
56 60 121
56 61 116
56 62 106
56 63 112
56 64 116
56 65 109
56 66 122
56 67 121
56 68 119
56 69 110
56 70 126
56 71 131
56 72 130
56 73 128
56 74 116
56 75 123
56 76 125
56 77 118
56 78 118
56 79 127
56 80 122
56 81 124
56 82 133
56 83 130
56 84 124
56 85 135
56 86 125
56 87 124
56 88 117
56 89 118
56 90 123
56 91 127
56 92 117
56 93 117
56 94 133
56 95 115
56 96 131
56 97 119
56 98 137
56 99 116
56 100 130
56 101 48
57 1 2
57 2 2
57 3 2
57 4 2
57 5 2
57 6 2
57 7 2
57 8 2
57 9 2
57 10 2
57 11 2
57 12 2
57 13 2
57 14 2
57 15 2
57 16 2
57 17 2
57 18 2
57 19 2
57 20 2
57 21 2
57 22 2
57 23 2
57 24 2
57 25 2
57 26 133
57 27 148
57 28 139
57 29 145
57 30 141
57 31 152
57 32 137
57 33 145
57 34 139
57 35 141
57 36 153
57 37 136
57 38 143
57 39 128
57 40 153
57 41 140
57 42 146
57 43 140
57 44 150
57 45 151
57 46 141
57 47 143
57 48 151
57 49 140
57 50 151
57 51 155
57 52 150
57 53 145
57 54 150
57 55 150
57 56 145
57 57 162
57 58 160
57 59 150
57 60 156
57 61 151
57 62 132
57 63 142
57 64 152
57 65 152
57 66 160
57 67 148
57 68 156
57 69 138
57 70 150
57 71 165
57 72 153
57 73 160
57 74 141
57 75 148
57 76 142
57 77 146
57 78 145
57 79 147
57 80 145
57 81 151
57 82 146
57 83 156
57 84 153
57 85 161
57 86 152
57 87 152
57 88 152
57 89 149
57 90 144
57 91 151
57 92 158
57 93 139
57 94 165
57 95 152
57 96 161
57 97 152
57 98 171
57 99 157
57 100 161
57 101 69
58 1 2
58 2 2
58 3 2
58 4 2
58 5 2
58 6 2
58 7 2
58 8 2
58 9 2
58 10 2
58 11 2
58 12 2
58 13 2
58 14 2
58 15 2
58 16 2
58 17 2
58 18 2
58 19 2
58 20 2
58 21 2
58 22 2
58 23 2
58 24 2
58 25 2
58 26 131
58 27 132
58 28 143
58 29 131
58 30 131
58 31 142
58 32 129
58 33 132
58 34 125
58 35 140
58 36 145
58 37 133
58 38 132
58 39 134
58 40 140
58 41 140
58 42 134
58 43 135
58 44 133
58 45 129
58 46 132
58 47 127
58 48 131
58 49 135
58 50 135
58 51 127
58 52 139
58 53 132
58 54 140
58 55 147
58 56 132
58 57 137
58 58 140
58 59 140
58 60 142
58 61 136
58 62 130
58 63 132
58 64 138
58 65 138
58 66 150
58 67 138
58 68 142
58 69 138
58 70 140
58 71 154
58 72 152
58 73 144
58 74 142
58 75 149
58 76 150
58 77 142
58 78 151
58 79 145
58 80 142
58 81 146
58 82 148
58 83 152
58 84 140
58 85 152
58 86 142
58 87 140
58 88 135
58 89 137
58 90 141
58 91 138
58 92 137
58 93 128
58 94 133
58 95 134
58 96 138
58 97 135
58 98 142
58 99 133
58 100 137
58 101 58
59 1 2
59 2 2
59 3 2
59 4 2
59 5 2
59 6 2
59 7 2
59 8 2
59 9 2
59 10 2
59 11 2
59 12 2
59 13 2
59 14 2
59 15 2
59 16 2
59 17 2
59 18 2
59 19 2
59 20 2
59 21 2
59 22 2
59 23 2
59 24 2
59 25 2
59 26 146
59 27 140
59 28 156
59 29 137
59 30 145
59 31 145
59 32 144
59 33 142
59 34 147
59 35 153
59 36 159
59 37 154
59 38 141
59 39 146
59 40 154
59 41 142
59 42 158
59 43 148
59 44 146
59 45 145
59 46 155
59 47 146
59 48 157
59 49 153
59 50 147
59 51 161
59 52 153
59 53 145
59 54 151
59 55 159
59 56 151
59 57 155
59 58 153
59 59 149
59 60 158
59 61 144
59 62 139
59 63 142
59 64 160
59 65 156
59 66 153
59 67 160
59 68 160
59 69 150
59 70 147
59 71 166
59 72 144
59 73 150
59 74 136
59 75 154
59 76 148
59 77 148
59 78 152
59 79 156
59 80 144
59 81 148
59 82 154
59 83 164
59 84 142
59 85 148
59 86 164
59 87 150
59 88 154
59 89 162
59 90 148
59 91 166
59 92 156
59 93 146
59 94 166
59 95 154
59 96 156
59 97 164
59 98 174
59 99 160
59 100 175
59 101 74
60 1 2
60 2 2
60 3 2
60 4 2
60 5 2
60 6 2
60 7 2
60 8 2
60 9 2
60 10 2
60 11 2
60 12 2
60 13 2
60 14 2
60 15 2
60 16 2
60 17 2
60 18 2
60 19 2
60 20 2
60 21 2
60 22 2
60 23 2
60 24 2
60 25 2
60 26 147
60 27 138
60 28 154
60 29 136
60 30 147
60 31 150
60 32 142
60 33 141
60 34 143
60 35 155
60 36 163
60 37 158
60 38 144
60 39 148
60 40 156
60 41 146
60 42 156
60 43 145
60 44 155
60 45 144
60 46 152
60 47 143
60 48 159
60 49 157
60 50 149
60 51 158
60 52 161
60 53 153
60 54 153
60 55 166
60 56 149
60 57 150
60 58 156
60 59 159
60 60 154
60 61 142
60 62 138
60 63 148
60 64 156
60 65 154
60 66 160
60 67 154
60 68 160
60 69 154
60 70 149
60 71 168
60 72 142
60 73 156
60 74 141
60 75 160
60 76 145
60 77 154
60 78 153
60 79 153
60 80 151
60 81 156
60 82 160
60 83 162
60 84 143
60 85 158
60 86 164
60 87 151
60 88 160
60 89 159
60 90 153
60 91 167
60 92 158
60 93 145
60 94 159
60 95 151
60 96 158
60 97 161
60 98 177
60 99 161
60 100 171
60 101 75
61 1 2
61 2 2
61 3 2
61 4 2
61 5 2
61 6 2
61 7 2
61 8 2
61 9 2
61 10 2
61 11 2
61 12 2
61 13 2
61 14 2
61 15 2
61 16 2
61 17 2
61 18 2
61 19 2
61 20 2
61 21 2
61 22 2
61 23 2
61 24 2
61 25 2
61 26 131
61 27 135
61 28 140
61 29 135
61 30 131
61 31 151
61 32 134
61 33 138
61 34 132
61 35 145
61 36 149
61 37 143
61 38 135
61 39 132
61 40 146
61 41 134
61 42 144
61 43 136
61 44 136
61 45 132
61 46 142
61 47 136
61 48 141
61 49 143
61 50 134
61 51 143
61 52 147
61 53 137
61 54 143
61 55 143
61 56 136
61 57 143
61 58 143
61 59 145
61 60 146
61 61 140
61 62 124
61 63 130
61 64 149
61 65 145
61 66 153
61 67 140
61 68 151
61 69 138
61 70 151
61 71 160
61 72 147
61 73 156
61 74 140
61 75 145
61 76 152
61 77 136
61 78 150
61 79 147
61 80 150
61 81 140
61 82 154
61 83 160
61 84 146
61 85 158
61 86 154
61 87 148
61 88 146
61 89 145
61 90 144
61 91 154
61 92 155
61 93 138
61 94 152
61 95 146
61 96 149
61 97 156
61 98 154
61 99 152
61 100 158
61 101 62
62 1 2
62 2 2
62 3 2
62 4 2
62 5 2
62 6 2
62 7 2
62 8 2
62 9 2
62 10 2
62 11 2
62 12 2
62 13 2
62 14 2
62 15 2
62 16 2
62 17 2
62 18 2
62 19 2
62 20 2
62 21 2
62 22 2
62 23 2
62 24 2
62 25 2
62 26 129
62 27 143
62 28 144
62 29 132
62 30 133
62 31 144
62 32 132
62 33 136
62 34 131
62 35 135
62 36 141
62 37 129
62 38 130
62 39 136
62 40 144
62 41 136
62 42 134
62 43 135
62 44 130
62 45 136
62 46 140
62 47 140
62 48 143
62 49 133
62 50 137
62 51 133
62 52 135
62 53 135
62 54 140
62 55 140
62 56 132
62 57 141
62 58 142
62 59 145
62 60 141
62 61 133
62 62 130
62 63 128
62 64 138
62 65 140
62 66 146
62 67 139
62 68 142
62 69 132
62 70 140
62 71 158
62 72 144
62 73 146
62 74 142
62 75 142
62 76 138
62 77 143
62 78 146
62 79 150
62 80 140
62 81 144
62 82 144
62 83 154
62 84 140
62 85 158
62 86 144
62 87 138
62 88 135
62 89 134
62 90 148
62 91 150
62 92 142
62 93 139
62 94 150
62 95 131
62 96 148
62 97 151
62 98 153
62 99 146
62 100 162
62 101 58
63 1 2
63 2 2
63 3 2
63 4 2
63 5 2
63 6 2
63 7 2
63 8 2
63 9 2
63 10 2
63 11 2
63 12 2
63 13 2
63 14 2
63 15 2
63 16 2
63 17 2
63 18 2
63 19 2
63 20 2
63 21 2
63 22 2
63 23 2
63 24 2
63 25 2
63 26 143
63 27 142
63 28 147
63 29 133
63 30 143
63 31 149
63 32 138
63 33 152
63 34 132
63 35 149
63 36 157
63 37 143
63 38 141
63 39 145
63 40 154
63 41 146
63 42 150
63 43 140
63 44 150
63 45 137
63 46 149
63 47 146
63 48 151
63 49 147
63 50 147
63 51 152
63 52 149
63 53 145
63 54 153
63 55 161
63 56 144
63 57 146
63 58 153
63 59 148
63 60 164
63 61 147
63 62 143
63 63 151
63 64 146
63 65 152
63 66 161
63 67 151
63 68 166
63 69 152
63 70 157
63 71 168
63 72 154
63 73 163
63 74 144
63 75 162
63 76 155
63 77 156
63 78 160
63 79 152
63 80 156
63 81 166
63 82 160
63 83 162
63 84 160
63 85 158
63 86 156
63 87 146
63 88 158
63 89 145
63 90 150
63 91 157
63 92 152
63 93 146
63 94 166
63 95 158
63 96 164
63 97 158
63 98 173
63 99 157
63 100 159
63 101 72
64 1 2
64 2 2
64 3 2
64 4 2
64 5 2
64 6 2
64 7 2
64 8 2
64 9 2
64 10 2
64 11 2
64 12 2
64 13 2
64 14 2
64 15 2
64 16 2
64 17 2
64 18 2
64 19 2
64 20 2
64 21 2
64 22 2
64 23 2
64 24 2
64 25 2
64 26 137
64 27 154
64 28 144
64 29 140
64 30 142
64 31 148
64 32 143
64 33 147
64 34 145
64 35 145
64 36 151
64 37 136
64 38 141
64 39 140
64 40 141
64 41 142
64 42 143
64 43 137
64 44 144
64 45 153
64 46 143
64 47 145
64 48 147
64 49 141
64 50 145
64 51 154
64 52 147
64 53 151
64 54 143
64 55 146
64 56 139
64 57 149
64 58 148
64 59 148
64 60 147
64 61 143
64 62 138
64 63 146
64 64 144
64 65 150
64 66 162
64 67 154
64 68 154
64 69 136
64 70 158
64 71 163
64 72 159
64 73 166
64 74 147
64 75 149
64 76 150
64 77 142
64 78 151
64 79 147
64 80 150
64 81 157
64 82 149
64 83 159
64 84 163
64 85 161
64 86 153
64 87 153
64 88 157
64 89 150
64 90 149
64 91 151
64 92 158
64 93 147
64 94 165
64 95 148
64 96 161
64 97 151
64 98 162
64 99 163
64 100 165
64 101 68
65 1 2
65 2 2
65 3 2
65 4 2
65 5 2
65 6 2
65 7 2
65 8 2
65 9 2
65 10 2
65 11 2
65 12 2
65 13 2
65 14 2
65 15 2
65 16 2
65 17 2
65 18 2
65 19 2
65 20 2
65 21 2
65 22 2
65 23 2
65 24 2
65 25 2
65 26 115
65 27 120
65 28 128
65 29 121
65 30 116
65 31 130
65 32 112
65 33 119
65 34 117
65 35 115
65 36 127
65 37 119
65 38 118
65 39 117
65 40 122
65 41 120
65 42 114
65 43 124
65 44 111
65 45 119
65 46 117
65 47 123
65 48 125
65 49 117
65 50 127
65 51 129
65 52 125
65 53 113
65 54 125
65 55 123
65 56 121
65 57 123
65 58 129
65 59 123
65 60 129
65 61 116
65 62 114
65 63 114
65 64 129
65 65 128
65 66 128
65 67 130
65 68 128
65 69 120
65 70 130
65 71 140
65 72 126
65 73 134
65 74 118
65 75 120
65 76 124
65 77 117
65 78 131
65 79 126
65 80 126
65 81 124
65 82 129
65 83 125
65 84 124
65 85 144
65 86 126
65 87 121
65 88 122
65 89 121
65 90 123
65 91 136
65 92 124
65 93 124
65 94 137
65 95 121
65 96 130
65 97 133
65 98 130
65 99 134
65 100 143
65 101 58
66 1 2
66 2 2
66 3 2
66 4 2
66 5 2
66 6 2
66 7 2
66 8 2
66 9 2
66 10 2
66 11 2
66 12 2
66 13 2
66 14 2
66 15 2
66 16 2
66 17 2
66 18 2
66 19 2
66 20 2
66 21 2
66 22 2
66 23 2
66 24 2
66 25 2
66 26 131
66 27 132
66 28 132
66 29 124
66 30 131
66 31 138
66 32 132
66 33 135
66 34 125
66 35 140
66 36 142
66 37 138
66 38 128
66 39 130
66 40 138
66 41 129
66 42 141
66 43 125
66 44 135
66 45 127
66 46 138
66 47 133
66 48 145
66 49 134
66 50 129
66 51 143
66 52 135
66 53 135
66 54 137
66 55 138
66 56 134
66 57 134
66 58 130
66 59 135
66 60 139
66 61 132
66 62 122
66 63 136
66 64 136
66 65 138
66 66 144
66 67 142
66 68 144
66 69 138
66 70 142
66 71 155
66 72 142
66 73 149
66 74 132
66 75 149
66 76 140
66 77 136
66 78 142
66 79 138
66 80 144
66 81 142
66 82 151
66 83 159
66 84 140
66 85 140
66 86 147
66 87 142
66 88 145
66 89 138
66 90 141
66 91 145
66 92 143
66 93 134
66 94 147
66 95 141
66 96 145
66 97 142
66 98 151
66 99 144
66 100 159
66 101 56
67 1 2
67 2 2
67 3 2
67 4 2
67 5 2
67 6 2
67 7 2
67 8 2
67 9 2
67 10 2
67 11 2
67 12 2
67 13 2
67 14 2
67 15 2
67 16 2
67 17 2
67 18 2
67 19 2
67 20 2
67 21 2
67 22 2
67 23 2
67 24 2
67 25 2
67 26 143
67 27 142
67 28 151
67 29 138
67 30 136
67 31 154
67 32 143
67 33 145
67 34 137
67 35 141
67 36 158
67 37 146
67 38 146
67 39 148
67 40 155
67 41 142
67 42 148
67 43 150
67 44 141
67 45 152
67 46 145
67 47 147
67 48 151
67 49 147
67 50 157
67 51 157
67 52 155
67 53 146
67 54 155
67 55 154
67 56 151
67 57 156
67 58 158
67 59 154
67 60 159
67 61 154
67 62 138
67 63 148
67 64 156
67 65 152
67 66 159
67 67 156
67 68 158
67 69 139
67 70 157
67 71 163
67 72 154
67 73 163
67 74 141
67 75 156
67 76 149
67 77 150
67 78 158
67 79 159
67 80 158
67 81 160
67 82 165
67 83 158
67 84 157
67 85 169
67 86 154
67 87 151
67 88 157
67 89 159
67 90 149
67 91 157
67 92 155
67 93 149
67 94 165
67 95 151
67 96 167
67 97 159
67 98 173
67 99 153
67 100 167
67 101 70
68 1 2
68 2 2
68 3 2
68 4 2
68 5 2
68 6 2
68 7 2
68 8 2
68 9 2
68 10 2
68 11 2
68 12 2
68 13 2
68 14 2
68 15 2
68 16 2
68 17 2
68 18 2
68 19 2
68 20 2
68 21 2
68 22 2
68 23 2
68 24 2
68 25 2
68 26 115
68 27 114
68 28 121
68 29 115
68 30 116
68 31 120
68 32 107
68 33 109
68 34 111
68 35 109
68 36 122
68 37 115
68 38 108
68 39 114
68 40 122
68 41 117
68 42 114
68 43 112
68 44 112
68 45 111
68 46 123
68 47 109
68 48 115
68 49 117
68 50 111
68 51 115
68 52 116
68 53 115
68 54 113
68 55 126
68 56 104
68 57 120
68 58 122
68 59 114
68 60 124
68 61 112
68 62 116
68 63 116
68 64 122
68 65 116
68 66 128
68 67 120
68 68 122
68 69 108
68 70 122
68 71 128
68 72 120
68 73 126
68 74 108
68 75 121
68 76 120
68 77 118
68 78 122
68 79 123
68 80 118
68 81 123
68 82 126
68 83 119
68 84 123
68 85 134
68 86 114
68 87 115
68 88 121
68 89 117
68 90 109
68 91 129
68 92 114
68 93 119
68 94 129
68 95 112
68 96 121
68 97 122
68 98 129
68 99 118
68 100 130
68 101 52
69 1 2
69 2 2
69 3 2
69 4 2
69 5 2
69 6 2
69 7 2
69 8 2
69 9 2
69 10 2
69 11 2
69 12 2
69 13 2
69 14 2
69 15 2
69 16 2
69 17 2
69 18 2
69 19 2
69 20 2
69 21 2
69 22 2
69 23 2
69 24 2
69 25 2
69 26 144
69 27 146
69 28 149
69 29 141
69 30 144
69 31 150
69 32 145
69 33 151
69 34 135
69 35 153
69 36 161
69 37 140
69 38 144
69 39 144
69 40 150
69 41 144
69 42 148
69 43 148
69 44 146
69 45 145
69 46 151
69 47 143
69 48 137
69 49 145
69 50 151
69 51 149
69 52 153
69 53 143
69 54 144
69 55 155
69 56 145
69 57 153
69 58 152
69 59 150
69 60 162
69 61 148
69 62 141
69 63 154
69 64 154
69 65 154
69 66 170
69 67 150
69 68 160
69 69 146
69 70 152
69 71 172
69 72 160
69 73 160
69 74 154
69 75 156
69 76 154
69 77 148
69 78 168
69 79 157
69 80 154
69 81 157
69 82 154
69 83 164
69 84 156
69 85 158
69 86 153
69 87 156
69 88 152
69 89 148
69 90 142
69 91 141
69 92 151
69 93 137
69 94 155
69 95 145
69 96 157
69 97 154
69 98 168
69 99 161
69 100 157
69 101 70
70 1 2
70 2 2
70 3 2
70 4 2
70 5 2
70 6 2
70 7 2
70 8 2
70 9 2
70 10 2
70 11 2
70 12 2
70 13 2
70 14 2
70 15 2
70 16 2
70 17 2
70 18 2
70 19 2
70 20 2
70 21 2
70 22 2
70 23 2
70 24 2
70 25 2
70 26 125
70 27 140
70 28 141
70 29 129
70 30 130
70 31 138
70 32 134
70 33 134
70 34 135
70 35 134
70 36 135
70 37 134
70 38 132
70 39 128
70 40 146
70 41 134
70 42 130
70 43 129
70 44 135
70 45 133
70 46 141
70 47 129
70 48 141
70 49 129
70 50 134
70 51 144
70 52 137
70 53 138
70 54 136
70 55 140
70 56 131
70 57 132
70 58 143
70 59 128
70 60 145
70 61 134
70 62 128
70 63 138
70 64 140
70 65 134
70 66 140
70 67 154
70 68 144
70 69 132
70 70 146
70 71 144
70 72 144
70 73 152
70 74 127
70 75 141
70 76 140
70 77 133
70 78 130
70 79 148
70 80 135
70 81 143
70 82 146
70 83 146
70 84 145
70 85 153
70 86 138
70 87 139
70 88 137
70 89 139
70 90 133
70 91 151
70 92 133
70 93 133
70 94 156
70 95 139
70 96 145
70 97 143
70 98 155
70 99 138
70 100 153
70 101 58
71 1 2
71 2 2
71 3 2
71 4 2
71 5 2
71 6 2
71 7 2
71 8 2
71 9 2
71 10 2
71 11 2
71 12 2
71 13 2
71 14 2
71 15 2
71 16 2
71 17 2
71 18 2
71 19 2
71 20 2
71 21 2
71 22 2
71 23 2
71 24 2
71 25 2
71 26 139
71 27 140
71 28 147
71 29 133
71 30 130
71 31 152
71 32 140
71 33 139
71 34 131
71 35 144
71 36 152
71 37 147
71 38 143
71 39 142
71 40 148
71 41 133
71 42 144
71 43 136
71 44 138
71 45 137
71 46 146
71 47 139
71 48 151
71 49 145
71 50 145
71 51 151
71 52 147
71 53 143
71 54 151
71 55 150
71 56 144
71 57 147
71 58 146
71 59 146
71 60 146
71 61 144
71 62 130
71 63 142
71 64 152
71 65 152
71 66 154
71 67 152
71 68 156
71 69 142
71 70 154
71 71 166
71 72 150
71 73 158
71 74 124
71 75 152
71 76 149
71 77 140
71 78 149
71 79 146
71 80 149
71 81 146
71 82 156
71 83 154
71 84 146
71 85 156
71 86 152
71 87 145
71 88 147
71 89 147
71 90 146
71 91 157
71 92 152
71 93 141
71 94 170
71 95 145
71 96 151
71 97 151
71 98 164
71 99 155
71 100 169
71 101 64
72 1 2
72 2 2
72 3 2
72 4 2
72 5 2
72 6 2
72 7 2
72 8 2
72 9 2
72 10 2
72 11 2
72 12 2
72 13 2
72 14 2
72 15 2
72 16 2
72 17 2
72 18 2
72 19 2
72 20 2
72 21 2
72 22 2
72 23 2
72 24 2
72 25 2
72 26 115
72 27 114
72 28 111
72 29 111
72 30 110
72 31 112
72 32 110
72 33 109
72 34 109
72 35 111
72 36 114
72 37 112
72 38 106
72 39 108
72 40 110
72 41 112
72 42 114
72 43 107
72 44 107
72 45 111
72 46 105
72 47 109
72 48 119
72 49 110
72 50 117
72 51 118
72 52 116
72 53 109
72 54 112
72 55 106
72 56 114
72 57 114
72 58 110
72 59 112
72 60 112
72 61 110
72 62 110
72 63 110
72 64 116
72 65 112
72 66 113
72 67 116
72 68 117
72 69 114
72 70 116
72 71 128
72 72 117
72 73 126
72 74 110
72 75 119
72 76 109
72 77 119
72 78 117
72 79 118
72 80 119
72 81 118
72 82 125
72 83 123
72 84 121
72 85 128
72 86 124
72 87 115
72 88 119
72 89 117
72 90 124
72 91 125
72 92 121
72 93 120
72 94 119
72 95 123
72 96 129
72 97 123
72 98 133
72 99 125
72 100 123
72 101 48
73 1 2
73 2 2
73 3 2
73 4 2
73 5 2
73 6 2
73 7 2
73 8 2
73 9 2
73 10 2
73 11 2
73 12 2
73 13 2
73 14 2
73 15 2
73 16 2
73 17 2
73 18 2
73 19 2
73 20 2
73 21 2
73 22 2
73 23 2
73 24 2
73 25 2
73 26 139
73 27 148
73 28 153
73 29 139
73 30 138
73 31 154
73 32 144
73 33 145
73 34 141
73 35 145
73 36 155
73 37 148
73 38 141
73 39 144
73 40 154
73 41 145
73 42 149
73 43 141
73 44 139
73 45 143
73 46 149
73 47 149
73 48 151
73 49 150
73 50 146
73 51 153
73 52 151
73 53 144
73 54 150
73 55 156
73 56 146
73 57 142
73 58 152
73 59 150
73 60 160
73 61 144
73 62 142
73 63 144
73 64 152
73 65 154
73 66 160
73 67 155
73 68 156
73 69 142
73 70 162
73 71 169
73 72 154
73 73 158
73 74 150
73 75 149
73 76 157
73 77 145
73 78 159
73 79 154
73 80 149
73 81 151
73 82 161
73 83 165
73 84 157
73 85 161
73 86 151
73 87 142
73 88 161
73 89 153
73 90 146
73 91 155
73 92 149
73 93 151
73 94 165
73 95 155
73 96 161
73 97 164
73 98 161
73 99 151
73 100 173
73 101 69
74 1 2
74 2 2
74 3 2
74 4 2
74 5 2
74 6 2
74 7 2
74 8 2
74 9 2
74 10 2
74 11 2
74 12 2
74 13 2
74 14 2
74 15 2
74 16 2
74 17 2
74 18 2
74 19 2
74 20 2
74 21 2
74 22 2
74 23 2
74 24 2
74 25 2
74 26 135
74 27 140
74 28 136
74 29 139
74 30 130
74 31 152
74 32 138
74 33 138
74 34 133
74 35 139
74 36 143
74 37 136
74 38 134
74 39 135
74 40 148
74 41 128
74 42 134
74 43 141
74 44 131
74 45 137
74 46 144
74 47 137
74 48 137
74 49 134
74 50 137
74 51 140
74 52 139
74 53 135
74 54 142
74 55 133
74 56 130
74 57 145
74 58 145
74 59 136
74 60 145
74 61 138
74 62 118
74 63 130
74 64 146
74 65 142
74 66 148
74 67 142
74 68 145
74 69 126
74 70 146
74 71 154
74 72 148
74 73 153
74 74 142
74 75 142
74 76 147
74 77 137
74 78 150
74 79 150
74 80 145
74 81 140
74 82 146
74 83 147
74 84 143
74 85 155
74 86 143
74 87 149
74 88 137
74 89 138
74 90 135
74 91 146
74 92 149
74 93 137
74 94 157
74 95 140
74 96 153
74 97 144
74 98 149
74 99 157
74 100 157
74 101 61
75 1 2
75 2 2
75 3 2
75 4 2
75 5 2
75 6 2
75 7 2
75 8 2
75 9 2
75 10 2
75 11 2
75 12 2
75 13 2
75 14 2
75 15 2
75 16 2
75 17 2
75 18 2
75 19 2
75 20 2
75 21 2
75 22 2
75 23 2
75 24 2
75 25 2
75 26 136
75 27 135
75 28 143
75 29 134
75 30 129
75 31 147
75 32 141
75 33 134
75 34 138
75 35 148
75 36 142
75 37 146
75 38 141
75 39 135
75 40 151
75 41 135
75 42 144
75 43 141
75 44 139
75 45 135
75 46 146
75 47 140
75 48 148
75 49 142
75 50 136
75 51 150
75 52 142
75 53 140
75 54 148
75 55 154
75 56 141
75 57 143
75 58 151
75 59 136
75 60 151
75 61 144
75 62 129
75 63 137
75 64 147
75 65 147
75 66 146
75 67 157
75 68 145
75 69 139
75 70 153
75 71 151
75 72 145
75 73 145
75 74 143
75 75 146
75 76 153
75 77 137
75 78 149
75 79 150
75 80 143
75 81 148
75 82 155
75 83 157
75 84 143
75 85 157
75 86 150
75 87 145
75 88 149
75 89 153
75 90 146
75 91 159
75 92 147
75 93 145
75 94 164
75 95 151
75 96 159
75 97 154
75 98 170
75 99 148
75 100 169
75 101 63
76 1 2
76 2 2
76 3 2
76 4 2
76 5 2
76 6 2
76 7 2
76 8 2
76 9 2
76 10 2
76 11 2
76 12 2
76 13 2
76 14 2
76 15 2
76 16 2
76 17 2
76 18 2
76 19 2
76 20 2
76 21 2
76 22 2
76 23 2
76 24 2
76 25 2
76 26 115
76 27 116
76 28 117
76 29 111
76 30 110
76 31 122
76 32 109
76 33 113
76 34 111
76 35 111
76 36 116
76 37 116
76 38 112
76 39 108
76 40 113
76 41 112
76 42 113
76 43 109
76 44 107
76 45 107
76 46 110
76 47 110
76 48 113
76 49 113
76 50 110
76 51 112
76 52 116
76 53 110
76 54 112
76 55 118
76 56 108
76 57 110
76 58 116
76 59 110
76 60 112
76 61 112
76 62 106
76 63 106
76 64 118
76 65 110
76 66 117
76 67 116
76 68 116
76 69 106
76 70 120
76 71 123
76 72 119
76 73 124
76 74 113
76 75 112
76 76 125
76 77 113
76 78 117
76 79 114
76 80 119
76 81 119
76 82 125
76 83 116
76 84 121
76 85 127
76 86 116
76 87 111
76 88 119
76 89 109
76 90 117
76 91 125
76 92 117
76 93 120
76 94 129
76 95 121
76 96 125
76 97 117
76 98 119
76 99 123
76 100 119
76 101 48
77 1 2
77 2 2
77 3 2
77 4 2
77 5 2
77 6 2
77 7 2
77 8 2
77 9 2
77 10 2
77 11 2
77 12 2
77 13 2
77 14 2
77 15 2
77 16 2
77 17 2
77 18 2
77 19 2
77 20 2
77 21 2
77 22 2
77 23 2
77 24 2
77 25 2
77 26 143
77 27 152
77 28 151
77 29 138
77 30 138
77 31 153
77 32 145
77 33 143
77 34 146
77 35 146
77 36 148
77 37 142
77 38 141
77 39 148
77 40 156
77 41 143
77 42 149
77 43 135
77 44 137
77 45 147
77 46 147
77 47 150
77 48 160
77 49 150
77 50 140
77 51 148
77 52 144
77 53 148
77 54 154
77 55 150
77 56 140
77 57 144
77 58 154
77 59 155
77 60 155
77 61 147
77 62 139
77 63 138
77 64 146
77 65 152
77 66 151
77 67 152
77 68 149
77 69 147
77 70 157
77 71 161
77 72 157
77 73 157
77 74 152
77 75 159
77 76 147
77 77 157
77 78 155
77 79 163
77 80 153
77 81 159
77 82 159
77 83 167
77 84 157
77 85 167
77 86 159
77 87 146
77 88 153
77 89 149
77 90 157
77 91 165
77 92 153
77 93 147
77 94 159
77 95 149
77 96 166
77 97 169
77 98 167
77 99 151
77 100 177
77 101 71
78 1 2
78 2 2
78 3 2
78 4 2
78 5 2
78 6 2
78 7 2
78 8 2
78 9 2
78 10 2
78 11 2
78 12 2
78 13 2
78 14 2
78 15 2
78 16 2
78 17 2
78 18 2
78 19 2
78 20 2
78 21 2
78 22 2
78 23 2
78 24 2
78 25 2
78 26 128
78 27 131
78 28 129
78 29 128
78 30 124
78 31 136
78 32 129
78 33 129
78 34 125
78 35 134
78 36 142
78 37 126
78 38 135
78 39 134
78 40 137
78 41 131
78 42 135
78 43 137
78 44 126
78 45 128
78 46 132
78 47 130
78 48 141
78 49 131
78 50 136
78 51 138
78 52 134
78 53 130
78 54 146
78 55 134
78 56 129
78 57 138
78 58 138
78 59 135
78 60 138
78 61 129
78 62 124
78 63 122
78 64 129
78 65 137
78 66 134
78 67 137
78 68 140
78 69 129
78 70 140
78 71 148
78 72 135
78 73 137
78 74 131
78 75 139
78 76 137
78 77 137
78 78 147
78 79 135
78 80 137
78 81 140
78 82 134
78 83 145
78 84 137
78 85 149
78 86 139
78 87 135
78 88 136
78 89 137
78 90 135
78 91 140
78 92 133
78 93 137
78 94 146
78 95 137
78 96 145
78 97 145
78 98 157
78 99 144
78 100 143
78 101 53
79 1 2
79 2 2
79 3 2
79 4 2
79 5 2
79 6 2
79 7 2
79 8 2
79 9 2
79 10 2
79 11 2
79 12 2
79 13 2
79 14 2
79 15 2
79 16 2
79 17 2
79 18 2
79 19 2
79 20 2
79 21 2
79 22 2
79 23 2
79 24 2
79 25 2
79 26 142
79 27 146
79 28 153
79 29 138
79 30 138
79 31 159
79 32 140
79 33 147
79 34 141
79 35 146
79 36 146
79 37 146
79 38 144
79 39 144
79 40 156
79 41 140
79 42 141
79 43 141
79 44 147
79 45 139
79 46 145
79 47 146
79 48 149
79 49 144
79 50 147
79 51 152
79 52 146
79 53 146
79 54 144
79 55 150
79 56 142
79 57 144
79 58 160
79 59 150
79 60 153
79 61 152
79 62 136
79 63 136
79 64 153
79 65 148
79 66 154
79 67 154
79 68 159
79 69 139
79 70 155
79 71 165
79 72 155
79 73 170
79 74 141
79 75 153
79 76 149
79 77 151
79 78 151
79 79 160
79 80 151
79 81 153
79 82 157
79 83 151
79 84 147
79 85 163
79 86 147
79 87 153
79 88 138
79 89 133
79 90 139
79 91 151
79 92 159
79 93 129
79 94 157
79 95 145
79 96 157
79 97 153
79 98 154
79 99 153
79 100 153
79 101 71
80 1 2
80 2 2
80 3 2
80 4 2
80 5 2
80 6 2
80 7 2
80 8 2
80 9 2
80 10 2
80 11 2
80 12 2
80 13 2
80 14 2
80 15 2
80 16 2
80 17 2
80 18 2
80 19 2
80 20 2
80 21 2
80 22 2
80 23 2
80 24 2
80 25 2
80 26 136
80 27 134
80 28 148
80 29 139
80 30 140
80 31 156
80 32 134
80 33 140
80 34 134
80 35 139
80 36 151
80 37 144
80 38 140
80 39 138
80 40 148
80 41 136
80 42 142
80 43 146
80 44 142
80 45 139
80 46 145
80 47 141
80 48 143
80 49 141
80 50 145
80 51 151
80 52 151
80 53 139
80 54 145
80 55 153
80 56 141
80 57 153
80 58 157
80 59 150
80 60 154
80 61 148
80 62 134
80 63 142
80 64 158
80 65 144
80 66 158
80 67 151
80 68 148
80 69 132
80 70 154
80 71 162
80 72 148
80 73 164
80 74 142
80 75 150
80 76 152
80 77 144
80 78 160
80 79 142
80 80 147
80 81 152
80 82 154
80 83 151
80 84 148
80 85 162
80 86 136
80 87 146
80 88 150
80 89 139
80 90 142
80 91 150
80 92 156
80 93 139
80 94 167
80 95 146
80 96 158
80 97 149
80 98 153
80 99 151
80 100 168
80 101 66
81 1 2
81 2 2
81 3 2
81 4 2
81 5 2
81 6 2
81 7 2
81 8 2
81 9 2
81 10 2
81 11 2
81 12 2
81 13 2
81 14 2
81 15 2
81 16 2
81 17 2
81 18 2
81 19 2
81 20 2
81 21 2
81 22 2
81 23 2
81 24 2
81 25 2
81 26 144
81 27 143
81 28 141
81 29 142
81 30 136
81 31 151
81 32 145
81 33 141
81 34 134
81 35 146
81 36 160
81 37 140
81 38 149
81 39 149
81 40 149
81 41 137
81 42 147
81 43 151
81 44 140
81 45 146
81 46 147
81 47 144
81 48 146
81 49 142
81 50 146
81 51 147
81 52 146
81 53 148
81 54 157
81 55 146
81 56 140
81 57 154
81 58 152
81 59 150
81 60 156
81 61 149
81 62 129
81 63 142
81 64 149
81 65 153
81 66 161
81 67 149
81 68 158
81 69 143
81 70 155
81 71 171
81 72 163
81 73 155
81 74 145
81 75 161
81 76 151
81 77 153
81 78 167
81 79 158
81 80 161
81 81 160
81 82 161
81 83 163
81 84 149
81 85 163
81 86 150
81 87 160
81 88 150
81 89 149
81 90 157
81 91 150
81 92 157
81 93 152
81 94 161
81 95 147
81 96 162
81 97 144
81 98 164
81 99 157
81 100 171
81 101 69
82 1 2
82 2 2
82 3 2
82 4 2
82 5 2
82 6 2
82 7 2
82 8 2
82 9 2
82 10 2
82 11 2
82 12 2
82 13 2
82 14 2
82 15 2
82 16 2
82 17 2
82 18 2
82 19 2
82 20 2
82 21 2
82 22 2
82 23 2
82 24 2
82 25 2
82 26 132
82 27 137
82 28 146
82 29 130
82 30 126
82 31 147
82 32 133
82 33 139
82 34 132
82 35 140
82 36 143
82 37 135
82 38 134
82 39 135
82 40 153
82 41 136
82 42 137
82 43 143
82 44 139
82 45 137
82 46 149
82 47 138
82 48 135
82 49 134
82 50 136
82 51 137
82 52 140
82 53 140
82 54 135
82 55 149
82 56 132
82 57 145
82 58 153
82 59 137
82 60 151
82 61 141
82 62 133
82 63 133
82 64 143
82 65 135
82 66 149
82 67 147
82 68 147
82 69 130
82 70 146
82 71 156
82 72 149
82 73 156
82 74 140
82 75 143
82 76 150
82 77 137
82 78 148
82 79 155
82 80 147
82 81 153
82 82 155
82 83 155
82 84 150
82 85 165
82 86 142
82 87 148
82 88 140
82 89 140
82 90 146
82 91 153
82 92 150
82 93 138
82 94 159
82 95 143
82 96 158
82 97 148
82 98 158
82 99 148
82 100 154
82 101 62
83 1 2
83 2 2
83 3 2
83 4 2
83 5 2
83 6 2
83 7 2
83 8 2
83 9 2
83 10 2
83 11 2
83 12 2
83 13 2
83 14 2
83 15 2
83 16 2
83 17 2
83 18 2
83 19 2
83 20 2
83 21 2
83 22 2
83 23 2
83 24 2
83 25 2
83 26 144
83 27 153
83 28 146
83 29 140
83 30 143
83 31 159
83 32 143
83 33 140
83 34 144
83 35 148
83 36 158
83 37 146
83 38 149
83 39 145
83 40 153
83 41 143
83 42 156
83 43 142
83 44 150
83 45 154
83 46 152
83 47 145
83 48 159
83 49 158
83 50 148
83 51 159
83 52 154
83 53 156
83 54 151
83 55 159
83 56 145
83 57 150
83 58 163
83 59 153
83 60 153
83 61 143
83 62 133
83 63 139
83 64 152
83 65 159
83 66 160
83 67 155
83 68 159
83 69 147
83 70 159
83 71 168
83 72 156
83 73 161
83 74 151
83 75 160
83 76 154
83 77 158
83 78 159
83 79 156
83 80 156
83 81 154
83 82 160
83 83 170
83 84 151
83 85 166
83 86 163
83 87 164
83 88 164
83 89 156
83 90 162
83 91 166
83 92 167
83 93 156
83 94 166
83 95 156
83 96 168
83 97 160
83 98 172
83 99 164
83 100 174
83 101 74
84 1 2
84 2 2
84 3 2
84 4 2
84 5 2
84 6 2
84 7 2
84 8 2
84 9 2
84 10 2
84 11 2
84 12 2
84 13 2
84 14 2
84 15 2
84 16 2
84 17 2
84 18 2
84 19 2
84 20 2
84 21 2
84 22 2
84 23 2
84 24 2
84 25 2
84 26 122
84 27 121
84 28 124
84 29 110
84 30 113
84 31 123
84 32 115
84 33 116
84 34 108
84 35 123
84 36 124
84 37 123
84 38 117
84 39 123
84 40 118
84 41 120
84 42 111
84 43 114
84 44 118
84 45 114
84 46 124
84 47 112
84 48 118
84 49 122
84 50 112
84 51 122
84 52 117
84 53 127
84 54 121
84 55 130
84 56 117
84 57 107
84 58 129
84 59 119
84 60 125
84 61 119
84 62 119
84 63 117
84 64 111
84 65 121
84 66 131
84 67 122
84 68 126
84 69 126
84 70 128
84 71 129
84 72 124
84 73 123
84 74 108
84 75 126
84 76 120
84 77 125
84 78 124
84 79 123
84 80 124
84 81 130
84 82 132
84 83 116
84 84 127
84 85 136
84 86 128
84 87 122
84 88 126
84 89 120
84 90 130
84 91 136
84 92 124
84 93 126
84 94 134
84 95 122
84 96 134
84 97 128
84 98 138
84 99 126
84 100 136
84 101 57
85 1 2
85 2 2
85 3 2
85 4 2
85 5 2
85 6 2
85 7 2
85 8 2
85 9 2
85 10 2
85 11 2
85 12 2
85 13 2
85 14 2
85 15 2
85 16 2
85 17 2
85 18 2
85 19 2
85 20 2
85 21 2
85 22 2
85 23 2
85 24 2
85 25 2
85 26 114
85 27 122
85 28 120
85 29 117
85 30 111
85 31 129
85 32 110
85 33 110
85 34 118
85 35 117
85 36 120
85 37 114
85 38 121
85 39 112
85 40 127
85 41 108
85 42 116
85 43 126
85 44 116
85 45 122
85 46 122
85 47 120
85 48 128
85 49 120
85 50 123
85 51 129
85 52 118
85 53 119
85 54 129
85 55 127
85 56 120
85 57 133
85 58 135
85 59 119
85 60 123
85 61 121
85 62 109
85 63 113
85 64 127
85 65 128
85 66 125
85 67 131
85 68 125
85 69 114
85 70 126
85 71 135
85 72 124
85 73 126
85 74 116
85 75 125
85 76 123
85 77 121
85 78 126
85 79 126
85 80 121
85 81 120
85 82 124
85 83 132
85 84 120
85 85 140
85 86 128
85 87 126
85 88 120
85 89 130
85 90 128
85 91 138
85 92 132
85 93 120
85 94 140
85 95 126
85 96 134
85 97 130
85 98 134
85 99 128
85 100 136
85 101 56
86 1 2
86 2 2
86 3 2
86 4 2
86 5 2
86 6 2
86 7 2
86 8 2
86 9 2
86 10 2
86 11 2
86 12 2
86 13 2
86 14 2
86 15 2
86 16 2
86 17 2
86 18 2
86 19 2
86 20 2
86 21 2
86 22 2
86 23 2
86 24 2
86 25 2
86 26 124
86 27 131
86 28 138
86 29 122
86 30 122
86 31 141
86 32 123
86 33 128
86 34 122
86 35 132
86 36 136
86 37 129
86 38 127
86 39 129
86 40 143
86 41 131
86 42 130
86 43 135
86 44 126
86 45 128
86 46 136
86 47 132
86 48 132
86 49 133
86 50 131
86 51 129
86 52 134
86 53 129
86 54 134
86 55 143
86 56 127
86 57 137
86 58 140
86 59 137
86 60 139
86 61 134
86 62 125
86 63 123
86 64 135
86 65 129
86 66 141
86 67 133
86 68 137
86 69 127
86 70 141
86 71 147
86 72 142
86 73 147
86 74 135
86 75 141
86 76 145
86 77 139
86 78 144
86 79 148
86 80 143
86 81 144
86 82 148
86 83 150
86 84 144
86 85 160
86 86 143
86 87 140
86 88 137
86 89 137
86 90 146
86 91 150
86 92 142
86 93 138
86 94 146
86 95 133
86 96 154
86 97 146
86 98 152
86 99 142
86 100 152
86 101 52
87 1 2
87 2 2
87 3 2
87 4 2
87 5 2
87 6 2
87 7 2
87 8 2
87 9 2
87 10 2
87 11 2
87 12 2
87 13 2
87 14 2
87 15 2
87 16 2
87 17 2
87 18 2
87 19 2
87 20 2
87 21 2
87 22 2
87 23 2
87 24 2
87 25 2
87 26 144
87 27 150
87 28 147
87 29 140
87 30 137
87 31 147
87 32 141
87 33 146
87 34 140
87 35 146
87 36 150
87 37 140
87 38 141
87 39 143
87 40 149
87 41 147
87 42 143
87 43 137
87 44 150
87 45 151
87 46 148
87 47 140
87 48 154
87 49 146
87 50 140
87 51 154
87 52 142
87 53 154
87 54 138
87 55 155
87 56 143
87 57 145
87 58 160
87 59 147
87 60 158
87 61 147
87 62 140
87 63 144
87 64 140
87 65 149
87 66 159
87 67 149
87 68 161
87 69 143
87 70 159
87 71 161
87 72 161
87 73 165
87 74 149
87 75 155
87 76 149
87 77 151
87 78 153
87 79 157
87 80 153
87 81 165
87 82 154
87 83 157
87 84 161
87 85 168
87 86 157
87 87 157
87 88 157
87 89 148
87 90 157
87 91 160
87 92 164
87 93 150
87 94 159
87 95 157
87 96 170
87 97 156
87 98 178
87 99 162
87 100 158
87 101 71
88 1 2
88 2 2
88 3 2
88 4 2
88 5 2
88 6 2
88 7 2
88 8 2
88 9 2
88 10 2
88 11 2
88 12 2
88 13 2
88 14 2
88 15 2
88 16 2
88 17 2
88 18 2
88 19 2
88 20 2
88 21 2
88 22 2
88 23 2
88 24 2
88 25 2
88 26 135
88 27 139
88 28 148
88 29 137
88 30 130
88 31 152
88 32 136
88 33 136
88 34 135
88 35 143
88 36 149
88 37 137
88 38 140
88 39 142
88 40 154
88 41 136
88 42 144
88 43 144
88 44 143
88 45 147
88 46 155
88 47 139
88 48 151
88 49 143
88 50 145
88 51 145
88 52 139
88 53 145
88 54 145
88 55 152
88 56 144
88 57 154
88 58 161
88 59 150
88 60 158
88 61 145
88 62 130
88 63 135
88 64 148
88 65 144
88 66 154
88 67 148
88 68 156
88 69 136
88 70 154
88 71 160
88 72 152
88 73 156
88 74 142
88 75 154
88 76 152
88 77 144
88 78 156
88 79 162
88 80 152
88 81 154
88 82 154
88 83 160
88 84 148
88 85 170
88 86 154
88 87 156
88 88 146
88 89 151
88 90 150
88 91 158
88 92 152
88 93 142
88 94 159
88 95 140
88 96 157
88 97 160
88 98 173
88 99 151
88 100 161
88 101 64
89 1 2
89 2 2
89 3 2
89 4 2
89 5 2
89 6 2
89 7 2
89 8 2
89 9 2
89 10 2
89 11 2
89 12 2
89 13 2
89 14 2
89 15 2
89 16 2
89 17 2
89 18 2
89 19 2
89 20 2
89 21 2
89 22 2
89 23 2
89 24 2
89 25 2
89 26 143
89 27 148
89 28 153
89 29 139
89 30 136
89 31 158
89 32 136
89 33 139
89 34 140
89 35 146
89 36 148
89 37 144
89 38 142
89 39 147
89 40 152
89 41 139
89 42 139
89 43 151
89 44 139
89 45 141
89 46 151
89 47 147
89 48 149
89 49 149
89 50 150
89 51 152
89 52 140
89 53 142
89 54 150
89 55 148
89 56 142
89 57 146
89 58 154
89 59 146
89 60 150
89 61 147
89 62 137
89 63 140
89 64 154
89 65 152
89 66 151
89 67 157
89 68 155
89 69 143
89 70 156
89 71 160
89 72 152
89 73 163
89 74 144
89 75 161
89 76 153
89 77 157
89 78 163
89 79 158
89 80 161
89 81 159
89 82 165
89 83 155
89 84 157
89 85 179
89 86 153
89 87 159
89 88 149
89 89 149
89 90 159
89 91 165
89 92 157
89 93 145
89 94 165
89 95 143
89 96 165
89 97 166
89 98 169
89 99 155
89 100 164
89 101 69
90 1 2
90 2 2
90 3 2
90 4 2
90 5 2
90 6 2
90 7 2
90 8 2
90 9 2
90 10 2
90 11 2
90 12 2
90 13 2
90 14 2
90 15 2
90 16 2
90 17 2
90 18 2
90 19 2
90 20 2
90 21 2
90 22 2
90 23 2
90 24 2
90 25 2
90 26 135
90 27 145
90 28 146
90 29 137
90 30 135
90 31 152
90 32 137
90 33 145
90 34 133
90 35 143
90 36 145
90 37 141
90 38 130
90 39 134
90 40 145
90 41 140
90 42 138
90 43 134
90 44 138
90 45 140
90 46 148
90 47 133
90 48 145
90 49 141
90 50 137
90 51 145
90 52 139
90 53 139
90 54 143
90 55 148
90 56 139
90 57 140
90 58 153
90 59 136
90 60 155
90 61 140
90 62 133
90 63 140
90 64 141
90 65 144
90 66 152
90 67 152
90 68 155
90 69 138
90 70 156
90 71 164
90 72 156
90 73 162
90 74 144
90 75 150
90 76 152
90 77 146
90 78 152
90 79 152
90 80 145
90 81 148
90 82 157
90 83 156
90 84 153
90 85 156
90 86 150
90 87 150
90 88 145
90 89 145
90 90 142
90 91 153
90 92 144
90 93 139
90 94 160
90 95 150
90 96 156
90 97 155
90 98 161
90 99 152
90 100 157
90 101 64
91 1 2
91 2 2
91 3 2
91 4 2
91 5 2
91 6 2
91 7 2
91 8 2
91 9 2
91 10 2
91 11 2
91 12 2
91 13 2
91 14 2
91 15 2
91 16 2
91 17 2
91 18 2
91 19 2
91 20 2
91 21 2
91 22 2
91 23 2
91 24 2
91 25 2
91 26 138
91 27 139
91 28 149
91 29 135
91 30 132
91 31 146
91 32 141
91 33 139
91 34 135
91 35 144
91 36 142
91 37 146
91 38 138
91 39 137
91 40 146
91 41 138
91 42 139
91 43 137
91 44 138
91 45 137
91 46 153
91 47 133
91 48 144
91 49 148
91 50 137
91 51 154
91 52 142
91 53 139
91 54 132
91 55 148
91 56 144
91 57 132
91 58 149
91 59 128
91 60 150
91 61 143
91 62 138
91 63 140
91 64 148
91 65 149
91 66 143
91 67 158
91 68 157
91 69 139
91 70 150
91 71 152
91 72 151
91 73 159
91 74 134
91 75 151
91 76 152
91 77 146
91 78 147
91 79 155
91 80 151
91 81 149
91 82 161
91 83 159
91 84 153
91 85 165
91 86 149
91 87 155
91 88 151
91 89 151
91 90 147
91 91 160
91 92 145
91 93 137
91 94 161
91 95 147
91 96 155
91 97 159
91 98 165
91 99 138
91 100 155
91 101 65
92 1 2
92 2 2
92 3 2
92 4 2
92 5 2
92 6 2
92 7 2
92 8 2
92 9 2
92 10 2
92 11 2
92 12 2
92 13 2
92 14 2
92 15 2
92 16 2
92 17 2
92 18 2
92 19 2
92 20 2
92 21 2
92 22 2
92 23 2
92 24 2
92 25 2
92 26 137
92 27 142
92 28 151
92 29 137
92 30 137
92 31 149
92 32 136
92 33 142
92 34 141
92 35 139
92 36 143
92 37 141
92 38 142
92 39 138
92 40 146
92 41 140
92 42 142
92 43 138
92 44 137
92 45 136
92 46 142
92 47 142
92 48 153
92 49 143
92 50 143
92 51 149
92 52 144
92 53 141
92 54 143
92 55 144
92 56 146
92 57 136
92 58 145
92 59 142
92 60 139
92 61 138
92 62 137
92 63 131
92 64 147
92 65 148
92 66 138
92 67 158
92 68 152
92 69 138
92 70 148
92 71 158
92 72 146
92 73 160
92 74 144
92 75 154
92 76 150
92 77 151
92 78 154
92 79 154
92 80 152
92 81 148
92 82 160
92 83 166
92 84 149
92 85 171
92 86 152
92 87 148
92 88 150
92 89 148
92 90 156
92 91 166
92 92 154
92 93 147
92 94 167
92 95 156
92 96 157
92 97 161
92 98 164
92 99 153
92 100 161
92 101 64
93 1 2
93 2 2
93 3 2
93 4 2
93 5 2
93 6 2
93 7 2
93 8 2
93 9 2
93 10 2
93 11 2
93 12 2
93 13 2
93 14 2
93 15 2
93 16 2
93 17 2
93 18 2
93 19 2
93 20 2
93 21 2
93 22 2
93 23 2
93 24 2
93 25 2
93 26 146
93 27 145
93 28 150
93 29 146
93 30 137
93 31 158
93 32 144
93 33 140
93 34 138
93 35 151
93 36 153
93 37 143
93 38 151
93 39 147
93 40 142
93 41 136
93 42 148
93 43 148
93 44 138
93 45 150
93 46 148
93 47 144
93 48 154
93 49 146
93 50 148
93 51 152
93 52 149
93 53 148
93 54 155
93 55 153
93 56 147
93 57 161
93 58 157
93 59 149
93 60 155
93 61 151
93 62 135
93 63 133
93 64 149
93 65 156
93 66 158
93 67 148
93 68 153
93 69 146
93 70 155
93 71 172
93 72 161
93 73 159
93 74 147
93 75 160
93 76 157
93 77 156
93 78 167
93 79 150
93 80 160
93 81 153
93 82 159
93 83 166
93 84 156
93 85 170
93 86 159
93 87 160
93 88 162
93 89 158
93 90 160
93 91 164
93 92 160
93 93 152
93 94 174
93 95 153
93 96 168
93 97 158
93 98 166
93 99 156
93 100 174
93 101 72
94 1 2
94 2 2
94 3 2
94 4 2
94 5 2
94 6 2
94 7 2
94 8 2
94 9 2
94 10 2
94 11 2
94 12 2
94 13 2
94 14 2
94 15 2
94 16 2
94 17 2
94 18 2
94 19 2
94 20 2
94 21 2
94 22 2
94 23 2
94 24 2
94 25 2
94 26 135
94 27 133
94 28 140
94 29 127
94 30 129
94 31 141
94 32 135
94 33 133
94 34 135
94 35 137
94 36 137
94 37 143
94 38 135
94 39 128
94 40 144
94 41 126
94 42 140
94 43 132
94 44 134
94 45 128
94 46 138
94 47 135
94 48 143
94 49 133
94 50 133
94 51 143
94 52 140
94 53 135
94 54 135
94 55 149
94 56 135
94 57 143
94 58 139
94 59 135
94 60 143
94 61 138
94 62 127
94 63 136
94 64 142
94 65 134
94 66 147
94 67 142
94 68 141
94 69 134
94 70 145
94 71 155
94 72 140
94 73 150
94 74 136
94 75 147
94 76 142
94 77 136
94 78 140
94 79 144
94 80 144
94 81 138
94 82 150
94 83 152
94 84 138
94 85 148
94 86 143
94 87 138
94 88 140
94 89 138
94 90 142
94 91 156
94 92 140
94 93 136
94 94 154
94 95 138
94 96 150
94 97 142
94 98 148
94 99 137
94 100 155
94 101 58
95 1 2
95 2 2
95 3 2
95 4 2
95 5 2
95 6 2
95 7 2
95 8 2
95 9 2
95 10 2
95 11 2
95 12 2
95 13 2
95 14 2
95 15 2
95 16 2
95 17 2
95 18 2
95 19 2
95 20 2
95 21 2
95 22 2
95 23 2
95 24 2
95 25 2
95 26 142
95 27 144
95 28 149
95 29 131
95 30 136
95 31 148
95 32 132
95 33 140
95 34 136
95 35 137
95 36 147
95 37 141
95 38 136
95 39 144
95 40 146
95 41 140
95 42 144
95 43 132
95 44 142
95 45 142
95 46 141
95 47 141
95 48 149
95 49 144
95 50 135
95 51 147
95 52 138
95 53 142
95 54 143
95 55 154
95 56 138
95 57 137
95 58 149
95 59 148
95 60 145
95 61 138
95 62 135
95 63 143
95 64 138
95 65 144
95 66 150
95 67 146
95 68 155
95 69 135
95 70 150
95 71 157
95 72 152
95 73 158
95 74 150
95 75 160
95 76 146
95 77 156
95 78 156
95 79 150
95 80 156
95 81 156
95 82 161
95 83 158
95 84 152
95 85 165
95 86 155
95 87 149
95 88 155
95 89 147
95 90 156
95 91 164
95 92 150
95 93 152
95 94 162
95 95 149
95 96 167
95 97 153
95 98 169
95 99 150
95 100 159
95 101 64
96 1 2
96 2 2
96 3 2
96 4 2
96 5 2
96 6 2
96 7 2
96 8 2
96 9 2
96 10 2
96 11 2
96 12 2
96 13 2
96 14 2
96 15 2
96 16 2
96 17 2
96 18 2
96 19 2
96 20 2
96 21 2
96 22 2
96 23 2
96 24 2
96 25 2
96 26 117
96 27 127
96 28 119
96 29 116
96 30 114
96 31 122
96 32 113
96 33 116
96 34 114
96 35 111
96 36 118
96 37 104
96 38 112
96 39 115
96 40 119
96 41 117
96 42 115
96 43 111
96 44 113
96 45 123
96 46 117
96 47 119
96 48 121
96 49 112
96 50 120
96 51 118
96 52 114
96 53 117
96 54 110
96 55 118
96 56 113
96 57 119
96 58 122
96 59 118
96 60 128
96 61 121
96 62 114
96 63 112
96 64 112
96 65 117
96 66 128
96 67 115
96 68 124
96 69 110
96 70 123
96 71 124
96 72 126
96 73 130
96 74 122
96 75 122
96 76 113
96 77 127
96 78 121
96 79 136
96 80 124
96 81 121
96 82 121
96 83 129
96 84 123
96 85 127
96 86 121
96 87 129
96 88 117
96 89 113
96 90 122
96 91 121
96 92 123
96 93 123
96 94 123
96 95 119
96 96 137
96 97 121
96 98 137
96 99 123
96 100 129
96 101 56
97 1 2
97 2 2
97 3 2
97 4 2
97 5 2
97 6 2
97 7 2
97 8 2
97 9 2
97 10 2
97 11 2
97 12 2
97 13 2
97 14 2
97 15 2
97 16 2
97 17 2
97 18 2
97 19 2
97 20 2
97 21 2
97 22 2
97 23 2
97 24 2
97 25 2
97 26 143
97 27 131
97 28 157
97 29 144
97 30 141
97 31 163
97 32 142
97 33 144
97 34 138
97 35 156
97 36 162
97 37 154
97 38 151
97 39 145
97 40 157
97 41 143
97 42 155
97 43 151
97 44 154
97 45 140
97 46 159
97 47 144
97 48 154
97 49 148
97 50 158
97 51 156
97 52 164
97 53 147
97 54 152
97 55 169
97 56 151
97 57 157
97 58 165
97 59 155
97 60 167
97 61 147
97 62 143
97 63 147
97 64 161
97 65 151
97 66 163
97 67 157
97 68 167
97 69 151
97 70 167
97 71 177
97 72 151
97 73 173
97 74 149
97 75 163
97 76 163
97 77 157
97 78 169
97 79 157
97 80 162
97 81 157
97 82 166
97 83 171
97 84 151
97 85 174
97 86 157
97 87 158
97 88 159
97 89 157
97 90 150
97 91 173
97 92 157
97 93 152
97 94 180
97 95 162
97 96 166
97 97 164
97 98 172
97 99 159
97 100 169
97 101 75
98 1 2
98 2 2
98 3 2
98 4 2
98 5 2
98 6 2
98 7 2
98 8 2
98 9 2
98 10 2
98 11 2
98 12 2
98 13 2
98 14 2
98 15 2
98 16 2
98 17 2
98 18 2
98 19 2
98 20 2
98 21 2
98 22 2
98 23 2
98 24 2
98 25 2
98 26 128
98 27 139
98 28 134
98 29 126
98 30 130
98 31 139
98 32 129
98 33 125
98 34 130
98 35 130
98 36 147
98 37 139
98 38 133
98 39 127
98 40 145
98 41 137
98 42 144
98 43 132
98 44 136
98 45 134
98 46 140
98 47 133
98 48 147
98 49 140
98 50 133
98 51 142
98 52 141
98 53 138
98 54 143
98 55 147
98 56 136
98 57 136
98 58 147
98 59 133
98 60 145
98 61 133
98 62 127
98 63 127
98 64 135
98 65 145
98 66 147
98 67 144
98 68 143
98 69 135
98 70 142
98 71 150
98 72 142
98 73 138
98 74 135
98 75 144
98 76 143
98 77 144
98 78 137
98 79 146
98 80 137
98 81 140
98 82 140
98 83 156
98 84 136
98 85 148
98 86 144
98 87 144
98 88 144
98 89 144
98 90 146
98 91 152
98 92 144
98 93 142
98 94 150
98 95 144
98 96 152
98 97 144
98 98 158
98 99 140
98 100 166
98 101 59
99 1 2
99 2 2
99 3 2
99 4 2
99 5 2
99 6 2
99 7 2
99 8 2
99 9 2
99 10 2
99 11 2
99 12 2
99 13 2
99 14 2
99 15 2
99 16 2
99 17 2
99 18 2
99 19 2
99 20 2
99 21 2
99 22 2
99 23 2
99 24 2
99 25 2
99 26 148
99 27 143
99 28 150
99 29 137
99 30 137
99 31 157
99 32 136
99 33 144
99 34 130
99 35 150
99 36 153
99 37 145
99 38 145
99 39 148
99 40 144
99 41 139
99 42 134
99 43 144
99 44 148
99 45 140
99 46 152
99 47 144
99 48 150
99 49 140
99 50 149
99 51 153
99 52 148
99 53 151
99 54 145
99 55 155
99 56 143
99 57 147
99 58 159
99 59 151
99 60 161
99 61 143
99 62 139
99 63 144
99 64 143
99 65 149
99 66 169
99 67 139
99 68 161
99 69 149
99 70 163
99 71 174
99 72 155
99 73 170
99 74 146
99 75 163
99 76 151
99 77 160
99 78 169
99 79 152
99 80 166
99 81 159
99 82 157
99 83 152
99 84 158
99 85 173
99 86 154
99 87 162
99 88 152
99 89 146
99 90 158
99 91 164
99 92 164
99 93 154
99 94 164
99 95 150
99 96 174
99 97 160
99 98 168
99 99 166
99 100 164
99 101 72
100 1 2
100 2 2
100 3 2
100 4 2
100 5 2
100 6 2
100 7 2
100 8 2
100 9 2
100 10 2
100 11 2
100 12 2
100 13 2
100 14 2
100 15 2
100 16 2
100 17 2
100 18 2
100 19 2
100 20 2
100 21 2
100 22 2
100 23 2
100 24 2
100 25 2
100 26 133
100 27 138
100 28 137
100 29 126
100 30 132
100 31 140
100 32 127
100 33 127
100 34 127
100 35 137
100 36 146
100 37 136
100 38 136
100 39 135
100 40 144
100 41 139
100 42 143
100 43 135
100 44 137
100 45 131
100 46 136
100 47 138
100 48 152
100 49 138
100 50 136
100 51 137
100 52 138
100 53 140
100 54 154
100 55 144
100 56 140
100 57 142
100 58 142
100 59 142
100 60 143
100 61 135
100 62 132
100 63 127
100 64 131
100 65 149
100 66 145
100 67 139
100 68 143
100 69 140
100 70 145
100 71 158
100 72 147
100 73 138
100 74 133
100 75 149
100 76 146
100 77 145
100 78 141
100 79 141
100 80 139
100 81 149
100 82 139
100 83 157
100 84 146
100 85 151
100 86 150
100 87 137
100 88 147
100 89 145
100 90 151
100 91 153
100 92 149
100 93 145
100 94 150
100 95 149
100 96 151
100 97 146
100 98 158
100 99 147
100 100 163
100 101 60
