1 1 2
1 2 4
1 3 4
1 4 4
1 5 4
1 6 4
1 7 4
1 8 4
1 9 4
1 10 4
1 11 5
1 12 5
1 13 5
1 14 5
1 15 5
1 16 5
1 17 5
1 18 5
1 19 5
1 20 5
1 21 5
1 22 5
1 23 5
1 24 5
1 25 5
1 26 5
1 27 5
1 28 5
1 29 5
1 30 5
1 31 5
1 32 5
1 33 5
1 34 5
1 35 5
1 36 5
1 37 5
1 38 5
1 39 5
1 40 5
1 41 5
1 42 5
1 43 5
1 44 5
1 45 5
1 46 5
1 47 5
1 48 5
1 49 5
1 50 5
1 51 5
1 52 5
1 53 5
1 54 5
1 55 5
1 56 5
1 57 5
1 58 5
1 59 5
1 60 5
1 61 5
1 62 5
1 63 5
1 64 5
1 65 5
1 66 5
1 67 5
1 68 5
1 69 5
1 70 5
1 71 5
1 72 5
1 73 5
1 74 5
1 75 5
1 76 5
1 77 5
1 78 5
1 79 5
1 80 5
1 81 5
1 82 5
1 83 5
1 84 5
1 85 5
1 86 5
1 87 5
1 88 5
1 89 5
1 90 5
1 91 5
1 92 5
1 93 5
1 94 5
1 95 5
1 96 5
1 97 5
1 98 5
1 99 5
1 100 5
1 101 2
2 1 2
2 2 6
2 3 7
2 4 7
2 5 8
2 6 9
2 7 9
2 8 9
2 9 9
2 10 9
2 11 9
2 12 9
2 13 9
2 14 9
2 15 9
2 16 10
2 17 10
2 18 10
2 19 10
2 20 10
2 21 10
2 22 10
2 23 10
2 24 10
2 25 10
2 26 10
2 27 10
2 28 10
2 29 10
2 30 10
2 31 10
2 32 10
2 33 10
2 34 10
2 35 10
2 36 10
2 37 10
2 38 10
2 39 10
2 40 10
2 41 11
2 42 11
2 43 11
2 44 11
2 45 11
2 46 12
2 47 12
2 48 12
2 49 12
2 50 12
2 51 12
2 52 12
2 53 12
2 54 12
2 55 12
2 56 12
2 57 12
2 58 12
2 59 12
2 60 12
2 61 12
2 62 12
2 63 12
2 64 12
2 65 12
2 66 12
2 67 12
2 68 12
2 69 12
2 70 12
2 71 12
2 72 12
2 73 12
2 74 12
2 75 12
2 76 12
2 77 12
2 78 12
2 79 12
2 80 12
2 81 12
2 82 12
2 83 12
2 84 12
2 85 12
2 86 12
2 87 12
2 88 12
2 89 12
2 90 12
2 91 12
2 92 12
2 93 12
2 94 12
2 95 12
2 96 12
2 97 12
2 98 12
2 99 12
2 100 12
2 101 2
3 1 2
3 2 2
3 3 15
3 4 15
3 5 15
3 6 17
3 7 17
3 8 17
3 9 17
3 10 16
3 11 17
3 12 19
3 13 17
3 14 18
3 15 19
3 16 18
3 17 18
3 18 19
3 19 15
3 20 18
3 21 20
3 22 19
3 23 19
3 24 20
3 25 19
3 26 19
3 27 20
3 28 18
3 29 18
3 30 20
3 31 20
3 32 20
3 33 20
3 34 20
3 35 20
3 36 18
3 37 19
3 38 19
3 39 21
3 40 20
3 41 20
3 42 22
3 43 20
3 44 20
3 45 22
3 46 20
3 47 20
3 48 22
3 49 20
3 50 20
3 51 22
3 52 20
3 53 18
3 54 22
3 55 20
3 56 20
3 57 22
3 58 21
3 59 22
3 60 22
3 61 22
3 62 22
3 63 22
3 64 20
3 65 20
3 66 22
3 67 22
3 68 22
3 69 22
3 70 18
3 71 22
3 72 22
3 73 20
3 74 20
3 75 22
3 76 22
3 77 22
3 78 22
3 79 22
3 80 22
3 81 22
3 82 20
3 83 20
3 84 22
3 85 22
3 86 22
3 87 20
3 88 22
3 89 22
3 90 23
3 91 21
3 92 21
3 93 23
3 94 22
3 95 22
3 96 23
3 97 22
3 98 22
3 99 23
3 100 22
3 101 4
4 1 2
4 2 2
4 3 2
4 4 17
4 5 17
4 6 18
4 7 18
4 8 19
4 9 19
4 10 17
4 11 19
4 12 20
4 13 20
4 14 19
4 15 19
4 16 20
4 17 19
4 18 18
4 19 19
4 20 20
4 21 21
4 22 23
4 23 22
4 24 22
4 25 22
4 26 22
4 27 20
4 28 22
4 29 20
4 30 22
4 31 22
4 32 22
4 33 23
4 34 23
4 35 21
4 36 22
4 37 21
4 38 22
4 39 23
4 40 23
4 41 22
4 42 22
4 43 24
4 44 26
4 45 22
4 46 25
4 47 24
4 48 24
4 49 24
4 50 24
4 51 24
4 52 22
4 53 20
4 54 20
4 55 22
4 56 26
4 57 24
4 58 25
4 59 24
4 60 26
4 61 22
4 62 26
4 63 26
4 64 26
4 65 26
4 66 20
4 67 24
4 68 24
4 69 24
4 70 20
4 71 24
4 72 26
4 73 24
4 74 26
4 75 24
4 76 28
4 77 26
4 78 26
4 79 24
4 80 24
4 81 24
4 82 26
4 83 26
4 84 26
4 85 26
4 86 24
4 87 22
4 88 25
4 89 26
4 90 24
4 91 26
4 92 26
4 93 24
4 94 24
4 95 26
4 96 28
4 97 26
4 98 26
4 99 26
4 100 28
4 101 6
5 1 2
5 2 2
5 3 2
5 4 2
5 5 22
5 6 22
5 7 23
5 8 20
5 9 23
5 10 23
5 11 23
5 12 24
5 13 27
5 14 26
5 15 23
5 16 23
5 17 26
5 18 26
5 19 26
5 20 24
5 21 28
5 22 27
5 23 25
5 24 24
5 25 27
5 26 29
5 27 30
5 28 26
5 29 28
5 30 27
5 31 29
5 32 24
5 33 30
5 34 29
5 35 31
5 36 26
5 37 27
5 38 28
5 39 28
5 40 29
5 41 30
5 42 26
5 43 26
5 44 26
5 45 27
5 46 30
5 47 28
5 48 30
5 49 32
5 50 30
5 51 29
5 52 27
5 53 26
5 54 28
5 55 32
5 56 28
5 57 30
5 58 30
5 59 32
5 60 30
5 61 26
5 62 30
5 63 30
5 64 26
5 65 28
5 66 30
5 67 30
5 68 32
5 69 34
5 70 26
5 71 30
5 72 30
5 73 32
5 74 30
5 75 33
5 76 32
5 77 34
5 78 32
5 79 32
5 80 26
5 81 32
5 82 34
5 83 30
5 84 29
5 85 30
5 86 29
5 87 30
5 88 26
5 89 34
5 90 28
5 91 34
5 92 31
5 93 30
5 94 32
5 95 34
5 96 34
5 97 34
5 98 34
5 99 30
5 100 30
5 101 9
6 1 2
6 2 2
6 3 2
6 4 2
6 5 2
6 6 32
6 7 34
6 8 30
6 9 34
6 10 32
6 11 34
6 12 34
6 13 36
6 14 36
6 15 35
6 16 35
6 17 37
6 18 33
6 19 34
6 20 35
6 21 37
6 22 34
6 23 35
6 24 36
6 25 39
6 26 38
6 27 42
6 28 36
6 29 38
6 30 36
6 31 33
6 32 34
6 33 38
6 34 38
6 35 40
6 36 35
6 37 38
6 38 37
6 39 38
6 40 38
6 41 40
6 42 41
6 43 42
6 44 36
6 45 42
6 46 40
6 47 38
6 48 42
6 49 43
6 50 40
6 51 42
6 52 38
6 53 38
6 54 34
6 55 36
6 56 34
6 57 36
6 58 38
6 59 38
6 60 40
6 61 38
6 62 42
6 63 44
6 64 40
6 65 40
6 66 44
6 67 38
6 68 42
6 69 44
6 70 36
6 71 42
6 72 36
6 73 40
6 74 42
6 75 44
6 76 44
6 77 46
6 78 45
6 79 44
6 80 38
6 81 46
6 82 42
6 83 42
6 84 44
6 85 39
6 86 40
6 87 44
6 88 36
6 89 40
6 90 38
6 91 44
6 92 40
6 93 44
6 94 44
6 95 44
6 96 42
6 97 48
6 98 44
6 99 44
6 100 42
6 101 10
7 1 2
7 2 2
7 3 2
7 4 2
7 5 2
7 6 2
7 7 43
7 8 41
7 9 44
7 10 44
7 11 44
7 12 42
7 13 44
7 14 44
7 15 42
7 16 42
7 17 44
7 18 46
7 19 44
7 20 45
7 21 48
7 22 49
7 23 45
7 24 42
7 25 46
7 26 46
7 27 44
7 28 44
7 29 46
7 30 48
7 31 48
7 32 44
7 33 51
7 34 48
7 35 52
7 36 44
7 37 48
7 38 44
7 39 48
7 40 46
7 41 48
7 42 46
7 43 50
7 44 48
7 45 50
7 46 52
7 47 46
7 48 48
7 49 52
7 50 48
7 51 50
7 52 50
7 53 50
7 54 48
7 55 46
7 56 50
7 57 50
7 58 50
7 59 52
7 60 52
7 61 49
7 62 56
7 63 56
7 64 54
7 65 52
7 66 54
7 67 48
7 68 50
7 69 52
7 70 46
7 71 48
7 72 44
7 73 54
7 74 54
7 75 51
7 76 52
7 77 56
7 78 52
7 79 50
7 80 46
7 81 54
7 82 52
7 83 53
7 84 54
7 85 54
7 86 55
7 87 54
7 88 52
7 89 54
7 90 50
7 91 58
7 92 50
7 93 51
7 94 50
7 95 54
7 96 52
7 97 54
7 98 54
7 99 55
7 100 54
7 101 15
8 1 2
8 2 2
8 3 2
8 4 2
8 5 2
8 6 2
8 7 2
8 8 39
8 9 39
8 10 39
8 11 40
8 12 40
8 13 38
8 14 38
8 15 38
8 16 40
8 17 40
8 18 38
8 19 38
8 20 38
8 21 40
8 22 40
8 23 38
8 24 40
8 25 40
8 26 40
8 27 44
8 28 43
8 29 40
8 30 45
8 31 44
8 32 44
8 33 44
8 34 40
8 35 44
8 36 42
8 37 42
8 38 44
8 39 42
8 40 42
8 41 42
8 42 42
8 43 44
8 44 44
8 45 44
8 46 46
8 47 46
8 48 50
8 49 44
8 50 46
8 51 48
8 52 46
8 53 46
8 54 48
8 55 42
8 56 46
8 57 44
8 58 42
8 59 44
8 60 48
8 61 43
8 62 50
8 63 48
8 64 51
8 65 48
8 66 50
8 67 43
8 68 48
8 69 44
8 70 40
8 71 46
8 72 44
8 73 48
8 74 48
8 75 48
8 76 54
8 77 52
8 78 50
8 79 44
8 80 50
8 81 48
8 82 46
8 83 45
8 84 49
8 85 46
8 86 50
8 87 50
8 88 52
8 89 52
8 90 46
8 91 50
8 92 46
8 93 48
8 94 50
8 95 48
8 96 52
8 97 48
8 98 46
8 99 53
8 100 50
8 101 14
9 1 2
9 2 2
9 3 2
9 4 2
9 5 2
9 6 2
9 7 2
9 8 2
9 9 58
9 10 58
9 11 59
9 12 58
9 13 59
9 14 59
9 15 56
9 16 57
9 17 61
9 18 62
9 19 57
9 20 59
9 21 58
9 22 58
9 23 60
9 24 60
9 25 62
9 26 60
9 27 64
9 28 62
9 29 60
9 30 63
9 31 60
9 32 62
9 33 66
9 34 60
9 35 62
9 36 60
9 37 62
9 38 66
9 39 62
9 40 64
9 41 64
9 42 64
9 43 68
9 44 62
9 45 64
9 46 66
9 47 60
9 48 70
9 49 68
9 50 66
9 51 70
9 52 67
9 53 68
9 54 70
9 55 60
9 56 64
9 57 68
9 58 66
9 59 64
9 60 64
9 61 66
9 62 66
9 63 66
9 64 68
9 65 65
9 66 72
9 67 63
9 68 70
9 69 74
9 70 64
9 71 65
9 72 64
9 73 68
9 74 70
9 75 73
9 76 74
9 77 73
9 78 72
9 79 66
9 80 68
9 81 71
9 82 66
9 83 66
9 84 68
9 85 69
9 86 72
9 87 72
9 88 66
9 89 67
9 90 68
9 91 71
9 92 71
9 93 68
9 94 70
9 95 68
9 96 70
9 97 72
9 98 69
9 99 74
9 100 72
9 101 20
10 1 2
10 2 2
10 3 2
10 4 2
10 5 2
10 6 2
10 7 2
10 8 2
10 9 2
10 10 44
10 11 46
10 12 45
10 13 47
10 14 47
10 15 43
10 16 45
10 17 49
10 18 45
10 19 45
10 20 48
10 21 49
10 22 45
10 23 44
10 24 47
10 25 50
10 26 46
10 27 50
10 28 50
10 29 48
10 30 54
10 31 50
10 32 44
10 33 54
10 34 47
10 35 47
10 36 46
10 37 52
10 38 52
10 39 50
10 40 50
10 41 50
10 42 44
10 43 54
10 44 54
10 45 48
10 46 53
10 47 46
10 48 52
10 49 54
10 50 53
10 51 59
10 52 52
10 53 56
10 54 58
10 55 46
10 56 53
10 57 55
10 58 55
10 59 56
10 60 52
10 61 52
10 62 56
10 63 49
10 64 51
10 65 52
10 66 58
10 67 49
10 68 52
10 69 53
10 70 48
10 71 52
10 72 46
10 73 54
10 74 50
10 75 54
10 76 54
10 77 59
10 78 57
10 79 52
10 80 54
10 81 62
10 82 55
10 83 53
10 84 54
10 85 59
10 86 54
10 87 55
10 88 55
10 89 57
10 90 50
10 91 58
10 92 58
10 93 57
10 94 54
10 95 58
10 96 58
10 97 60
10 98 55
10 99 59
10 100 60
10 101 18
11 1 2
11 2 2
11 3 2
11 4 2
11 5 2
11 6 2
11 7 2
11 8 2
11 9 2
11 10 2
11 11 73
11 12 72
11 13 74
11 14 73
11 15 71
11 16 73
11 17 73
11 18 75
11 19 73
11 20 74
11 21 75
11 22 73
11 23 71
11 24 77
11 25 81
11 26 77
11 27 75
11 28 80
11 29 77
11 30 80
11 31 78
11 32 74
11 33 84
11 34 80
11 35 78
11 36 73
11 37 83
11 38 78
11 39 80
11 40 74
11 41 79
11 42 79
11 43 81
11 44 78
11 45 78
11 46 76
11 47 76
11 48 82
11 49 79
11 50 82
11 51 82
11 52 80
11 53 76
11 54 82
11 55 74
11 56 76
11 57 81
11 58 88
11 59 85
11 60 84
11 61 80
11 62 88
11 63 82
11 64 87
11 65 82
11 66 86
11 67 82
11 68 85
11 69 90
11 70 84
11 71 82
11 72 78
11 73 84
11 74 80
11 75 80
11 76 80
11 77 88
11 78 81
11 79 74
11 80 75
11 81 80
11 82 80
11 83 76
11 84 80
11 85 84
11 86 86
11 87 78
11 88 84
11 89 86
11 90 84
11 91 91
11 92 86
11 93 89
11 94 88
11 95 82
11 96 85
11 97 86
11 98 77
11 99 88
11 100 88
11 101 26
12 1 2
12 2 2
12 3 2
12 4 2
12 5 2
12 6 2
12 7 2
12 8 2
12 9 2
12 10 2
12 11 2
12 12 61
12 13 61
12 14 60
12 15 60
12 16 62
12 17 60
12 18 60
12 19 59
12 20 59
12 21 61
12 22 59
12 23 59
12 24 59
12 25 59
12 26 62
12 27 61
12 28 61
12 29 61
12 30 61
12 31 62
12 32 63
12 33 63
12 34 63
12 35 60
12 36 62
12 37 63
12 38 66
12 39 62
12 40 62
12 41 66
12 42 65
12 43 65
12 44 65
12 45 66
12 46 67
12 47 65
12 48 72
12 49 69
12 50 67
12 51 68
12 52 70
12 53 64
12 54 64
12 55 61
12 56 65
12 57 65
12 58 64
12 59 60
12 60 64
12 61 65
12 62 66
12 63 69
12 64 70
12 65 66
12 66 68
12 67 62
12 68 69
12 69 73
12 70 66
12 71 68
12 72 69
12 73 69
12 74 66
12 75 73
12 76 69
12 77 74
12 78 71
12 79 60
12 80 75
12 81 76
12 82 70
12 83 75
12 84 78
12 85 72
12 86 73
12 87 66
12 88 73
12 89 73
12 90 70
12 91 73
12 92 68
12 93 66
12 94 69
12 95 68
12 96 67
12 97 66
12 98 66
12 99 71
12 100 69
12 101 24
13 1 2
13 2 2
13 3 2
13 4 2
13 5 2
13 6 2
13 7 2
13 8 2
13 9 2
13 10 2
13 11 2
13 12 2
13 13 87
13 14 85
13 15 84
13 16 86
13 17 88
13 18 88
13 19 86
13 20 85
13 21 87
13 22 85
13 23 87
13 24 82
13 25 89
13 26 91
13 27 89
13 28 87
13 29 86
13 30 87
13 31 89
13 32 85
13 33 91
13 34 89
13 35 93
13 36 88
13 37 93
13 38 87
13 39 87
13 40 89
13 41 91
13 42 92
13 43 95
13 44 91
13 45 93
13 46 90
13 47 89
13 48 95
13 49 95
13 50 93
13 51 94
13 52 99
13 53 90
13 54 87
13 55 89
13 56 90
13 57 93
13 58 89
13 59 95
13 60 91
13 61 87
13 62 92
13 63 86
13 64 90
13 65 88
13 66 93
13 67 93
13 68 92
13 69 99
13 70 86
13 71 94
13 72 89
13 73 94
13 74 89
13 75 97
13 76 94
13 77 100
13 78 93
13 79 87
13 80 95
13 81 99
13 82 93
13 83 101
13 84 101
13 85 98
13 86 95
13 87 90
13 88 94
13 89 101
13 90 95
13 91 102
13 92 95
13 93 97
13 94 92
13 95 96
13 96 91
13 97 97
13 98 98
13 99 98
13 100 98
13 101 32
14 1 2
14 2 2
14 3 2
14 4 2
14 5 2
14 6 2
14 7 2
14 8 2
14 9 2
14 10 2
14 11 2
14 12 2
14 13 2
14 14 84
14 15 83
14 16 83
14 17 88
14 18 85
14 19 86
14 20 84
14 21 87
14 22 82
14 23 86
14 24 82
14 25 85
14 26 85
14 27 87
14 28 89
14 29 87
14 30 86
14 31 89
14 32 87
14 33 95
14 34 91
14 35 91
14 36 85
14 37 97
14 38 87
14 39 85
14 40 87
14 41 89
14 42 93
14 43 91
14 44 86
14 45 93
14 46 88
14 47 84
14 48 91
14 49 95
14 50 89
14 51 93
14 52 95
14 53 91
14 54 91
14 55 89
14 56 88
14 57 97
14 58 95
14 59 94
14 60 97
14 61 95
14 62 97
14 63 94
14 64 93
14 65 93
14 66 98
14 67 94
14 68 100
14 69 102
14 70 84
14 71 98
14 72 97
14 73 101
14 74 93
14 75 95
14 76 94
14 77 99
14 78 93
14 79 87
14 80 93
14 81 98
14 82 96
14 83 101
14 84 100
14 85 101
14 86 97
14 87 92
14 88 100
14 89 103
14 90 99
14 91 105
14 92 100
14 93 97
14 94 98
14 95 104
14 96 96
14 97 96
14 98 97
14 99 98
14 100 103
14 101 28
15 1 2
15 2 2
15 3 2
15 4 2
15 5 2
15 6 2
15 7 2
15 8 2
15 9 2
15 10 2
15 11 2
15 12 2
15 13 2
15 14 2
15 15 78
15 16 79
15 17 82
15 18 83
15 19 80
15 20 80
15 21 81
15 22 78
15 23 80
15 24 80
15 25 81
15 26 83
15 27 83
15 28 82
15 29 81
15 30 78
15 31 78
15 32 83
15 33 85
15 34 85
15 35 83
15 36 80
15 37 85
15 38 85
15 39 81
15 40 81
15 41 87
15 42 82
15 43 91
15 44 81
15 45 81
15 46 81
15 47 82
15 48 83
15 49 83
15 50 85
15 51 91
15 52 87
15 53 87
15 54 83
15 55 79
15 56 83
15 57 91
15 58 93
15 59 88
15 60 91
15 61 93
15 62 90
15 63 85
15 64 80
15 65 85
15 66 91
15 67 85
15 68 91
15 69 95
15 70 78
15 71 85
15 72 87
15 73 95
15 74 86
15 75 92
15 76 87
15 77 101
15 78 93
15 79 85
15 80 92
15 81 101
15 82 87
15 83 91
15 84 89
15 85 96
15 86 88
15 87 81
15 88 82
15 89 89
15 90 87
15 91 84
15 92 87
15 93 87
15 94 87
15 95 85
15 96 89
15 97 83
15 98 86
15 99 95
15 100 97
15 101 34
16 1 2
16 2 2
16 3 2
16 4 2
16 5 2
16 6 2
16 7 2
16 8 2
16 9 2
16 10 2
16 11 2
16 12 2
16 13 2
16 14 2
16 15 2
16 16 85
16 17 84
16 18 83
16 19 83
16 20 83
16 21 82
16 22 82
16 23 84
16 24 86
16 25 84
16 26 84
16 27 88
16 28 82
16 29 84
16 30 85
16 31 82
16 32 82
16 33 85
16 34 84
16 35 84
16 36 86
16 37 84
16 38 85
16 39 81
16 40 87
16 41 85
16 42 83
16 43 87
16 44 83
16 45 85
16 46 83
16 47 91
16 48 85
16 49 83
16 50 93
16 51 87
16 52 87
16 53 87
16 54 92
16 55 83
16 56 89
16 57 91
16 58 89
16 59 89
16 60 85
16 61 87
16 62 90
16 63 85
16 64 89
16 65 81
16 66 89
16 67 91
16 68 89
16 69 89
16 70 89
16 71 83
16 72 87
16 73 93
16 74 87
16 75 97
16 76 91
16 77 95
16 78 95
16 79 92
16 80 96
16 81 97
16 82 89
16 83 92
16 84 95
16 85 97
16 86 96
16 87 89
16 88 91
16 89 87
16 90 95
16 91 94
16 92 93
16 93 92
16 94 87
16 95 91
16 96 91
16 97 87
16 98 84
16 99 94
16 100 91
16 101 34
17 1 2
17 2 2
17 3 2
17 4 2
17 5 2
17 6 2
17 7 2
17 8 2
17 9 2
17 10 2
17 11 2
17 12 2
17 13 2
17 14 2
17 15 2
17 16 2
17 17 118
17 18 117
17 19 116
17 20 116
17 21 117
17 22 115
17 23 117
17 24 117
17 25 117
17 26 120
17 27 121
17 28 118
17 29 115
17 30 122
17 31 116
17 32 115
17 33 122
17 34 119
17 35 121
17 36 122
17 37 124
17 38 116
17 39 121
17 40 115
17 41 117
17 42 117
17 43 114
17 44 117
17 45 115
17 46 117
17 47 116
17 48 115
17 49 115
17 50 119
17 51 119
17 52 115
17 53 117
17 54 119
17 55 117
17 56 119
17 57 123
17 58 125
17 59 123
17 60 123
17 61 123
17 62 131
17 63 121
17 64 125
17 65 123
17 66 131
17 67 123
17 68 130
17 69 130
17 70 121
17 71 127
17 72 124
17 73 135
17 74 121
17 75 133
17 76 127
17 77 129
17 78 127
17 79 124
17 80 129
17 81 133
17 82 127
17 83 125
17 84 125
17 85 135
17 86 131
17 87 121
17 88 123
17 89 128
17 90 128
17 91 131
17 92 127
17 93 125
17 94 124
17 95 123
17 96 125
17 97 121
17 98 117
17 99 131
17 100 130
17 101 44
18 1 2
18 2 2
18 3 2
18 4 2
18 5 2
18 6 2
18 7 2
18 8 2
18 9 2
18 10 2
18 11 2
18 12 2
18 13 2
18 14 2
18 15 2
18 16 2
18 17 2
18 18 114
18 19 113
18 20 112
18 21 114
18 22 112
18 23 111
18 24 108
18 25 113
18 26 113
18 27 116
18 28 111
18 29 114
18 30 114
18 31 112
18 32 114
18 33 116
18 34 112
18 35 112
18 36 114
18 37 118
18 38 112
18 39 111
18 40 112
18 41 117
18 42 121
18 43 116
18 44 110
18 45 113
18 46 113
18 47 115
18 48 112
18 49 118
18 50 119
18 51 119
18 52 120
18 53 113
18 54 114
18 55 110
18 56 119
18 57 120
18 58 120
18 59 115
18 60 113
18 61 113
18 62 115
18 63 116
18 64 123
18 65 117
18 66 119
18 67 117
18 68 119
18 69 123
18 70 111
18 71 115
18 72 121
18 73 125
18 74 117
18 75 125
18 76 119
18 77 131
18 78 127
18 79 117
18 80 121
18 81 131
18 82 119
18 83 125
18 84 125
18 85 127
18 86 129
18 87 119
18 88 121
18 89 123
18 90 125
18 91 123
18 92 125
18 93 117
18 94 125
18 95 127
18 96 124
18 97 123
18 98 117
18 99 135
18 100 127
18 101 38
19 1 2
19 2 2
19 3 2
19 4 2
19 5 2
19 6 2
19 7 2
19 8 2
19 9 2
19 10 2
19 11 2
19 12 2
19 13 2
19 14 2
19 15 2
19 16 2
19 17 2
19 18 2
19 19 131
19 20 130
19 21 131
19 22 130
19 23 130
19 24 126
19 25 130
19 26 132
19 27 133
19 28 131
19 29 129
19 30 131
19 31 130
19 32 130
19 33 132
19 34 132
19 35 132
19 36 130
19 37 130
19 38 134
19 39 128
19 40 132
19 41 136
19 42 136
19 43 136
19 44 132
19 45 130
19 46 128
19 47 132
19 48 134
19 49 135
19 50 138
19 51 136
19 52 138
19 53 131
19 54 133
19 55 128
19 56 136
19 57 133
19 58 138
19 59 134
19 60 135
19 61 129
19 62 136
19 63 135
19 64 134
19 65 139
19 66 141
19 67 133
19 68 141
19 69 143
19 70 129
19 71 136
19 72 139
19 73 145
19 74 132
19 75 145
19 76 137
19 77 143
19 78 141
19 79 133
19 80 135
19 81 149
19 82 141
19 83 141
19 84 141
19 85 147
19 86 145
19 87 139
19 88 141
19 89 137
19 90 143
19 91 143
19 92 145
19 93 137
19 94 139
19 95 143
19 96 141
19 97 145
19 98 139
19 99 145
19 100 141
19 101 49
20 1 2
20 2 2
20 3 2
20 4 2
20 5 2
20 6 2
20 7 2
20 8 2
20 9 2
20 10 2
20 11 2
20 12 2
20 13 2
20 14 2
20 15 2
20 16 2
20 17 2
20 18 2
20 19 2
20 20 77
20 21 78
20 22 77
20 23 77
20 24 76
20 25 75
20 26 78
20 27 78
20 28 78
20 29 77
20 30 78
20 31 77
20 32 77
20 33 77
20 34 77
20 35 81
20 36 76
20 37 78
20 38 79
20 39 78
20 40 77
20 41 80
20 42 76
20 43 76
20 44 82
20 45 72
20 46 76
20 47 76
20 48 83
20 49 78
20 50 81
20 51 83
20 52 80
20 53 75
20 54 82
20 55 74
20 56 78
20 57 80
20 58 82
20 59 85
20 60 84
20 61 78
20 62 82
20 63 78
20 64 83
20 65 83
20 66 85
20 67 81
20 68 88
20 69 88
20 70 75
20 71 84
20 72 77
20 73 85
20 74 77
20 75 91
20 76 78
20 77 88
20 78 85
20 79 78
20 80 81
20 81 91
20 82 81
20 83 84
20 84 89
20 85 92
20 86 88
20 87 81
20 88 89
20 89 87
20 90 85
20 91 91
20 92 89
20 93 85
20 94 85
20 95 85
20 96 87
20 97 89
20 98 81
20 99 91
20 100 85
20 101 38
21 1 2
21 2 2
21 3 2
21 4 2
21 5 2
21 6 2
21 7 2
21 8 2
21 9 2
21 10 2
21 11 2
21 12 2
21 13 2
21 14 2
21 15 2
21 16 2
21 17 2
21 18 2
21 19 2
21 20 2
21 21 146
21 22 144
21 23 144
21 24 141
21 25 145
21 26 145
21 27 146
21 28 144
21 29 142
21 30 144
21 31 143
21 32 145
21 33 149
21 34 145
21 35 145
21 36 143
21 37 147
21 38 142
21 39 146
21 40 142
21 41 148
21 42 150
21 43 148
21 44 146
21 45 149
21 46 144
21 47 142
21 48 147
21 49 150
21 50 148
21 51 154
21 52 146
21 53 142
21 54 150
21 55 142
21 56 146
21 57 150
21 58 155
21 59 153
21 60 152
21 61 148
21 62 148
21 63 151
21 64 150
21 65 148
21 66 151
21 67 155
21 68 152
21 69 154
21 70 148
21 71 149
21 72 150
21 73 157
21 74 146
21 75 157
21 76 146
21 77 163
21 78 153
21 79 145
21 80 157
21 81 166
21 82 155
21 83 159
21 84 156
21 85 160
21 86 155
21 87 156
21 88 155
21 89 154
21 90 161
21 91 157
21 92 157
21 93 153
21 94 159
21 95 158
21 96 157
21 97 160
21 98 149
21 99 167
21 100 159
21 101 56
22 1 2
22 2 2
22 3 2
22 4 2
22 5 2
22 6 2
22 7 2
22 8 2
22 9 2
22 10 2
22 11 2
22 12 2
22 13 2
22 14 2
22 15 2
22 16 2
22 17 2
22 18 2
22 19 2
22 20 2
22 21 2
22 22 138
22 23 139
22 24 135
22 25 140
22 26 140
22 27 143
22 28 139
22 29 138
22 30 139
22 31 140
22 32 136
22 33 140
22 34 138
22 35 142
22 36 137
22 37 140
22 38 139
22 39 137
22 40 137
22 41 141
22 42 137
22 43 140
22 44 139
22 45 141
22 46 140
22 47 133
22 48 138
22 49 138
22 50 138
22 51 144
22 52 137
22 53 140
22 54 142
22 55 142
22 56 138
22 57 142
22 58 142
22 59 144
22 60 144
22 61 142
22 62 143
22 63 144
22 64 134
22 65 144
22 66 144
22 67 142
22 68 147
22 69 154
22 70 137
22 71 145
22 72 144
22 73 148
22 74 136
22 75 148
22 76 144
22 77 144
22 78 142
22 79 145
22 80 138
22 81 147
22 82 143
22 83 147
22 84 139
22 85 153
22 86 141
22 87 149
22 88 138
22 89 143
22 90 147
22 91 151
22 92 150
22 93 138
22 94 145
22 95 146
22 96 142
22 97 144
22 98 141
22 99 149
22 100 151
22 101 47
23 1 2
23 2 2
23 3 2
23 4 2
23 5 2
23 6 2
23 7 2
23 8 2
23 9 2
23 10 2
23 11 2
23 12 2
23 13 2
23 14 2
23 15 2
23 16 2
23 17 2
23 18 2
23 19 2
23 20 2
23 21 2
23 22 2
23 23 160
23 24 156
23 25 160
23 26 162
23 27 164
23 28 159
23 29 157
23 30 163
23 31 160
23 32 158
23 33 160
23 34 160
23 35 159
23 36 158
23 37 164
23 38 160
23 39 162
23 40 161
23 41 165
23 42 159
23 43 159
23 44 163
23 45 160
23 46 165
23 47 158
23 48 163
23 49 158
23 50 158
23 51 166
23 52 154
23 53 160
23 54 166
23 55 157
23 56 156
23 57 166
23 58 168
23 59 168
23 60 168
23 61 160
23 62 168
23 63 162
23 64 158
23 65 162
23 66 172
23 67 168
23 68 168
23 69 174
23 70 162
23 71 164
23 72 164
23 73 167
23 74 160
23 75 176
23 76 161
23 77 174
23 78 173
23 79 166
23 80 166
23 81 181
23 82 166
23 83 168
23 84 165
23 85 181
23 86 169
23 87 166
23 88 168
23 89 171
23 90 163
23 91 173
23 92 170
23 93 160
23 94 170
23 95 166
23 96 165
23 97 175
23 98 164
23 99 169
23 100 170
23 101 60
24 1 2
24 2 2
24 3 2
24 4 2
24 5 2
24 6 2
24 7 2
24 8 2
24 9 2
24 10 2
24 11 2
24 12 2
24 13 2
24 14 2
24 15 2
24 16 2
24 17 2
24 18 2
24 19 2
24 20 2
24 21 2
24 22 2
24 23 2
24 24 127
24 25 126
24 26 129
24 27 128
24 28 128
24 29 128
24 30 127
24 31 127
24 32 127
24 33 127
24 34 127
24 35 127
24 36 128
24 37 128
24 38 126
24 39 129
24 40 129
24 41 128
24 42 128
24 43 125
24 44 127
24 45 132
24 46 125
24 47 127
24 48 131
24 49 129
24 50 129
24 51 135
24 52 130
24 53 124
24 54 131
24 55 125
24 56 135
24 57 137
24 58 137
24 59 128
24 60 128
24 61 129
24 62 129
24 63 130
24 64 131
24 65 128
24 66 134
24 67 132
24 68 128
24 69 132
24 70 126
24 71 130
24 72 132
24 73 138
24 74 127
24 75 136
24 76 128
24 77 140
24 78 141
24 79 130
24 80 137
24 81 138
24 82 131
24 83 142
24 84 134
24 85 142
24 86 142
24 87 138
24 88 141
24 89 139
24 90 139
24 91 136
24 92 138
24 93 138
24 94 133
24 95 132
24 96 140
24 97 143
24 98 133
24 99 139
24 100 139
24 101 51
25 1 2
25 2 2
25 3 2
25 4 2
25 5 2
25 6 2
25 7 2
25 8 2
25 9 2
25 10 2
25 11 2
25 12 2
25 13 2
25 14 2
25 15 2
25 16 2
25 17 2
25 18 2
25 19 2
25 20 2
25 21 2
25 22 2
25 23 2
25 24 2
25 25 103
25 26 102
25 27 99
25 28 99
25 29 97
25 30 98
25 31 97
25 32 97
25 33 99
25 34 101
25 35 100
25 36 97
25 37 98
25 38 97
25 39 100
25 40 100
25 41 100
25 42 98
25 43 98
25 44 99
25 45 101
25 46 99
25 47 96
25 48 103
25 49 101
25 50 103
25 51 105
25 52 93
25 53 97
25 54 99
25 55 96
25 56 100
25 57 106
25 58 103
25 59 100
25 60 104
25 61 94
25 62 101
25 63 101
25 64 98
25 65 104
25 66 108
25 67 102
25 68 105
25 69 104
25 70 98
25 71 100
25 72 102
25 73 108
25 74 96
25 75 104
25 76 102
25 77 106
25 78 108
25 79 106
25 80 102
25 81 106
25 82 108
25 83 104
25 84 102
25 85 112
25 86 104
25 87 110
25 88 104
25 89 108
25 90 108
25 91 104
25 92 105
25 93 102
25 94 102
25 95 104
25 96 108
25 97 113
25 98 106
25 99 108
25 100 114
25 101 61
26 1 2
26 2 2
26 3 2
26 4 2
26 5 2
26 6 2
26 7 2
26 8 2
26 9 2
26 10 2
26 11 2
26 12 2
26 13 2
26 14 2
26 15 2
26 16 2
26 17 2
26 18 2
26 19 2
26 20 2
26 21 2
26 22 2
26 23 2
26 24 2
26 25 2
26 26 168
26 27 165
26 28 166
26 29 165
26 30 169
26 31 164
26 32 160
26 33 168
26 34 166
26 35 167
26 36 163
26 37 165
26 38 167
26 39 170
26 40 168
26 41 174
26 42 168
26 43 164
26 44 172
26 45 170
26 46 162
26 47 165
26 48 177
26 49 172
26 50 169
26 51 173
26 52 161
26 53 164
26 54 171
26 55 163
26 56 167
26 57 173
26 58 177
26 59 172
26 60 167
26 61 167
26 62 166
26 63 169
26 64 167
26 65 172
26 66 173
26 67 168
26 68 168
26 69 174
26 70 167
26 71 169
26 72 167
26 73 172
26 74 169
26 75 176
26 76 161
26 77 174
26 78 175
26 79 167
26 80 172
26 81 186
26 82 168
26 83 176
26 84 168
26 85 178
26 86 178
26 87 168
26 88 180
26 89 176
26 90 172
26 91 180
26 92 168
26 93 176
26 94 174
26 95 174
26 96 174
26 97 186
26 98 175
26 99 178
26 100 178
26 101 58
27 1 2
27 2 2
27 3 2
27 4 2
27 5 2
27 6 2
27 7 2
27 8 2
27 9 2
27 10 2
27 11 2
27 12 2
27 13 2
27 14 2
27 15 2
27 16 2
27 17 2
27 18 2
27 19 2
27 20 2
27 21 2
27 22 2
27 23 2
27 24 2
27 25 2
27 26 2
27 27 188
27 28 189
27 29 188
27 30 189
27 31 188
27 32 183
27 33 190
27 34 192
27 35 190
27 36 188
27 37 189
27 38 189
27 39 187
27 40 185
27 41 193
27 42 187
27 43 184
27 44 192
27 45 191
27 46 190
27 47 186
27 48 194
27 49 190
27 50 188
27 51 194
27 52 180
27 53 186
27 54 195
27 55 185
27 56 187
27 57 189
27 58 192
27 59 186
27 60 193
27 61 191
27 62 189
27 63 189
27 64 183
27 65 191
27 66 195
27 67 185
27 68 193
27 69 202
27 70 192
27 71 196
27 72 192
27 73 198
27 74 191
27 75 200
27 76 190
27 77 197
27 78 204
27 79 195
27 80 193
27 81 200
27 82 191
27 83 195
27 84 187
27 85 207
27 86 194
27 87 197
27 88 196
27 89 200
27 90 200
27 91 206
27 92 194
27 93 198
27 94 200
27 95 198
27 96 191
27 97 198
27 98 192
27 99 198
27 100 198
27 101 74
28 1 2
28 2 2
28 3 2
28 4 2
28 5 2
28 6 2
28 7 2
28 8 2
28 9 2
28 10 2
28 11 2
28 12 2
28 13 2
28 14 2
28 15 2
28 16 2
28 17 2
28 18 2
28 19 2
28 20 2
28 21 2
28 22 2
28 23 2
28 24 2
28 25 2
28 26 2
28 27 2
28 28 151
28 29 150
28 30 149
28 31 150
28 32 149
28 33 148
28 34 149
28 35 152
28 36 148
28 37 149
28 38 148
28 39 146
28 40 146
28 41 153
28 42 149
28 43 149
28 44 149
28 45 151
28 46 149
28 47 150
28 48 151
28 49 150
28 50 150
28 51 150
28 52 148
28 53 144
28 54 152
28 55 144
28 56 148
28 57 148
28 58 149
28 59 150
28 60 159
28 61 149
28 62 155
28 63 154
28 64 147
28 65 147
28 66 153
28 67 149
28 68 153
28 69 165
28 70 155
28 71 155
28 72 161
28 73 161
28 74 143
28 75 161
28 76 150
28 77 158
28 78 160
28 79 156
28 80 156
28 81 157
28 82 150
28 83 155
28 84 147
28 85 154
28 86 154
28 87 154
28 88 151
28 89 150
28 90 153
28 91 158
28 92 156
28 93 162
28 94 158
28 95 154
28 96 144
28 97 151
28 98 143
28 99 147
28 100 151
28 101 62
29 1 2
29 2 2
29 3 2
29 4 2
29 5 2
29 6 2
29 7 2
29 8 2
29 9 2
29 10 2
29 11 2
29 12 2
29 13 2
29 14 2
29 15 2
29 16 2
29 17 2
29 18 2
29 19 2
29 20 2
29 21 2
29 22 2
29 23 2
29 24 2
29 25 2
29 26 2
29 27 2
29 28 2
29 29 203
29 30 202
29 31 203
29 32 199
29 33 206
29 34 200
29 35 203
29 36 203
29 37 202
29 38 200
29 39 203
29 40 204
29 41 206
29 42 203
29 43 203
29 44 202
29 45 199
29 46 199
29 47 202
29 48 199
29 49 204
29 50 198
29 51 202
29 52 197
29 53 204
29 54 206
29 55 198
29 56 202
29 57 198
29 58 206
29 59 204
29 60 202
29 61 201
29 62 206
29 63 203
29 64 200
29 65 203
29 66 203
29 67 205
29 68 206
29 69 209
29 70 203
29 71 207
29 72 205
29 73 213
29 74 201
29 75 211
29 76 201
29 77 215
29 78 217
29 79 205
29 80 217
29 81 219
29 82 207
29 83 217
29 84 208
29 85 219
29 86 213
29 87 209
29 88 211
29 89 218
29 90 212
29 91 214
29 92 213
29 93 216
29 94 206
29 95 213
29 96 210
29 97 216
29 98 200
29 99 224
29 100 214
29 101 79
30 1 2
30 2 2
30 3 2
30 4 2
30 5 2
30 6 2
30 7 2
30 8 2
30 9 2
30 10 2
30 11 2
30 12 2
30 13 2
30 14 2
30 15 2
30 16 2
30 17 2
30 18 2
30 19 2
30 20 2
30 21 2
30 22 2
30 23 2
30 24 2
30 25 2
30 26 2
30 27 2
30 28 2
30 29 2
30 30 150
30 31 151
30 32 146
30 33 153
30 34 149
30 35 152
30 36 149
30 37 150
30 38 151
30 39 151
30 40 148
30 41 154
30 42 149
30 43 152
30 44 150
30 45 148
30 46 146
30 47 146
30 48 155
30 49 153
30 50 151
30 51 154
30 52 147
30 53 150
30 54 148
30 55 147
30 56 148
30 57 153
30 58 156
30 59 154
30 60 150
30 61 150
30 62 148
30 63 150
30 64 149
30 65 154
30 66 154
30 67 148
30 68 149
30 69 158
30 70 142
30 71 152
30 72 150
30 73 159
30 74 149
30 75 155
30 76 153
30 77 156
30 78 155
30 79 153
30 80 147
30 81 159
30 82 151
30 83 151
30 84 148
30 85 163
30 86 157
30 87 148
30 88 153
30 89 155
30 90 147
30 91 153
30 92 151
30 93 158
30 94 149
30 95 156
30 96 152
30 97 156
30 98 149
30 99 161
30 100 158
30 101 58
31 1 2
31 2 2
31 3 2
31 4 2
31 5 2
31 6 2
31 7 2
31 8 2
31 9 2
31 10 2
31 11 2
31 12 2
31 13 2
31 14 2
31 15 2
31 16 2
31 17 2
31 18 2
31 19 2
31 20 2
31 21 2
31 22 2
31 23 2
31 24 2
31 25 2
31 26 2
31 27 2
31 28 2
31 29 2
31 30 2
31 31 218
31 32 213
31 33 221
31 34 217
31 35 218
31 36 216
31 37 218
31 38 216
31 39 216
31 40 217
31 41 217
31 42 220
31 43 214
31 44 214
31 45 216
31 46 216
31 47 216
31 48 219
31 49 223
31 50 221
31 51 220
31 52 211
31 53 221
31 54 215
31 55 215
31 56 221
31 57 219
31 58 222
31 59 216
31 60 212
31 61 214
31 62 216
31 63 214
31 64 218
31 65 222
31 66 218
31 67 216
31 68 218
31 69 224
31 70 218
31 71 219
31 72 221
31 73 232
31 74 224
31 75 226
31 76 217
31 77 225
31 78 227
31 79 219
31 80 223
31 81 228
31 82 219
31 83 233
31 84 224
31 85 233
31 86 227
31 87 221
31 88 227
31 89 233
31 90 227
31 91 229
31 92 223
31 93 229
31 94 229
31 95 231
31 96 224
31 97 237
31 98 209
31 99 239
31 100 229
31 101 85
32 1 2
32 2 2
32 3 2
32 4 2
32 5 2
32 6 2
32 7 2
32 8 2
32 9 2
32 10 2
32 11 2
32 12 2
32 13 2
32 14 2
32 15 2
32 16 2
32 17 2
32 18 2
32 19 2
32 20 2
32 21 2
32 22 2
32 23 2
32 24 2
32 25 2
32 26 2
32 27 2
32 28 2
32 29 2
32 30 2
32 31 2
32 32 170
32 33 173
32 34 172
32 35 174
32 36 172
32 37 171
32 38 170
32 39 170
32 40 174
32 41 170
32 42 169
32 43 171
32 44 168
32 45 168
32 46 171
32 47 169
32 48 170
32 49 170
32 50 173
32 51 176
32 52 171
32 53 173
32 54 173
32 55 169
32 56 171
32 57 167
32 58 173
32 59 169
32 60 171
32 61 167
32 62 164
32 63 166
32 64 168
32 65 168
32 66 170
32 67 166
32 68 172
32 69 174
32 70 168
32 71 174
32 72 170
32 73 176
32 74 172
32 75 178
32 76 172
32 77 181
32 78 177
32 79 176
32 80 175
32 81 173
32 82 169
32 83 178
32 84 167
32 85 179
32 86 173
32 87 171
32 88 176
32 89 175
32 90 173
32 91 180
32 92 171
32 93 179
32 94 181
32 95 177
32 96 169
32 97 177
32 98 169
32 99 185
32 100 185
32 101 71
33 1 2
33 2 2
33 3 2
33 4 2
33 5 2
33 6 2
33 7 2
33 8 2
33 9 2
33 10 2
33 11 2
33 12 2
33 13 2
33 14 2
33 15 2
33 16 2
33 17 2
33 18 2
33 19 2
33 20 2
33 21 2
33 22 2
33 23 2
33 24 2
33 25 2
33 26 2
33 27 2
33 28 2
33 29 2
33 30 2
33 31 2
33 32 2
33 33 237
33 34 234
33 35 235
33 36 234
33 37 234
33 38 231
33 39 233
33 40 231
33 41 232
33 42 232
33 43 230
33 44 231
33 45 230
33 46 231
33 47 231
33 48 233
33 49 230
33 50 232
33 51 234
33 52 228
33 53 233
33 54 236
33 55 230
33 56 231
33 57 227
33 58 229
33 59 231
33 60 239
33 61 232
33 62 239
33 63 234
33 64 232
33 65 229
33 66 232
33 67 232
33 68 232
33 69 239
33 70 236
33 71 240
33 72 234
33 73 240
33 74 230
33 75 237
33 76 237
33 77 235
33 78 236
33 79 238
33 80 232
33 81 238
33 82 232
33 83 236
33 84 234
33 85 239
33 86 239
33 87 231
33 88 228
33 89 244
33 90 235
33 91 239
33 92 235
33 93 235
33 94 241
33 95 238
33 96 233
33 97 233
33 98 229
33 99 245
33 100 241
33 101 92
34 1 2
34 2 2
34 3 2
34 4 2
34 5 2
34 6 2
34 7 2
34 8 2
34 9 2
34 10 2
34 11 2
34 12 2
34 13 2
34 14 2
34 15 2
34 16 2
34 17 2
34 18 2
34 19 2
34 20 2
34 21 2
34 22 2
34 23 2
34 24 2
34 25 2
34 26 2
34 27 2
34 28 2
34 29 2
34 30 2
34 31 2
34 32 2
34 33 2
34 34 221
34 35 222
34 36 221
34 37 221
34 38 220
34 39 222
34 40 217
34 41 221
34 42 217
34 43 220
34 44 216
34 45 217
34 46 218
34 47 219
34 48 221
34 49 219
34 50 218
34 51 224
34 52 214
34 53 222
34 54 222
34 55 216
34 56 219
34 57 214
34 58 220
34 59 217
34 60 221
34 61 219
34 62 227
34 63 219
34 64 221
34 65 217
34 66 217
34 67 219
34 68 215
34 69 219
34 70 225
34 71 222
34 72 220
34 73 226
34 74 220
34 75 224
34 76 220
34 77 228
34 78 230
34 79 220
34 80 230
34 81 228
34 82 222
34 83 228
34 84 224
34 85 232
34 86 225
34 87 218
34 88 223
34 89 230
34 90 221
34 91 225
34 92 224
34 93 223
34 94 226
34 95 223
34 96 228
34 97 230
34 98 211
34 99 231
34 100 228
34 101 75
35 1 2
35 2 2
35 3 2
35 4 2
35 5 2
35 6 2
35 7 2
35 8 2
35 9 2
35 10 2
35 11 2
35 12 2
35 13 2
35 14 2
35 15 2
35 16 2
35 17 2
35 18 2
35 19 2
35 20 2
35 21 2
35 22 2
35 23 2
35 24 2
35 25 2
35 26 2
35 27 2
35 28 2
35 29 2
35 30 2
35 31 2
35 32 2
35 33 2
35 34 2
35 35 201
35 36 201
35 37 200
35 38 199
35 39 199
35 40 196
35 41 199
35 42 197
35 43 197
35 44 197
35 45 198
35 46 198
35 47 192
35 48 196
35 49 198
35 50 195
35 51 197
35 52 193
35 53 197
35 54 200
35 55 195
35 56 197
35 57 192
35 58 197
35 59 195
35 60 200
35 61 197
35 62 200
35 63 200
35 64 197
35 65 199
35 66 199
35 67 195
35 68 193
35 69 201
35 70 195
35 71 197
35 72 199
35 73 201
35 74 199
35 75 198
35 76 198
35 77 201
35 78 208
35 79 200
35 80 208
35 81 200
35 82 205
35 83 202
35 84 200
35 85 210
35 86 204
35 87 198
35 88 198
35 89 204
35 90 200
35 91 200
35 92 202
35 93 198
35 94 204
35 95 201
35 96 207
35 97 205
35 98 197
35 99 211
35 100 205
35 101 87
36 1 2
36 2 2
36 3 2
36 4 2
36 5 2
36 6 2
36 7 2
36 8 2
36 9 2
36 10 2
36 11 2
36 12 2
36 13 2
36 14 2
36 15 2
36 16 2
36 17 2
36 18 2
36 19 2
36 20 2
36 21 2
36 22 2
36 23 2
36 24 2
36 25 2
36 26 2
36 27 2
36 28 2
36 29 2
36 30 2
36 31 2
36 32 2
36 33 2
36 34 2
36 35 2
36 36 196
36 37 193
36 38 194
36 39 194
36 40 195
36 41 193
36 42 194
36 43 192
36 44 191
36 45 191
36 46 193
36 47 189
36 48 194
36 49 196
36 50 190
36 51 191
36 52 192
36 53 193
36 54 191
36 55 190
36 56 196
36 57 190
36 58 193
36 59 194
36 60 192
36 61 188
36 62 193
36 63 191
36 64 200
36 65 198
36 66 193
36 67 191
36 68 187
36 69 192
36 70 191
36 71 187
36 72 195
36 73 193
36 74 190
36 75 191
36 76 188
36 77 187
36 78 192
36 79 190
36 80 195
36 81 199
36 82 189
36 83 192
36 84 199
36 85 198
36 86 196
36 87 184
36 88 192
36 89 200
36 90 194
36 91 192
36 92 192
36 93 192
36 94 192
36 95 202
36 96 200
36 97 190
36 98 192
36 99 202
36 100 197
36 101 81
37 1 2
37 2 2
37 3 2
37 4 2
37 5 2
37 6 2
37 7 2
37 8 2
37 9 2
37 10 2
37 11 2
37 12 2
37 13 2
37 14 2
37 15 2
37 16 2
37 17 2
37 18 2
37 19 2
37 20 2
37 21 2
37 22 2
37 23 2
37 24 2
37 25 2
37 26 2
37 27 2
37 28 2
37 29 2
37 30 2
37 31 2
37 32 2
37 33 2
37 34 2
37 35 2
37 36 2
37 37 264
37 38 262
37 39 263
37 40 260
37 41 263
37 42 261
37 43 261
37 44 260
37 45 262
37 46 263
37 47 258
37 48 257
37 49 260
37 50 260
37 51 262
37 52 258
37 53 260
37 54 258
37 55 259
37 56 259
37 57 257
37 58 261
37 59 261
37 60 261
37 61 258
37 62 258
37 63 260
37 64 260
37 65 264
37 66 262
37 67 260
37 68 259
37 69 261
37 70 254
37 71 258
37 72 253
37 73 257
37 74 260
37 75 259
37 76 259
37 77 259
37 78 265
37 79 259
37 80 259
37 81 260
37 82 255
37 83 262
37 84 256
37 85 261
37 86 264
37 87 254
37 88 259
37 89 258
37 90 258
37 91 266
37 92 254
37 93 259
37 94 264
37 95 258
37 96 260
37 97 256
37 98 254
37 99 262
37 100 255
37 101 103
38 1 2
38 2 2
38 3 2
38 4 2
38 5 2
38 6 2
38 7 2
38 8 2
38 9 2
38 10 2
38 11 2
38 12 2
38 13 2
38 14 2
38 15 2
38 16 2
38 17 2
38 18 2
38 19 2
38 20 2
38 21 2
38 22 2
38 23 2
38 24 2
38 25 2
38 26 2
38 27 2
38 28 2
38 29 2
38 30 2
38 31 2
38 32 2
38 33 2
38 34 2
38 35 2
38 36 2
38 37 2
38 38 247
38 39 248
38 40 245
38 41 249
38 42 246
38 43 245
38 44 244
38 45 248
38 46 246
38 47 244
38 48 240
38 49 245
38 50 245
38 51 249
38 52 240
38 53 246
38 54 242
38 55 246
38 56 243
38 57 243
38 58 247
38 59 243
38 60 245
38 61 246
38 62 241
38 63 247
38 64 242
38 65 246
38 66 248
38 67 246
38 68 242
38 69 249
38 70 241
38 71 242
38 72 245
38 73 248
38 74 240
38 75 243
38 76 245
38 77 246
38 78 247
38 79 247
38 80 243
38 81 247
38 82 251
38 83 243
38 84 244
38 85 253
38 86 248
38 87 246
38 88 238
38 89 247
38 90 252
38 91 254
38 92 252
38 93 242
38 94 250
38 95 252
38 96 248
38 97 247
38 98 242
38 99 261
38 100 258
38 101 85
39 1 2
39 2 2
39 3 2
39 4 2
39 5 2
39 6 2
39 7 2
39 8 2
39 9 2
39 10 2
39 11 2
39 12 2
39 13 2
39 14 2
39 15 2
39 16 2
39 17 2
39 18 2
39 19 2
39 20 2
39 21 2
39 22 2
39 23 2
39 24 2
39 25 2
39 26 2
39 27 2
39 28 2
39 29 2
39 30 2
39 31 2
39 32 2
39 33 2
39 34 2
39 35 2
39 36 2
39 37 2
39 38 2
39 39 279
39 40 275
39 41 279
39 42 277
39 43 276
39 44 274
39 45 277
39 46 279
39 47 276
39 48 272
39 49 277
39 50 278
39 51 278
39 52 273
39 53 279
39 54 274
39 55 276
39 56 276
39 57 272
39 58 276
39 59 275
39 60 274
39 61 273
39 62 279
39 63 275
39 64 277
39 65 276
39 66 278
39 67 281
39 68 274
39 69 280
39 70 278
39 71 272
39 72 270
39 73 278
39 74 270
39 75 275
39 76 274
39 77 271
39 78 280
39 79 276
39 80 269
39 81 279
39 82 273
39 83 273
39 84 273
39 85 273
39 86 279
39 87 270
39 88 271
39 89 277
39 90 275
39 91 280
39 92 278
39 93 280
39 94 276
39 95 277
39 96 273
39 97 271
39 98 276
39 99 285
39 100 280
39 101 108
40 1 2
40 2 2
40 3 2
40 4 2
40 5 2
40 6 2
40 7 2
40 8 2
40 9 2
40 10 2
40 11 2
40 12 2
40 13 2
40 14 2
40 15 2
40 16 2
40 17 2
40 18 2
40 19 2
40 20 2
40 21 2
40 22 2
40 23 2
40 24 2
40 25 2
40 26 2
40 27 2
40 28 2
40 29 2
40 30 2
40 31 2
40 32 2
40 33 2
40 34 2
40 35 2
40 36 2
40 37 2
40 38 2
40 39 2
40 40 162
40 41 161
40 42 160
40 43 160
40 44 159
40 45 158
40 46 158
40 47 159
40 48 157
40 49 157
40 50 158
40 51 158
40 52 156
40 53 160
40 54 161
40 55 155
40 56 159
40 57 154
40 58 159
40 59 160
40 60 158
40 61 159
40 62 163
40 63 159
40 64 161
40 65 155
40 66 159
40 67 155
40 68 153
40 69 156
40 70 161
40 71 156
40 72 152
40 73 156
40 74 156
40 75 158
40 76 160
40 77 158
40 78 154
40 79 160
40 80 163
40 81 157
40 82 154
40 83 157
40 84 161
40 85 166
40 86 161
40 87 151
40 88 167
40 89 167
40 90 159
40 91 167
40 92 159
40 93 169
40 94 166
40 95 160
40 96 171
40 97 153
40 98 151
40 99 172
40 100 164
40 101 78
41 1 2
41 2 2
41 3 2
41 4 2
41 5 2
41 6 2
41 7 2
41 8 2
41 9 2
41 10 2
41 11 2
41 12 2
41 13 2
41 14 2
41 15 2
41 16 2
41 17 2
41 18 2
41 19 2
41 20 2
41 21 2
41 22 2
41 23 2
41 24 2
41 25 2
41 26 2
41 27 2
41 28 2
41 29 2
41 30 2
41 31 2
41 32 2
41 33 2
41 34 2
41 35 2
41 36 2
41 37 2
41 38 2
41 39 2
41 40 2
41 41 295
41 42 293
41 43 291
41 44 292
41 45 291
41 46 291
41 47 286
41 48 288
41 49 291
41 50 289
41 51 290
41 52 288
41 53 290
41 54 293
41 55 290
41 56 289
41 57 287
41 58 294
41 59 290
41 60 291
41 61 292
41 62 294
41 63 290
41 64 290
41 65 290
41 66 292
41 67 292
41 68 287
41 69 293
41 70 293
41 71 288
41 72 287
41 73 296
41 74 288
41 75 294
41 76 293
41 77 294
41 78 292
41 79 294
41 80 294
41 81 294
41 82 294
41 83 287
41 84 294
41 85 297
41 86 292
41 87 287
41 88 292
41 89 299
41 90 296
41 91 293
41 92 303
41 93 289
41 94 291
41 95 289
41 96 293
41 97 290
41 98 291
41 99 303
41 100 301
41 101 115
42 1 2
42 2 2
42 3 2
42 4 2
42 5 2
42 6 2
42 7 2
42 8 2
42 9 2
42 10 2
42 11 2
42 12 2
42 13 2
42 14 2
42 15 2
42 16 2
42 17 2
42 18 2
42 19 2
42 20 2
42 21 2
42 22 2
42 23 2
42 24 2
42 25 2
42 26 2
42 27 2
42 28 2
42 29 2
42 30 2
42 31 2
42 32 2
42 33 2
42 34 2
42 35 2
42 36 2
42 37 2
42 38 2
42 39 2
42 40 2
42 41 2
42 42 275
42 43 274
42 44 273
42 45 274
42 46 274
42 47 267
42 48 269
42 49 274
42 50 271
42 51 274
42 52 267
42 53 273
42 54 271
42 55 270
42 56 270
42 57 267
42 58 273
42 59 275
42 60 275
42 61 271
42 62 271
42 63 270
42 64 272
42 65 276
42 66 274
42 67 267
42 68 267
42 69 275
42 70 269
42 71 267
42 72 267
42 73 269
42 74 267
42 75 268
42 76 272
42 77 273
42 78 273
42 79 268
42 80 268
42 81 275
42 82 264
42 83 268
42 84 274
42 85 276
42 86 272
42 87 265
42 88 270
42 89 278
42 90 274
42 91 278
42 92 271
42 93 274
42 94 276
42 95 273
42 96 277
42 97 272
42 98 273
42 99 285
42 100 283
42 101 95
43 1 2
43 2 2
43 3 2
43 4 2
43 5 2
43 6 2
43 7 2
43 8 2
43 9 2
43 10 2
43 11 2
43 12 2
43 13 2
43 14 2
43 15 2
43 16 2
43 17 2
43 18 2
43 19 2
43 20 2
43 21 2
43 22 2
43 23 2
43 24 2
43 25 2
43 26 2
43 27 2
43 28 2
43 29 2
43 30 2
43 31 2
43 32 2
43 33 2
43 34 2
43 35 2
43 36 2
43 37 2
43 38 2
43 39 2
43 40 2
43 41 2
43 42 2
43 43 307
43 44 307
43 45 307
43 46 308
43 47 302
43 48 302
43 49 305
43 50 305
43 51 306
43 52 304
43 53 305
43 54 304
43 55 302
43 56 302
43 57 303
43 58 309
43 59 309
43 60 310
43 61 303
43 62 305
43 63 306
43 64 305
43 65 307
43 66 310
43 67 302
43 68 300
43 69 314
43 70 302
43 71 302
43 72 301
43 73 307
43 74 307
43 75 305
43 76 307
43 77 309
43 78 306
43 79 307
43 80 300
43 81 303
43 82 299
43 83 306
43 84 298
43 85 304
43 86 308
43 87 298
43 88 302
43 89 306
43 90 304
43 91 312
43 92 308
43 93 308
43 94 308
43 95 301
43 96 309
43 97 305
43 98 303
43 99 312
43 100 307
43 101 120
44 1 2
44 2 2
44 3 2
44 4 2
44 5 2
44 6 2
44 7 2
44 8 2
44 9 2
44 10 2
44 11 2
44 12 2
44 13 2
44 14 2
44 15 2
44 16 2
44 17 2
44 18 2
44 19 2
44 20 2
44 21 2
44 22 2
44 23 2
44 24 2
44 25 2
44 26 2
44 27 2
44 28 2
44 29 2
44 30 2
44 31 2
44 32 2
44 33 2
44 34 2
44 35 2
44 36 2
44 37 2
44 38 2
44 39 2
44 40 2
44 41 2
44 42 2
44 43 2
44 44 240
44 45 239
44 46 239
44 47 237
44 48 238
44 49 236
44 50 235
44 51 237
44 52 236
44 53 236
44 54 235
44 55 235
44 56 237
44 57 233
44 58 235
44 59 234
44 60 234
44 61 234
44 62 233
44 63 234
44 64 233
44 65 234
44 66 235
44 67 233
44 68 235
44 69 234
44 70 230
44 71 232
44 72 234
44 73 232
44 74 230
44 75 233
44 76 232
44 77 234
44 78 231
44 79 233
44 80 233
44 81 235
44 82 233
44 83 235
44 84 237
44 85 238
44 86 235
44 87 233
44 88 231
44 89 234
44 90 240
44 91 240
44 92 236
44 93 234
44 94 238
44 95 234
44 96 233
44 97 233
44 98 233
44 99 244
44 100 239
44 101 99
45 1 2
45 2 2
45 3 2
45 4 2
45 5 2
45 6 2
45 7 2
45 8 2
45 9 2
45 10 2
45 11 2
45 12 2
45 13 2
45 14 2
45 15 2
45 16 2
45 17 2
45 18 2
45 19 2
45 20 2
45 21 2
45 22 2
45 23 2
45 24 2
45 25 2
45 26 2
45 27 2
45 28 2
45 29 2
45 30 2
45 31 2
45 32 2
45 33 2
45 34 2
45 35 2
45 36 2
45 37 2
45 38 2
45 39 2
45 40 2
45 41 2
45 42 2
45 43 2
45 44 2
45 45 259
45 46 257
45 47 254
45 48 255
45 49 259
45 50 256
45 51 260
45 52 253
45 53 257
45 54 255
45 55 254
45 56 254
45 57 251
45 58 257
45 59 257
45 60 256
45 61 253
45 62 248
45 63 258
45 64 254
45 65 258
45 66 253
45 67 253
45 68 253
45 69 257
45 70 248
45 71 250
45 72 256
45 73 256
45 74 258
45 75 260
45 76 256
45 77 264
45 78 256
45 79 252
45 80 257
45 81 259
45 82 255
45 83 259
45 84 253
45 85 259
45 86 249
45 87 256
45 88 251
45 89 251
45 90 254
45 91 255
45 92 254
45 93 252
45 94 251
45 95 250
45 96 256
45 97 256
45 98 254
45 99 266
45 100 259
45 101 113
46 1 2
46 2 2
46 3 2
46 4 2
46 5 2
46 6 2
46 7 2
46 8 2
46 9 2
46 10 2
46 11 2
46 12 2
46 13 2
46 14 2
46 15 2
46 16 2
46 17 2
46 18 2
46 19 2
46 20 2
46 21 2
46 22 2
46 23 2
46 24 2
46 25 2
46 26 2
46 27 2
46 28 2
46 29 2
46 30 2
46 31 2
46 32 2
46 33 2
46 34 2
46 35 2
46 36 2
46 37 2
46 38 2
46 39 2
46 40 2
46 41 2
46 42 2
46 43 2
46 44 2
46 45 2
46 46 301
46 47 297
46 48 297
46 49 302
46 50 301
46 51 303
46 52 295
46 53 302
46 54 297
46 55 297
46 56 295
46 57 294
46 58 298
46 59 300
46 60 300
46 61 299
46 62 296
46 63 301
46 64 299
46 65 302
46 66 302
46 67 300
46 68 295
46 69 301
46 70 297
46 71 297
46 72 293
46 73 309
46 74 297
46 75 296
46 76 302
46 77 298
46 78 298
46 79 296
46 80 297
46 81 306
46 82 292
46 83 295
46 84 303
46 85 304
46 86 299
46 87 295
46 88 301
46 89 305
46 90 297
46 91 301
46 92 301
46 93 295
46 94 296
46 95 306
46 96 299
46 97 296
46 98 292
46 99 308
46 100 306
46 101 103
47 1 2
47 2 2
47 3 2
47 4 2
47 5 2
47 6 2
47 7 2
47 8 2
47 9 2
47 10 2
47 11 2
47 12 2
47 13 2
47 14 2
47 15 2
47 16 2
47 17 2
47 18 2
47 19 2
47 20 2
47 21 2
47 22 2
47 23 2
47 24 2
47 25 2
47 26 2
47 27 2
47 28 2
47 29 2
47 30 2
47 31 2
47 32 2
47 33 2
47 34 2
47 35 2
47 36 2
47 37 2
47 38 2
47 39 2
47 40 2
47 41 2
47 42 2
47 43 2
47 44 2
47 45 2
47 46 2
47 47 333
47 48 334
47 49 337
47 50 335
47 51 338
47 52 333
47 53 336
47 54 336
47 55 333
47 56 332
47 57 329
47 58 334
47 59 334
47 60 334
47 61 334
47 62 329
47 63 329
47 64 328
47 65 333
47 66 332
47 67 330
47 68 330
47 69 335
47 70 329
47 71 333
47 72 325
47 73 329
47 74 329
47 75 330
47 76 334
47 77 335
47 78 332
47 79 326
47 80 336
47 81 338
47 82 328
47 83 332
47 84 334
47 85 334
47 86 334
47 87 331
47 88 333
47 89 339
47 90 328
47 91 331
47 92 329
47 93 329
47 94 329
47 95 325
47 96 330
47 97 326
47 98 332
47 99 334
47 100 335
47 101 131
48 1 2
48 2 2
48 3 2
48 4 2
48 5 2
48 6 2
48 7 2
48 8 2
48 9 2
48 10 2
48 11 2
48 12 2
48 13 2
48 14 2
48 15 2
48 16 2
48 17 2
48 18 2
48 19 2
48 20 2
48 21 2
48 22 2
48 23 2
48 24 2
48 25 2
48 26 2
48 27 2
48 28 2
48 29 2
48 30 2
48 31 2
48 32 2
48 33 2
48 34 2
48 35 2
48 36 2
48 37 2
48 38 2
48 39 2
48 40 2
48 41 2
48 42 2
48 43 2
48 44 2
48 45 2
48 46 2
48 47 2
48 48 262
48 49 261
48 50 260
48 51 262
48 52 260
48 53 259
48 54 259
48 55 258
48 56 264
48 57 258
48 58 261
48 59 261
48 60 256
48 61 258
48 62 256
48 63 258
48 64 255
48 65 255
48 66 261
48 67 257
48 68 256
48 69 258
48 70 256
48 71 255
48 72 260
48 73 252
48 74 255
48 75 255
48 76 255
48 77 263
48 78 255
48 79 257
48 80 262
48 81 256
48 82 257
48 83 258
48 84 256
48 85 264
48 86 256
48 87 262
48 88 262
48 89 255
48 90 253
48 91 258
48 92 255
48 93 257
48 94 251
48 95 253
48 96 259
48 97 257
48 98 255
48 99 261
48 100 255
48 101 107
49 1 2
49 2 2
49 3 2
49 4 2
49 5 2
49 6 2
49 7 2
49 8 2
49 9 2
49 10 2
49 11 2
49 12 2
49 13 2
49 14 2
49 15 2
49 16 2
49 17 2
49 18 2
49 19 2
49 20 2
49 21 2
49 22 2
49 23 2
49 24 2
49 25 2
49 26 2
49 27 2
49 28 2
49 29 2
49 30 2
49 31 2
49 32 2
49 33 2
49 34 2
49 35 2
49 36 2
49 37 2
49 38 2
49 39 2
49 40 2
49 41 2
49 42 2
49 43 2
49 44 2
49 45 2
49 46 2
49 47 2
49 48 2
49 49 353
49 50 351
49 51 354
49 52 351
49 53 350
49 54 348
49 55 348
49 56 351
49 57 347
49 58 352
49 59 350
49 60 349
49 61 347
49 62 342
49 63 350
49 64 350
49 65 348
49 66 350
49 67 349
49 68 349
49 69 353
49 70 348
49 71 348
49 72 348
49 73 352
49 74 344
49 75 348
49 76 346
49 77 355
49 78 351
49 79 345
49 80 347
49 81 350
49 82 343
49 83 349
49 84 348
49 85 344
49 86 348
49 87 344
49 88 348
49 89 344
49 90 344
49 91 346
49 92 346
49 93 346
49 94 349
49 95 351
49 96 342
49 97 345
49 98 341
49 99 343
49 100 345
49 101 137
50 1 2
50 2 2
50 3 2
50 4 2
50 5 2
50 6 2
50 7 2
50 8 2
50 9 2
50 10 2
50 11 2
50 12 2
50 13 2
50 14 2
50 15 2
50 16 2
50 17 2
50 18 2
50 19 2
50 20 2
50 21 2
50 22 2
50 23 2
50 24 2
50 25 2
50 26 2
50 27 2
50 28 2
50 29 2
50 30 2
50 31 2
50 32 2
50 33 2
50 34 2
50 35 2
50 36 2
50 37 2
50 38 2
50 39 2
50 40 2
50 41 2
50 42 2
50 43 2
50 44 2
50 45 2
50 46 2
50 47 2
50 48 2
50 49 2
50 50 177
50 51 178
50 52 173
50 53 174
50 54 173
50 55 173
50 56 174
50 57 175
50 58 175
50 59 172
50 60 172
50 61 170
50 62 167
50 63 169
50 64 169
50 65 174
50 66 170
50 67 174
50 68 172
50 69 172
50 70 173
50 71 171
50 72 171
50 73 170
50 74 169
50 75 170
50 76 168
50 77 172
50 78 170
50 79 169
50 80 171
50 81 175
50 82 169
50 83 171
50 84 172
50 85 170
50 86 169
50 87 172
50 88 170
50 89 174
50 90 172
50 91 172
50 92 172
50 93 168
50 94 167
50 95 171
50 96 168
50 97 169
50 98 164
50 99 167
50 100 167
50 101 98
51 1 2
51 2 2
51 3 2
51 4 2
51 5 2
51 6 2
51 7 2
51 8 2
51 9 2
51 10 2
51 11 2
51 12 2
51 13 2
51 14 2
51 15 2
51 16 2
51 17 2
51 18 2
51 19 2
51 20 2
51 21 2
51 22 2
51 23 2
51 24 2
51 25 2
51 26 2
51 27 2
51 28 2
51 29 2
51 30 2
51 31 2
51 32 2
51 33 2
51 34 2
51 35 2
51 36 2
51 37 2
51 38 2
51 39 2
51 40 2
51 41 2
51 42 2
51 43 2
51 44 2
51 45 2
51 46 2
51 47 2
51 48 2
51 49 2
51 50 2
51 51 369
51 52 364
51 53 365
51 54 366
51 55 364
51 56 363
51 57 362
51 58 364
51 59 363
51 60 367
51 61 361
51 62 360
51 63 360
51 64 362
51 65 365
51 66 363
51 67 360
51 68 360
51 69 360
51 70 366
51 71 363
51 72 365
51 73 369
51 74 365
51 75 362
51 76 363
51 77 365
51 78 359
51 79 358
51 80 368
51 81 368
51 82 361
51 83 357
51 84 368
51 85 369
51 86 361
51 87 362
51 88 363
51 89 365
51 90 366
51 91 367
51 92 372
51 93 363
51 94 362
51 95 368
51 96 370
51 97 364
51 98 362
51 99 387
51 100 372
51 101 145
52 1 2
52 2 2
52 3 2
52 4 2
52 5 2
52 6 2
52 7 2
52 8 2
52 9 2
52 10 2
52 11 2
52 12 2
52 13 2
52 14 2
52 15 2
52 16 2
52 17 2
52 18 2
52 19 2
52 20 2
52 21 2
52 22 2
52 23 2
52 24 2
52 25 2
52 26 2
52 27 2
52 28 2
52 29 2
52 30 2
52 31 2
52 32 2
52 33 2
52 34 2
52 35 2
52 36 2
52 37 2
52 38 2
52 39 2
52 40 2
52 41 2
52 42 2
52 43 2
52 44 2
52 45 2
52 46 2
52 47 2
52 48 2
52 49 2
52 50 2
52 51 2
52 52 284
52 53 283
52 54 284
52 55 283
52 56 284
52 57 281
52 58 281
52 59 284
52 60 280
52 61 281
52 62 277
52 63 278
52 64 284
52 65 281
52 66 282
52 67 277
52 68 275
52 69 277
52 70 280
52 71 282
52 72 282
52 73 280
52 74 279
52 75 281
52 76 279
52 77 283
52 78 278
52 79 276
52 80 282
52 81 287
52 82 276
52 83 277
52 84 284
52 85 282
52 86 280
52 87 279
52 88 287
52 89 279
52 90 281
52 91 285
52 92 285
52 93 280
52 94 282
52 95 285
52 96 281
52 97 282
52 98 274
52 99 288
52 100 282
52 101 119
53 1 2
53 2 2
53 3 2
53 4 2
53 5 2
53 6 2
53 7 2
53 8 2
53 9 2
53 10 2
53 11 2
53 12 2
53 13 2
53 14 2
53 15 2
53 16 2
53 17 2
53 18 2
53 19 2
53 20 2
53 21 2
53 22 2
53 23 2
53 24 2
53 25 2
53 26 2
53 27 2
53 28 2
53 29 2
53 30 2
53 31 2
53 32 2
53 33 2
53 34 2
53 35 2
53 36 2
53 37 2
53 38 2
53 39 2
53 40 2
53 41 2
53 42 2
53 43 2
53 44 2
53 45 2
53 46 2
53 47 2
53 48 2
53 49 2
53 50 2
53 51 2
53 52 2
53 53 380
53 54 381
53 55 380
53 56 379
53 57 378
53 58 382
53 59 379
53 60 376
53 61 376
53 62 372
53 63 371
53 64 375
53 65 380
53 66 380
53 67 378
53 68 373
53 69 377
53 70 375
53 71 376
53 72 374
53 73 374
53 74 374
53 75 376
53 76 374
53 77 379
53 78 375
53 79 373
53 80 373
53 81 381
53 82 372
53 83 376
53 84 381
53 85 380
53 86 378
53 87 377
53 88 374
53 89 383
53 90 382
53 91 383
53 92 378
53 93 375
53 94 375
53 95 380
53 96 375
53 97 376
53 98 371
53 99 386
53 100 382
53 101 151
54 1 2
54 2 2
54 3 2
54 4 2
54 5 2
54 6 2
54 7 2
54 8 2
54 9 2
54 10 2
54 11 2
54 12 2
54 13 2
54 14 2
54 15 2
54 16 2
54 17 2
54 18 2
54 19 2
54 20 2
54 21 2
54 22 2
54 23 2
54 24 2
54 25 2
54 26 2
54 27 2
54 28 2
54 29 2
54 30 2
54 31 2
54 32 2
54 33 2
54 34 2
54 35 2
54 36 2
54 37 2
54 38 2
54 39 2
54 40 2
54 41 2
54 42 2
54 43 2
54 44 2
54 45 2
54 46 2
54 47 2
54 48 2
54 49 2
54 50 2
54 51 2
54 52 2
54 53 2
54 54 355
54 55 355
54 56 354
54 57 352
54 58 353
54 59 354
54 60 350
54 61 353
54 62 346
54 63 348
54 64 348
54 65 353
54 66 353
54 67 352
54 68 348
54 69 354
54 70 349
54 71 352
54 72 347
54 73 353
54 74 355
54 75 348
54 76 352
54 77 354
54 78 347
54 79 348
54 80 347
54 81 351
54 82 345
54 83 352
54 84 348
54 85 350
54 86 351
54 87 348
54 88 350
54 89 352
54 90 352
54 91 357
54 92 350
54 93 357
54 94 348
54 95 351
54 96 351
54 97 353
54 98 351
54 99 366
54 100 355
54 101 123
55 1 2
55 2 2
55 3 2
55 4 2
55 5 2
55 6 2
55 7 2
55 8 2
55 9 2
55 10 2
55 11 2
55 12 2
55 13 2
55 14 2
55 15 2
55 16 2
55 17 2
55 18 2
55 19 2
55 20 2
55 21 2
55 22 2
55 23 2
55 24 2
55 25 2
55 26 2
55 27 2
55 28 2
55 29 2
55 30 2
55 31 2
55 32 2
55 33 2
55 34 2
55 35 2
55 36 2
55 37 2
55 38 2
55 39 2
55 40 2
55 41 2
55 42 2
55 43 2
55 44 2
55 45 2
55 46 2
55 47 2
55 48 2
55 49 2
55 50 2
55 51 2
55 52 2
55 53 2
55 54 2
55 55 319
55 56 317
55 57 315
55 58 318
55 59 321
55 60 314
55 61 316
55 62 311
55 63 309
55 64 312
55 65 316
55 66 317
55 67 317
55 68 311
55 69 315
55 70 314
55 71 314
55 72 309
55 73 315
55 74 315
55 75 309
55 76 314
55 77 318
55 78 311
55 79 314
55 80 306
55 81 313
55 82 309
55 83 313
55 84 315
55 85 313
55 86 313
55 87 310
55 88 312
55 89 320
55 90 320
55 91 320
55 92 312
55 93 317
55 94 317
55 95 320
55 96 309
55 97 321
55 98 309
55 99 325
55 100 319
55 101 139
56 1 2
56 2 2
56 3 2
56 4 2
56 5 2
56 6 2
56 7 2
56 8 2
56 9 2
56 10 2
56 11 2
56 12 2
56 13 2
56 14 2
56 15 2
56 16 2
56 17 2
56 18 2
56 19 2
56 20 2
56 21 2
56 22 2
56 23 2
56 24 2
56 25 2
56 26 2
56 27 2
56 28 2
56 29 2
56 30 2
56 31 2
56 32 2
56 33 2
56 34 2
56 35 2
56 36 2
56 37 2
56 38 2
56 39 2
56 40 2
56 41 2
56 42 2
56 43 2
56 44 2
56 45 2
56 46 2
56 47 2
56 48 2
56 49 2
56 50 2
56 51 2
56 52 2
56 53 2
56 54 2
56 55 2
56 56 308
56 57 304
56 58 305
56 59 305
56 60 304
56 61 305
56 62 306
56 63 298
56 64 302
56 65 301
56 66 301
56 67 300
56 68 299
56 69 300
56 70 303
56 71 302
56 72 298
56 73 304
56 74 301
56 75 301
56 76 303
56 77 303
56 78 301
56 79 300
56 80 298
56 81 300
56 82 298
56 83 295
56 84 303
56 85 301
56 86 296
56 87 301
56 88 299
56 89 299
56 90 295
56 91 304
56 92 297
56 93 296
56 94 302
56 95 302
56 96 298
56 97 304
56 98 303
56 99 301
56 100 303
56 101 129
57 1 2
57 2 2
57 3 2
57 4 2
57 5 2
57 6 2
57 7 2
57 8 2
57 9 2
57 10 2
57 11 2
57 12 2
57 13 2
57 14 2
57 15 2
57 16 2
57 17 2
57 18 2
57 19 2
57 20 2
57 21 2
57 22 2
57 23 2
57 24 2
57 25 2
57 26 2
57 27 2
57 28 2
57 29 2
57 30 2
57 31 2
57 32 2
57 33 2
57 34 2
57 35 2
57 36 2
57 37 2
57 38 2
57 39 2
57 40 2
57 41 2
57 42 2
57 43 2
57 44 2
57 45 2
57 46 2
57 47 2
57 48 2
57 49 2
57 50 2
57 51 2
57 52 2
57 53 2
57 54 2
57 55 2
57 56 2
57 57 408
57 58 410
57 59 409
57 60 408
57 61 408
57 62 403
57 63 402
57 64 406
57 65 408
57 66 411
57 67 403
57 68 406
57 69 408
57 70 407
57 71 407
57 72 403
57 73 406
57 74 408
57 75 404
57 76 407
57 77 408
57 78 405
57 79 407
57 80 405
57 81 415
57 82 402
57 83 405
57 84 414
57 85 408
57 86 406
57 87 405
57 88 409
57 89 407
57 90 407
57 91 411
57 92 404
57 93 401
57 94 410
57 95 414
57 96 406
57 97 412
57 98 408
57 99 418
57 100 414
57 101 163
58 1 2
58 2 2
58 3 2
58 4 2
58 5 2
58 6 2
58 7 2
58 8 2
58 9 2
58 10 2
58 11 2
58 12 2
58 13 2
58 14 2
58 15 2
58 16 2
58 17 2
58 18 2
58 19 2
58 20 2
58 21 2
58 22 2
58 23 2
58 24 2
58 25 2
58 26 2
58 27 2
58 28 2
58 29 2
58 30 2
58 31 2
58 32 2
58 33 2
58 34 2
58 35 2
58 36 2
58 37 2
58 38 2
58 39 2
58 40 2
58 41 2
58 42 2
58 43 2
58 44 2
58 45 2
58 46 2
58 47 2
58 48 2
58 49 2
58 50 2
58 51 2
58 52 2
58 53 2
58 54 2
58 55 2
58 56 2
58 57 2
58 58 383
58 59 382
58 60 380
58 61 382
58 62 376
58 63 374
58 64 377
58 65 382
58 66 382
58 67 376
58 68 381
58 69 383
58 70 376
58 71 378
58 72 379
58 73 377
58 74 379
58 75 373
58 76 376
58 77 380
58 78 374
58 79 379
58 80 373
58 81 382
58 82 378
58 83 372
58 84 372
58 85 373
58 86 376
58 87 376
58 88 368
58 89 374
58 90 375
58 91 375
58 92 373
58 93 367
58 94 372
58 95 373
58 96 371
58 97 374
58 98 368
58 99 376
58 100 370
58 101 133
59 1 2
59 2 2
59 3 2
59 4 2
59 5 2
59 6 2
59 7 2
59 8 2
59 9 2
59 10 2
59 11 2
59 12 2
59 13 2
59 14 2
59 15 2
59 16 2
59 17 2
59 18 2
59 19 2
59 20 2
59 21 2
59 22 2
59 23 2
59 24 2
59 25 2
59 26 2
59 27 2
59 28 2
59 29 2
59 30 2
59 31 2
59 32 2
59 33 2
59 34 2
59 35 2
59 36 2
59 37 2
59 38 2
59 39 2
59 40 2
59 41 2
59 42 2
59 43 2
59 44 2
59 45 2
59 46 2
59 47 2
59 48 2
59 49 2
59 50 2
59 51 2
59 52 2
59 53 2
59 54 2
59 55 2
59 56 2
59 57 2
59 58 2
59 59 425
59 60 424
59 61 424
59 62 420
59 63 421
59 64 420
59 65 424
59 66 423
59 67 418
59 68 422
59 69 422
59 70 419
59 71 419
59 72 421
59 73 420
59 74 424
59 75 415
59 76 419
59 77 425
59 78 418
59 79 418
59 80 418
59 81 424
59 82 419
59 83 419
59 84 421
59 85 423
59 86 420
59 87 414
59 88 418
59 89 420
59 90 424
59 91 420
59 92 412
59 93 418
59 94 419
59 95 422
59 96 423
59 97 422
59 98 417
59 99 424
59 100 420
59 101 167
60 1 2
60 2 2
60 3 2
60 4 2
60 5 2
60 6 2
60 7 2
60 8 2
60 9 2
60 10 2
60 11 2
60 12 2
60 13 2
60 14 2
60 15 2
60 16 2
60 17 2
60 18 2
60 19 2
60 20 2
60 21 2
60 22 2
60 23 2
60 24 2
60 25 2
60 26 2
60 27 2
60 28 2
60 29 2
60 30 2
60 31 2
60 32 2
60 33 2
60 34 2
60 35 2
60 36 2
60 37 2
60 38 2
60 39 2
60 40 2
60 41 2
60 42 2
60 43 2
60 44 2
60 45 2
60 46 2
60 47 2
60 48 2
60 49 2
60 50 2
60 51 2
60 52 2
60 53 2
60 54 2
60 55 2
60 56 2
60 57 2
60 58 2
60 59 2
60 60 245
60 61 246
60 62 243
60 63 240
60 64 245
60 65 243
60 66 242
60 67 240
60 68 241
60 69 244
60 70 240
60 71 239
60 72 237
60 73 237
60 74 240
60 75 242
60 76 239
60 77 239
60 78 245
60 79 241
60 80 238
60 81 242
60 82 234
60 83 238
60 84 243
60 85 239
60 86 243
60 87 233
60 88 241
60 89 234
60 90 236
60 91 244
60 92 238
60 93 237
60 94 236
60 95 242
60 96 239
60 97 241
60 98 239
60 99 247
60 100 243
60 101 119
61 1 2
61 2 2
61 3 2
61 4 2
61 5 2
61 6 2
61 7 2
61 8 2
61 9 2
61 10 2
61 11 2
61 12 2
61 13 2
61 14 2
61 15 2
61 16 2
61 17 2
61 18 2
61 19 2
61 20 2
61 21 2
61 22 2
61 23 2
61 24 2
61 25 2
61 26 2
61 27 2
61 28 2
61 29 2
61 30 2
61 31 2
61 32 2
61 33 2
61 34 2
61 35 2
61 36 2
61 37 2
61 38 2
61 39 2
61 40 2
61 41 2
61 42 2
61 43 2
61 44 2
61 45 2
61 46 2
61 47 2
61 48 2
61 49 2
61 50 2
61 51 2
61 52 2
61 53 2
61 54 2
61 55 2
61 56 2
61 57 2
61 58 2
61 59 2
61 60 2
61 61 440
61 62 434
61 63 434
61 64 436
61 65 440
61 66 439
61 67 434
61 68 434
61 69 439
61 70 433
61 71 434
61 72 438
61 73 434
61 74 433
61 75 433
61 76 434
61 77 436
61 78 431
61 79 434
61 80 431
61 81 435
61 82 435
61 83 433
61 84 432
61 85 431
61 86 430
61 87 432
61 88 427
61 89 433
61 90 428
61 91 431
61 92 427
61 93 424
61 94 426
61 95 432
61 96 430
61 97 432
61 98 430
61 99 437
61 100 432
61 101 173
62 1 2
62 2 2
62 3 2
62 4 2
62 5 2
62 6 2
62 7 2
62 8 2
62 9 2
62 10 2
62 11 2
62 12 2
62 13 2
62 14 2
62 15 2
62 16 2
62 17 2
62 18 2
62 19 2
62 20 2
62 21 2
62 22 2
62 23 2
62 24 2
62 25 2
62 26 2
62 27 2
62 28 2
62 29 2
62 30 2
62 31 2
62 32 2
62 33 2
62 34 2
62 35 2
62 36 2
62 37 2
62 38 2
62 39 2
62 40 2
62 41 2
62 42 2
62 43 2
62 44 2
62 45 2
62 46 2
62 47 2
62 48 2
62 49 2
62 50 2
62 51 2
62 52 2
62 53 2
62 54 2
62 55 2
62 56 2
62 57 2
62 58 2
62 59 2
62 60 2
62 61 2
62 62 404
62 63 405
62 64 406
62 65 411
62 66 410
62 67 404
62 68 405
62 69 412
62 70 406
62 71 405
62 72 404
62 73 408
62 74 406
62 75 405
62 76 407
62 77 413
62 78 403
62 79 410
62 80 404
62 81 407
62 82 403
62 83 401
62 84 404
62 85 406
62 86 404
62 87 398
62 88 400
62 89 404
62 90 397
62 91 401
62 92 403
62 93 403
62 94 398
62 95 402
62 96 406
62 97 406
62 98 400
62 99 409
62 100 400
62 101 141
63 1 2
63 2 2
63 3 2
63 4 2
63 5 2
63 6 2
63 7 2
63 8 2
63 9 2
63 10 2
63 11 2
63 12 2
63 13 2
63 14 2
63 15 2
63 16 2
63 17 2
63 18 2
63 19 2
63 20 2
63 21 2
63 22 2
63 23 2
63 24 2
63 25 2
63 26 2
63 27 2
63 28 2
63 29 2
63 30 2
63 31 2
63 32 2
63 33 2
63 34 2
63 35 2
63 36 2
63 37 2
63 38 2
63 39 2
63 40 2
63 41 2
63 42 2
63 43 2
63 44 2
63 45 2
63 46 2
63 47 2
63 48 2
63 49 2
63 50 2
63 51 2
63 52 2
63 53 2
63 54 2
63 55 2
63 56 2
63 57 2
63 58 2
63 59 2
63 60 2
63 61 2
63 62 2
63 63 449
63 64 452
63 65 456
63 66 454
63 67 450
63 68 450
63 69 452
63 70 452
63 71 450
63 72 448
63 73 451
63 74 448
63 75 450
63 76 452
63 77 452
63 78 453
63 79 451
63 80 448
63 81 456
63 82 448
63 83 445
63 84 449
63 85 451
63 86 447
63 87 445
63 88 448
63 89 448
63 90 442
63 91 450
63 92 446
63 93 443
63 94 442
63 95 443
63 96 444
63 97 447
63 98 446
63 99 452
63 100 448
63 101 178
64 1 2
64 2 2
64 3 2
64 4 2
64 5 2
64 6 2
64 7 2
64 8 2
64 9 2
64 10 2
64 11 2
64 12 2
64 13 2
64 14 2
64 15 2
64 16 2
64 17 2
64 18 2
64 19 2
64 20 2
64 21 2
64 22 2
64 23 2
64 24 2
64 25 2
64 26 2
64 27 2
64 28 2
64 29 2
64 30 2
64 31 2
64 32 2
64 33 2
64 34 2
64 35 2
64 36 2
64 37 2
64 38 2
64 39 2
64 40 2
64 41 2
64 42 2
64 43 2
64 44 2
64 45 2
64 46 2
64 47 2
64 48 2
64 49 2
64 50 2
64 51 2
64 52 2
64 53 2
64 54 2
64 55 2
64 56 2
64 57 2
64 58 2
64 59 2
64 60 2
64 61 2
64 62 2
64 63 2
64 64 352
64 65 350
64 66 351
64 67 348
64 68 347
64 69 350
64 70 346
64 71 347
64 72 345
64 73 344
64 74 344
64 75 347
64 76 346
64 77 350
64 78 350
64 79 346
64 80 343
64 81 350
64 82 344
64 83 342
64 84 342
64 85 345
64 86 345
64 87 345
64 88 346
64 89 339
64 90 343
64 91 350
64 92 342
64 93 338
64 94 347
64 95 341
64 96 342
64 97 343
64 98 341
64 99 343
64 100 347
64 101 145
65 1 2
65 2 2
65 3 2
65 4 2
65 5 2
65 6 2
65 7 2
65 8 2
65 9 2
65 10 2
65 11 2
65 12 2
65 13 2
65 14 2
65 15 2
65 16 2
65 17 2
65 18 2
65 19 2
65 20 2
65 21 2
65 22 2
65 23 2
65 24 2
65 25 2
65 26 2
65 27 2
65 28 2
65 29 2
65 30 2
65 31 2
65 32 2
65 33 2
65 34 2
65 35 2
65 36 2
65 37 2
65 38 2
65 39 2
65 40 2
65 41 2
65 42 2
65 43 2
65 44 2
65 45 2
65 46 2
65 47 2
65 48 2
65 49 2
65 50 2
65 51 2
65 52 2
65 53 2
65 54 2
65 55 2
65 56 2
65 57 2
65 58 2
65 59 2
65 60 2
65 61 2
65 62 2
65 63 2
65 64 2
65 65 381
65 66 381
65 67 377
65 68 378
65 69 379
65 70 375
65 71 376
65 72 375
65 73 375
65 74 376
65 75 372
65 76 375
65 77 375
65 78 375
65 79 374
65 80 372
65 81 373
65 82 373
65 83 375
65 84 372
65 85 373
65 86 376
65 87 374
65 88 377
65 89 374
65 90 375
65 91 383
65 92 372
65 93 369
65 94 375
65 95 378
65 96 372
65 97 377
65 98 369
65 99 381
65 100 373
65 101 166
66 1 2
66 2 2
66 3 2
66 4 2
66 5 2
66 6 2
66 7 2
66 8 2
66 9 2
66 10 2
66 11 2
66 12 2
66 13 2
66 14 2
66 15 2
66 16 2
66 17 2
66 18 2
66 19 2
66 20 2
66 21 2
66 22 2
66 23 2
66 24 2
66 25 2
66 26 2
66 27 2
66 28 2
66 29 2
66 30 2
66 31 2
66 32 2
66 33 2
66 34 2
66 35 2
66 36 2
66 37 2
66 38 2
66 39 2
66 40 2
66 41 2
66 42 2
66 43 2
66 44 2
66 45 2
66 46 2
66 47 2
66 48 2
66 49 2
66 50 2
66 51 2
66 52 2
66 53 2
66 54 2
66 55 2
66 56 2
66 57 2
66 58 2
66 59 2
66 60 2
66 61 2
66 62 2
66 63 2
66 64 2
66 65 2
66 66 440
66 67 437
66 68 440
66 69 441
66 70 434
66 71 435
66 72 433
66 73 434
66 74 433
66 75 433
66 76 433
66 77 436
66 78 433
66 79 435
66 80 431
66 81 434
66 82 430
66 83 430
66 84 430
66 85 433
66 86 434
66 87 432
66 88 432
66 89 434
66 90 432
66 91 440
66 92 431
66 93 425
66 94 435
66 95 431
66 96 430
66 97 434
66 98 430
66 99 440
66 100 438
66 101 151
67 1 2
67 2 2
67 3 2
67 4 2
67 5 2
67 6 2
67 7 2
67 8 2
67 9 2
67 10 2
67 11 2
67 12 2
67 13 2
67 14 2
67 15 2
67 16 2
67 17 2
67 18 2
67 19 2
67 20 2
67 21 2
67 22 2
67 23 2
67 24 2
67 25 2
67 26 2
67 27 2
67 28 2
67 29 2
67 30 2
67 31 2
67 32 2
67 33 2
67 34 2
67 35 2
67 36 2
67 37 2
67 38 2
67 39 2
67 40 2
67 41 2
67 42 2
67 43 2
67 44 2
67 45 2
67 46 2
67 47 2
67 48 2
67 49 2
67 50 2
67 51 2
67 52 2
67 53 2
67 54 2
67 55 2
67 56 2
67 57 2
67 58 2
67 59 2
67 60 2
67 61 2
67 62 2
67 63 2
67 64 2
67 65 2
67 66 2
67 67 484
67 68 485
67 69 486
67 70 483
67 71 484
67 72 481
67 73 481
67 74 482
67 75 482
67 76 482
67 77 483
67 78 486
67 79 483
67 80 478
67 81 485
67 82 481
67 83 480
67 84 478
67 85 484
67 86 484
67 87 479
67 88 481
67 89 477
67 90 480
67 91 482
67 92 473
67 93 471
67 94 480
67 95 487
67 96 483
67 97 487
67 98 479
67 99 482
67 100 480
67 101 192
68 1 2
68 2 2
68 3 2
68 4 2
68 5 2
68 6 2
68 7 2
68 8 2
68 9 2
68 10 2
68 11 2
68 12 2
68 13 2
68 14 2
68 15 2
68 16 2
68 17 2
68 18 2
68 19 2
68 20 2
68 21 2
68 22 2
68 23 2
68 24 2
68 25 2
68 26 2
68 27 2
68 28 2
68 29 2
68 30 2
68 31 2
68 32 2
68 33 2
68 34 2
68 35 2
68 36 2
68 37 2
68 38 2
68 39 2
68 40 2
68 41 2
68 42 2
68 43 2
68 44 2
68 45 2
68 46 2
68 47 2
68 48 2
68 49 2
68 50 2
68 51 2
68 52 2
68 53 2
68 54 2
68 55 2
68 56 2
68 57 2
68 58 2
68 59 2
68 60 2
68 61 2
68 62 2
68 63 2
68 64 2
68 65 2
68 66 2
68 67 2
68 68 373
68 69 373
68 70 372
68 71 372
68 72 370
68 73 368
68 74 369
68 75 368
68 76 370
68 77 371
68 78 369
68 79 369
68 80 370
68 81 371
68 82 370
68 83 365
68 84 373
68 85 370
68 86 368
68 87 368
68 88 371
68 89 371
68 90 363
68 91 374
68 92 363
68 93 362
68 94 373
68 95 370
68 96 374
68 97 371
68 98 363
68 99 372
68 100 366
68 101 155
69 1 2
69 2 2
69 3 2
69 4 2
69 5 2
69 6 2
69 7 2
69 8 2
69 9 2
69 10 2
69 11 2
69 12 2
69 13 2
69 14 2
69 15 2
69 16 2
69 17 2
69 18 2
69 19 2
69 20 2
69 21 2
69 22 2
69 23 2
69 24 2
69 25 2
69 26 2
69 27 2
69 28 2
69 29 2
69 30 2
69 31 2
69 32 2
69 33 2
69 34 2
69 35 2
69 36 2
69 37 2
69 38 2
69 39 2
69 40 2
69 41 2
69 42 2
69 43 2
69 44 2
69 45 2
69 46 2
69 47 2
69 48 2
69 49 2
69 50 2
69 51 2
69 52 2
69 53 2
69 54 2
69 55 2
69 56 2
69 57 2
69 58 2
69 59 2
69 60 2
69 61 2
69 62 2
69 63 2
69 64 2
69 65 2
69 66 2
69 67 2
69 68 2
69 69 501
69 70 498
69 71 499
69 72 492
69 73 497
69 74 496
69 75 495
69 76 497
69 77 496
69 78 494
69 79 494
69 80 491
69 81 496
69 82 492
69 83 494
69 84 492
69 85 491
69 86 493
69 87 495
69 88 492
69 89 494
69 90 489
69 91 499
69 92 489
69 93 487
69 94 493
69 95 494
69 96 494
69 97 496
69 98 491
69 99 497
69 100 495
69 101 197
70 1 2
70 2 2
70 3 2
70 4 2
70 5 2
70 6 2
70 7 2
70 8 2
70 9 2
70 10 2
70 11 2
70 12 2
70 13 2
70 14 2
70 15 2
70 16 2
70 17 2
70 18 2
70 19 2
70 20 2
70 21 2
70 22 2
70 23 2
70 24 2
70 25 2
70 26 2
70 27 2
70 28 2
70 29 2
70 30 2
70 31 2
70 32 2
70 33 2
70 34 2
70 35 2
70 36 2
70 37 2
70 38 2
70 39 2
70 40 2
70 41 2
70 42 2
70 43 2
70 44 2
70 45 2
70 46 2
70 47 2
70 48 2
70 49 2
70 50 2
70 51 2
70 52 2
70 53 2
70 54 2
70 55 2
70 56 2
70 57 2
70 58 2
70 59 2
70 60 2
70 61 2
70 62 2
70 63 2
70 64 2
70 65 2
70 66 2
70 67 2
70 68 2
70 69 2
70 70 366
70 71 368
70 72 360
70 73 366
70 74 365
70 75 363
70 76 364
70 77 364
70 78 361
70 79 363
70 80 360
70 81 364
70 82 359
70 83 365
70 84 364
70 85 360
70 86 362
70 87 362
70 88 359
70 89 364
70 90 360
70 91 365
70 92 356
70 93 355
70 94 367
70 95 361
70 96 357
70 97 364
70 98 354
70 99 366
70 100 360
70 101 139
71 1 2
71 2 2
71 3 2
71 4 2
71 5 2
71 6 2
71 7 2
71 8 2
71 9 2
71 10 2
71 11 2
71 12 2
71 13 2
71 14 2
71 15 2
71 16 2
71 17 2
71 18 2
71 19 2
71 20 2
71 21 2
71 22 2
71 23 2
71 24 2
71 25 2
71 26 2
71 27 2
71 28 2
71 29 2
71 30 2
71 31 2
71 32 2
71 33 2
71 34 2
71 35 2
71 36 2
71 37 2
71 38 2
71 39 2
71 40 2
71 41 2
71 42 2
71 43 2
71 44 2
71 45 2
71 46 2
71 47 2
71 48 2
71 49 2
71 50 2
71 51 2
71 52 2
71 53 2
71 54 2
71 55 2
71 56 2
71 57 2
71 58 2
71 59 2
71 60 2
71 61 2
71 62 2
71 63 2
71 64 2
71 65 2
71 66 2
71 67 2
71 68 2
71 69 2
71 70 2
71 71 516
71 72 509
71 73 514
71 74 513
71 75 512
71 76 511
71 77 511
71 78 510
71 79 512
71 80 507
71 81 513
71 82 510
71 83 508
71 84 507
71 85 509
71 86 511
71 87 508
71 88 506
71 89 509
71 90 505
71 91 515
71 92 504
71 93 505
71 94 513
71 95 513
71 96 507
71 97 513
71 98 507
71 99 508
71 100 508
71 101 203
72 1 2
72 2 2
72 3 2
72 4 2
72 5 2
72 6 2
72 7 2
72 8 2
72 9 2
72 10 2
72 11 2
72 12 2
72 13 2
72 14 2
72 15 2
72 16 2
72 17 2
72 18 2
72 19 2
72 20 2
72 21 2
72 22 2
72 23 2
72 24 2
72 25 2
72 26 2
72 27 2
72 28 2
72 29 2
72 30 2
72 31 2
72 32 2
72 33 2
72 34 2
72 35 2
72 36 2
72 37 2
72 38 2
72 39 2
72 40 2
72 41 2
72 42 2
72 43 2
72 44 2
72 45 2
72 46 2
72 47 2
72 48 2
72 49 2
72 50 2
72 51 2
72 52 2
72 53 2
72 54 2
72 55 2
72 56 2
72 57 2
72 58 2
72 59 2
72 60 2
72 61 2
72 62 2
72 63 2
72 64 2
72 65 2
72 66 2
72 67 2
72 68 2
72 69 2
72 70 2
72 71 2
72 72 395
72 73 394
72 74 394
72 75 393
72 76 395
72 77 394
72 78 391
72 79 392
72 80 391
72 81 395
72 82 387
72 83 392
72 84 389
72 85 391
72 86 389
72 87 386
72 88 390
72 89 392
72 90 390
72 91 391
72 92 385
72 93 387
72 94 388
72 95 392
72 96 392
72 97 391
72 98 392
72 99 390
72 100 392
72 101 165
73 1 2
73 2 2
73 3 2
73 4 2
73 5 2
73 6 2
73 7 2
73 8 2
73 9 2
73 10 2
73 11 2
73 12 2
73 13 2
73 14 2
73 15 2
73 16 2
73 17 2
73 18 2
73 19 2
73 20 2
73 21 2
73 22 2
73 23 2
73 24 2
73 25 2
73 26 2
73 27 2
73 28 2
73 29 2
73 30 2
73 31 2
73 32 2
73 33 2
73 34 2
73 35 2
73 36 2
73 37 2
73 38 2
73 39 2
73 40 2
73 41 2
73 42 2
73 43 2
73 44 2
73 45 2
73 46 2
73 47 2
73 48 2
73 49 2
73 50 2
73 51 2
73 52 2
73 53 2
73 54 2
73 55 2
73 56 2
73 57 2
73 58 2
73 59 2
73 60 2
73 61 2
73 62 2
73 63 2
73 64 2
73 65 2
73 66 2
73 67 2
73 68 2
73 69 2
73 70 2
73 71 2
73 72 2
73 73 529
73 74 530
73 75 527
73 76 529
73 77 527
73 78 526
73 79 524
73 80 523
73 81 526
73 82 524
73 83 523
73 84 523
73 85 522
73 86 527
73 87 521
73 88 516
73 89 523
73 90 520
73 91 522
73 92 520
73 93 519
73 94 525
73 95 525
73 96 526
73 97 524
73 98 518
73 99 522
73 100 521
73 101 209
74 1 2
74 2 2
74 3 2
74 4 2
74 5 2
74 6 2
74 7 2
74 8 2
74 9 2
74 10 2
74 11 2
74 12 2
74 13 2
74 14 2
74 15 2
74 16 2
74 17 2
74 18 2
74 19 2
74 20 2
74 21 2
74 22 2
74 23 2
74 24 2
74 25 2
74 26 2
74 27 2
74 28 2
74 29 2
74 30 2
74 31 2
74 32 2
74 33 2
74 34 2
74 35 2
74 36 2
74 37 2
74 38 2
74 39 2
74 40 2
74 41 2
74 42 2
74 43 2
74 44 2
74 45 2
74 46 2
74 47 2
74 48 2
74 49 2
74 50 2
74 51 2
74 52 2
74 53 2
74 54 2
74 55 2
74 56 2
74 57 2
74 58 2
74 59 2
74 60 2
74 61 2
74 62 2
74 63 2
74 64 2
74 65 2
74 66 2
74 67 2
74 68 2
74 69 2
74 70 2
74 71 2
74 72 2
74 73 2
74 74 492
74 75 490
74 76 492
74 77 492
74 78 490
74 79 489
74 80 486
74 81 491
74 82 486
74 83 487
74 84 485
74 85 486
74 86 487
74 87 484
74 88 480
74 89 485
74 90 482
74 91 484
74 92 482
74 93 481
74 94 484
74 95 482
74 96 485
74 97 484
74 98 482
74 99 482
74 100 482
74 101 169
75 1 2
75 2 2
75 3 2
75 4 2
75 5 2
75 6 2
75 7 2
75 8 2
75 9 2
75 10 2
75 11 2
75 12 2
75 13 2
75 14 2
75 15 2
75 16 2
75 17 2
75 18 2
75 19 2
75 20 2
75 21 2
75 22 2
75 23 2
75 24 2
75 25 2
75 26 2
75 27 2
75 28 2
75 29 2
75 30 2
75 31 2
75 32 2
75 33 2
75 34 2
75 35 2
75 36 2
75 37 2
75 38 2
75 39 2
75 40 2
75 41 2
75 42 2
75 43 2
75 44 2
75 45 2
75 46 2
75 47 2
75 48 2
75 49 2
75 50 2
75 51 2
75 52 2
75 53 2
75 54 2
75 55 2
75 56 2
75 57 2
75 58 2
75 59 2
75 60 2
75 61 2
75 62 2
75 63 2
75 64 2
75 65 2
75 66 2
75 67 2
75 68 2
75 69 2
75 70 2
75 71 2
75 72 2
75 73 2
75 74 2
75 75 314
75 76 313
75 77 313
75 78 312
75 79 310
75 80 307
75 81 310
75 82 310
75 83 307
75 84 307
75 85 306
75 86 310
75 87 305
75 88 305
75 89 306
75 90 305
75 91 309
75 92 303
75 93 304
75 94 306
75 95 306
75 96 301
75 97 310
75 98 305
75 99 303
75 100 305
75 101 191
76 1 2
76 2 2
76 3 2
76 4 2
76 5 2
76 6 2
76 7 2
76 8 2
76 9 2
76 10 2
76 11 2
76 12 2
76 13 2
76 14 2
76 15 2
76 16 2
76 17 2
76 18 2
76 19 2
76 20 2
76 21 2
76 22 2
76 23 2
76 24 2
76 25 2
76 26 2
76 27 2
76 28 2
76 29 2
76 30 2
76 31 2
76 32 2
76 33 2
76 34 2
76 35 2
76 36 2
76 37 2
76 38 2
76 39 2
76 40 2
76 41 2
76 42 2
76 43 2
76 44 2
76 45 2
76 46 2
76 47 2
76 48 2
76 49 2
76 50 2
76 51 2
76 52 2
76 53 2
76 54 2
76 55 2
76 56 2
76 57 2
76 58 2
76 59 2
76 60 2
76 61 2
76 62 2
76 63 2
76 64 2
76 65 2
76 66 2
76 67 2
76 68 2
76 69 2
76 70 2
76 71 2
76 72 2
76 73 2
76 74 2
76 75 2
76 76 421
76 77 418
76 78 416
76 79 415
76 80 416
76 81 415
76 82 415
76 83 412
76 84 412
76 85 413
76 86 412
76 87 410
76 88 409
76 89 409
76 90 410
76 91 410
76 92 410
76 93 408
76 94 407
76 95 413
76 96 411
76 97 407
76 98 406
76 99 409
76 100 410
76 101 176
77 1 2
77 2 2
77 3 2
77 4 2
77 5 2
77 6 2
77 7 2
77 8 2
77 9 2
77 10 2
77 11 2
77 12 2
77 13 2
77 14 2
77 15 2
77 16 2
77 17 2
77 18 2
77 19 2
77 20 2
77 21 2
77 22 2
77 23 2
77 24 2
77 25 2
77 26 2
77 27 2
77 28 2
77 29 2
77 30 2
77 31 2
77 32 2
77 33 2
77 34 2
77 35 2
77 36 2
77 37 2
77 38 2
77 39 2
77 40 2
77 41 2
77 42 2
77 43 2
77 44 2
77 45 2
77 46 2
77 47 2
77 48 2
77 49 2
77 50 2
77 51 2
77 52 2
77 53 2
77 54 2
77 55 2
77 56 2
77 57 2
77 58 2
77 59 2
77 60 2
77 61 2
77 62 2
77 63 2
77 64 2
77 65 2
77 66 2
77 67 2
77 68 2
77 69 2
77 70 2
77 71 2
77 72 2
77 73 2
77 74 2
77 75 2
77 76 551
77 77 554
77 78 550
77 79 547
77 80 546
77 81 550
77 82 547
77 83 550
77 84 544
77 85 545
77 86 548
77 87 544
77 88 538
77 89 543
77 90 551
77 91 550
77 92 542
77 93 539
77 94 540
77 95 545
77 96 548
77 97 548
77 98 542
77 99 550
77 100 543
77 101 218
78 1 2
78 2 2
78 3 2
78 4 2
78 5 2
78 6 2
78 7 2
78 8 2
78 9 2
78 10 2
78 11 2
78 12 2
78 13 2
78 14 2
78 15 2
78 16 2
78 17 2
78 18 2
78 19 2
78 20 2
78 21 2
78 22 2
78 23 2
78 24 2
78 25 2
78 26 2
78 27 2
78 28 2
78 29 2
78 30 2
78 31 2
78 32 2
78 33 2
78 34 2
78 35 2
78 36 2
78 37 2
78 38 2
78 39 2
78 40 2
78 41 2
78 42 2
78 43 2
78 44 2
78 45 2
78 46 2
78 47 2
78 48 2
78 49 2
78 50 2
78 51 2
78 52 2
78 53 2
78 54 2
78 55 2
78 56 2
78 57 2
78 58 2
78 59 2
78 60 2
78 61 2
78 62 2
78 63 2
78 64 2
78 65 2
78 66 2
78 67 2
78 68 2
78 69 2
78 70 2
78 71 2
78 72 2
78 73 2
78 74 2
78 75 2
78 76 504
78 77 506
78 78 501
78 79 499
78 80 499
78 81 502
78 82 498
78 83 499
78 84 496
78 85 498
78 86 497
78 87 495
78 88 492
78 89 496
78 90 495
78 91 499
78 92 492
78 93 494
78 94 492
78 95 500
78 96 497
78 97 503
78 98 494
78 99 494
78 100 495
78 101 172
79 1 2
79 2 2
79 3 2
79 4 2
79 5 2
79 6 2
79 7 2
79 8 2
79 9 2
79 10 2
79 11 2
79 12 2
79 13 2
79 14 2
79 15 2
79 16 2
79 17 2
79 18 2
79 19 2
79 20 2
79 21 2
79 22 2
79 23 2
79 24 2
79 25 2
79 26 2
79 27 2
79 28 2
79 29 2
79 30 2
79 31 2
79 32 2
79 33 2
79 34 2
79 35 2
79 36 2
79 37 2
79 38 2
79 39 2
79 40 2
79 41 2
79 42 2
79 43 2
79 44 2
79 45 2
79 46 2
79 47 2
79 48 2
79 49 2
79 50 2
79 51 2
79 52 2
79 53 2
79 54 2
79 55 2
79 56 2
79 57 2
79 58 2
79 59 2
79 60 2
79 61 2
79 62 2
79 63 2
79 64 2
79 65 2
79 66 2
79 67 2
79 68 2
79 69 2
79 70 2
79 71 2
79 72 2
79 73 2
79 74 2
79 75 2
79 76 548
79 77 551
79 78 552
79 79 552
79 80 547
79 81 553
79 82 548
79 83 546
79 84 543
79 85 548
79 86 547
79 87 541
79 88 537
79 89 544
79 90 542
79 91 541
79 92 543
79 93 543
79 94 539
79 95 541
79 96 543
79 97 543
79 98 541
79 99 542
79 100 541
79 101 221
80 1 2
80 2 2
80 3 2
80 4 2
80 5 2
80 6 2
80 7 2
80 8 2
80 9 2
80 10 2
80 11 2
80 12 2
80 13 2
80 14 2
80 15 2
80 16 2
80 17 2
80 18 2
80 19 2
80 20 2
80 21 2
80 22 2
80 23 2
80 24 2
80 25 2
80 26 2
80 27 2
80 28 2
80 29 2
80 30 2
80 31 2
80 32 2
80 33 2
80 34 2
80 35 2
80 36 2
80 37 2
80 38 2
80 39 2
80 40 2
80 41 2
80 42 2
80 43 2
80 44 2
80 45 2
80 46 2
80 47 2
80 48 2
80 49 2
80 50 2
80 51 2
80 52 2
80 53 2
80 54 2
80 55 2
80 56 2
80 57 2
80 58 2
80 59 2
80 60 2
80 61 2
80 62 2
80 63 2
80 64 2
80 65 2
80 66 2
80 67 2
80 68 2
80 69 2
80 70 2
80 71 2
80 72 2
80 73 2
80 74 2
80 75 2
80 76 308
80 77 308
80 78 304
80 79 303
80 80 308
80 81 303
80 82 299
80 83 300
80 84 300
80 85 301
80 86 300
80 87 298
80 88 296
80 89 297
80 90 298
80 91 298
80 92 296
80 93 298
80 94 298
80 95 302
80 96 302
80 97 296
80 98 294
80 99 298
80 100 297
80 101 145
81 1 2
81 2 2
81 3 2
81 4 2
81 5 2
81 6 2
81 7 2
81 8 2
81 9 2
81 10 2
81 11 2
81 12 2
81 13 2
81 14 2
81 15 2
81 16 2
81 17 2
81 18 2
81 19 2
81 20 2
81 21 2
81 22 2
81 23 2
81 24 2
81 25 2
81 26 2
81 27 2
81 28 2
81 29 2
81 30 2
81 31 2
81 32 2
81 33 2
81 34 2
81 35 2
81 36 2
81 37 2
81 38 2
81 39 2
81 40 2
81 41 2
81 42 2
81 43 2
81 44 2
81 45 2
81 46 2
81 47 2
81 48 2
81 49 2
81 50 2
81 51 2
81 52 2
81 53 2
81 54 2
81 55 2
81 56 2
81 57 2
81 58 2
81 59 2
81 60 2
81 61 2
81 62 2
81 63 2
81 64 2
81 65 2
81 66 2
81 67 2
81 68 2
81 69 2
81 70 2
81 71 2
81 72 2
81 73 2
81 74 2
81 75 2
81 76 548
81 77 552
81 78 551
81 79 549
81 80 547
81 81 550
81 82 548
81 83 545
81 84 540
81 85 548
81 86 547
81 87 539
81 88 539
81 89 544
81 90 541
81 91 545
81 92 542
81 93 540
81 94 541
81 95 543
81 96 545
81 97 546
81 98 537
81 99 546
81 100 546
81 101 218
82 1 2
82 2 2
82 3 2
82 4 2
82 5 2
82 6 2
82 7 2
82 8 2
82 9 2
82 10 2
82 11 2
82 12 2
82 13 2
82 14 2
82 15 2
82 16 2
82 17 2
82 18 2
82 19 2
82 20 2
82 21 2
82 22 2
82 23 2
82 24 2
82 25 2
82 26 2
82 27 2
82 28 2
82 29 2
82 30 2
82 31 2
82 32 2
82 33 2
82 34 2
82 35 2
82 36 2
82 37 2
82 38 2
82 39 2
82 40 2
82 41 2
82 42 2
82 43 2
82 44 2
82 45 2
82 46 2
82 47 2
82 48 2
82 49 2
82 50 2
82 51 2
82 52 2
82 53 2
82 54 2
82 55 2
82 56 2
82 57 2
82 58 2
82 59 2
82 60 2
82 61 2
82 62 2
82 63 2
82 64 2
82 65 2
82 66 2
82 67 2
82 68 2
82 69 2
82 70 2
82 71 2
82 72 2
82 73 2
82 74 2
82 75 2
82 76 500
82 77 503
82 78 498
82 79 497
82 80 498
82 81 497
82 82 498
82 83 496
82 84 493
82 85 496
82 86 496
82 87 492
82 88 487
82 89 492
82 90 492
82 91 497
82 92 493
82 93 490
82 94 489
82 95 493
82 96 490
82 97 493
82 98 489
82 99 491
82 100 489
82 101 169
83 1 2
83 2 2
83 3 2
83 4 2
83 5 2
83 6 2
83 7 2
83 8 2
83 9 2
83 10 2
83 11 2
83 12 2
83 13 2
83 14 2
83 15 2
83 16 2
83 17 2
83 18 2
83 19 2
83 20 2
83 21 2
83 22 2
83 23 2
83 24 2
83 25 2
83 26 2
83 27 2
83 28 2
83 29 2
83 30 2
83 31 2
83 32 2
83 33 2
83 34 2
83 35 2
83 36 2
83 37 2
83 38 2
83 39 2
83 40 2
83 41 2
83 42 2
83 43 2
83 44 2
83 45 2
83 46 2
83 47 2
83 48 2
83 49 2
83 50 2
83 51 2
83 52 2
83 53 2
83 54 2
83 55 2
83 56 2
83 57 2
83 58 2
83 59 2
83 60 2
83 61 2
83 62 2
83 63 2
83 64 2
83 65 2
83 66 2
83 67 2
83 68 2
83 69 2
83 70 2
83 71 2
83 72 2
83 73 2
83 74 2
83 75 2
83 76 545
83 77 545
83 78 544
83 79 542
83 80 543
83 81 544
83 82 543
83 83 543
83 84 540
83 85 541
83 86 541
83 87 541
83 88 532
83 89 537
83 90 541
83 91 542
83 92 538
83 93 534
83 94 532
83 95 538
83 96 537
83 97 542
83 98 538
83 99 538
83 100 538
83 101 212
84 1 2
84 2 2
84 3 2
84 4 2
84 5 2
84 6 2
84 7 2
84 8 2
84 9 2
84 10 2
84 11 2
84 12 2
84 13 2
84 14 2
84 15 2
84 16 2
84 17 2
84 18 2
84 19 2
84 20 2
84 21 2
84 22 2
84 23 2
84 24 2
84 25 2
84 26 2
84 27 2
84 28 2
84 29 2
84 30 2
84 31 2
84 32 2
84 33 2
84 34 2
84 35 2
84 36 2
84 37 2
84 38 2
84 39 2
84 40 2
84 41 2
84 42 2
84 43 2
84 44 2
84 45 2
84 46 2
84 47 2
84 48 2
84 49 2
84 50 2
84 51 2
84 52 2
84 53 2
84 54 2
84 55 2
84 56 2
84 57 2
84 58 2
84 59 2
84 60 2
84 61 2
84 62 2
84 63 2
84 64 2
84 65 2
84 66 2
84 67 2
84 68 2
84 69 2
84 70 2
84 71 2
84 72 2
84 73 2
84 74 2
84 75 2
84 76 410
84 77 410
84 78 408
84 79 405
84 80 414
84 81 409
84 82 409
84 83 411
84 84 412
84 85 408
84 86 409
84 87 409
84 88 405
84 89 408
84 90 408
84 91 410
84 92 408
84 93 403
84 94 406
84 95 415
84 96 412
84 97 410
84 98 403
84 99 411
84 100 411
84 101 171
85 1 2
85 2 2
85 3 2
85 4 2
85 5 2
85 6 2
85 7 2
85 8 2
85 9 2
85 10 2
85 11 2
85 12 2
85 13 2
85 14 2
85 15 2
85 16 2
85 17 2
85 18 2
85 19 2
85 20 2
85 21 2
85 22 2
85 23 2
85 24 2
85 25 2
85 26 2
85 27 2
85 28 2
85 29 2
85 30 2
85 31 2
85 32 2
85 33 2
85 34 2
85 35 2
85 36 2
85 37 2
85 38 2
85 39 2
85 40 2
85 41 2
85 42 2
85 43 2
85 44 2
85 45 2
85 46 2
85 47 2
85 48 2
85 49 2
85 50 2
85 51 2
85 52 2
85 53 2
85 54 2
85 55 2
85 56 2
85 57 2
85 58 2
85 59 2
85 60 2
85 61 2
85 62 2
85 63 2
85 64 2
85 65 2
85 66 2
85 67 2
85 68 2
85 69 2
85 70 2
85 71 2
85 72 2
85 73 2
85 74 2
85 75 2
85 76 437
85 77 438
85 78 436
85 79 434
85 80 435
85 81 438
85 82 435
85 83 438
85 84 440
85 85 437
85 86 437
85 87 438
85 88 432
85 89 439
85 90 439
85 91 440
85 92 434
85 93 434
85 94 436
85 95 439
85 96 433
85 97 443
85 98 433
85 99 442
85 100 438
85 101 190
86 1 2
86 2 2
86 3 2
86 4 2
86 5 2
86 6 2
86 7 2
86 8 2
86 9 2
86 10 2
86 11 2
86 12 2
86 13 2
86 14 2
86 15 2
86 16 2
86 17 2
86 18 2
86 19 2
86 20 2
86 21 2
86 22 2
86 23 2
86 24 2
86 25 2
86 26 2
86 27 2
86 28 2
86 29 2
86 30 2
86 31 2
86 32 2
86 33 2
86 34 2
86 35 2
86 36 2
86 37 2
86 38 2
86 39 2
86 40 2
86 41 2
86 42 2
86 43 2
86 44 2
86 45 2
86 46 2
86 47 2
86 48 2
86 49 2
86 50 2
86 51 2
86 52 2
86 53 2
86 54 2
86 55 2
86 56 2
86 57 2
86 58 2
86 59 2
86 60 2
86 61 2
86 62 2
86 63 2
86 64 2
86 65 2
86 66 2
86 67 2
86 68 2
86 69 2
86 70 2
86 71 2
86 72 2
86 73 2
86 74 2
86 75 2
86 76 496
86 77 501
86 78 494
86 79 493
86 80 494
86 81 493
86 82 494
86 83 496
86 84 494
86 85 492
86 86 494
86 87 487
86 88 485
86 89 494
86 90 493
86 91 493
86 92 489
86 93 485
86 94 490
86 95 486
86 96 486
86 97 492
86 98 485
86 99 493
86 100 487
86 101 166
87 1 2
87 2 2
87 3 2
87 4 2
87 5 2
87 6 2
87 7 2
87 8 2
87 9 2
87 10 2
87 11 2
87 12 2
87 13 2
87 14 2
87 15 2
87 16 2
87 17 2
87 18 2
87 19 2
87 20 2
87 21 2
87 22 2
87 23 2
87 24 2
87 25 2
87 26 2
87 27 2
87 28 2
87 29 2
87 30 2
87 31 2
87 32 2
87 33 2
87 34 2
87 35 2
87 36 2
87 37 2
87 38 2
87 39 2
87 40 2
87 41 2
87 42 2
87 43 2
87 44 2
87 45 2
87 46 2
87 47 2
87 48 2
87 49 2
87 50 2
87 51 2
87 52 2
87 53 2
87 54 2
87 55 2
87 56 2
87 57 2
87 58 2
87 59 2
87 60 2
87 61 2
87 62 2
87 63 2
87 64 2
87 65 2
87 66 2
87 67 2
87 68 2
87 69 2
87 70 2
87 71 2
87 72 2
87 73 2
87 74 2
87 75 2
87 76 541
87 77 544
87 78 539
87 79 538
87 80 539
87 81 539
87 82 535
87 83 539
87 84 537
87 85 535
87 86 537
87 87 536
87 88 527
87 89 536
87 90 536
87 91 535
87 92 532
87 93 528
87 94 533
87 95 531
87 96 535
87 97 535
87 98 531
87 99 541
87 100 536
87 101 207
88 1 2
88 2 2
88 3 2
88 4 2
88 5 2
88 6 2
88 7 2
88 8 2
88 9 2
88 10 2
88 11 2
88 12 2
88 13 2
88 14 2
88 15 2
88 16 2
88 17 2
88 18 2
88 19 2
88 20 2
88 21 2
88 22 2
88 23 2
88 24 2
88 25 2
88 26 2
88 27 2
88 28 2
88 29 2
88 30 2
88 31 2
88 32 2
88 33 2
88 34 2
88 35 2
88 36 2
88 37 2
88 38 2
88 39 2
88 40 2
88 41 2
88 42 2
88 43 2
88 44 2
88 45 2
88 46 2
88 47 2
88 48 2
88 49 2
88 50 2
88 51 2
88 52 2
88 53 2
88 54 2
88 55 2
88 56 2
88 57 2
88 58 2
88 59 2
88 60 2
88 61 2
88 62 2
88 63 2
88 64 2
88 65 2
88 66 2
88 67 2
88 68 2
88 69 2
88 70 2
88 71 2
88 72 2
88 73 2
88 74 2
88 75 2
88 76 407
88 77 409
88 78 402
88 79 404
88 80 406
88 81 401
88 82 404
88 83 404
88 84 407
88 85 401
88 86 406
88 87 400
88 88 403
88 89 405
88 90 409
88 91 410
88 92 402
88 93 399
88 94 405
88 95 406
88 96 400
88 97 404
88 98 397
88 99 411
88 100 407
88 101 167
89 1 2
89 2 2
89 3 2
89 4 2
89 5 2
89 6 2
89 7 2
89 8 2
89 9 2
89 10 2
89 11 2
89 12 2
89 13 2
89 14 2
89 15 2
89 16 2
89 17 2
89 18 2
89 19 2
89 20 2
89 21 2
89 22 2
89 23 2
89 24 2
89 25 2
89 26 2
89 27 2
89 28 2
89 29 2
89 30 2
89 31 2
89 32 2
89 33 2
89 34 2
89 35 2
89 36 2
89 37 2
89 38 2
89 39 2
89 40 2
89 41 2
89 42 2
89 43 2
89 44 2
89 45 2
89 46 2
89 47 2
89 48 2
89 49 2
89 50 2
89 51 2
89 52 2
89 53 2
89 54 2
89 55 2
89 56 2
89 57 2
89 58 2
89 59 2
89 60 2
89 61 2
89 62 2
89 63 2
89 64 2
89 65 2
89 66 2
89 67 2
89 68 2
89 69 2
89 70 2
89 71 2
89 72 2
89 73 2
89 74 2
89 75 2
89 76 540
89 77 542
89 78 539
89 79 535
89 80 538
89 81 538
89 82 536
89 83 538
89 84 532
89 85 536
89 86 534
89 87 535
89 88 529
89 89 532
89 90 535
89 91 535
89 92 529
89 93 530
89 94 528
89 95 536
89 96 534
89 97 543
89 98 531
89 99 535
89 100 534
89 101 206
90 1 2
90 2 2
90 3 2
90 4 2
90 5 2
90 6 2
90 7 2
90 8 2
90 9 2
90 10 2
90 11 2
90 12 2
90 13 2
90 14 2
90 15 2
90 16 2
90 17 2
90 18 2
90 19 2
90 20 2
90 21 2
90 22 2
90 23 2
90 24 2
90 25 2
90 26 2
90 27 2
90 28 2
90 29 2
90 30 2
90 31 2
90 32 2
90 33 2
90 34 2
90 35 2
90 36 2
90 37 2
90 38 2
90 39 2
90 40 2
90 41 2
90 42 2
90 43 2
90 44 2
90 45 2
90 46 2
90 47 2
90 48 2
90 49 2
90 50 2
90 51 2
90 52 2
90 53 2
90 54 2
90 55 2
90 56 2
90 57 2
90 58 2
90 59 2
90 60 2
90 61 2
90 62 2
90 63 2
90 64 2
90 65 2
90 66 2
90 67 2
90 68 2
90 69 2
90 70 2
90 71 2
90 72 2
90 73 2
90 74 2
90 75 2
90 76 387
90 77 389
90 78 387
90 79 384
90 80 387
90 81 390
90 82 381
90 83 388
90 84 386
90 85 381
90 86 389
90 87 384
90 88 379
90 89 387
90 90 391
90 91 392
90 92 382
90 93 379
90 94 382
90 95 387
90 96 387
90 97 392
90 98 380
90 99 392
90 100 389
90 101 140
91 1 2
91 2 2
91 3 2
91 4 2
91 5 2
91 6 2
91 7 2
91 8 2
91 9 2
91 10 2
91 11 2
91 12 2
91 13 2
91 14 2
91 15 2
91 16 2
91 17 2
91 18 2
91 19 2
91 20 2
91 21 2
91 22 2
91 23 2
91 24 2
91 25 2
91 26 2
91 27 2
91 28 2
91 29 2
91 30 2
91 31 2
91 32 2
91 33 2
91 34 2
91 35 2
91 36 2
91 37 2
91 38 2
91 39 2
91 40 2
91 41 2
91 42 2
91 43 2
91 44 2
91 45 2
91 46 2
91 47 2
91 48 2
91 49 2
91 50 2
91 51 2
91 52 2
91 53 2
91 54 2
91 55 2
91 56 2
91 57 2
91 58 2
91 59 2
91 60 2
91 61 2
91 62 2
91 63 2
91 64 2
91 65 2
91 66 2
91 67 2
91 68 2
91 69 2
91 70 2
91 71 2
91 72 2
91 73 2
91 74 2
91 75 2
91 76 538
91 77 543
91 78 536
91 79 533
91 80 536
91 81 537
91 82 540
91 83 538
91 84 539
91 85 534
91 86 536
91 87 533
91 88 531
91 89 537
91 90 540
91 91 542
91 92 533
91 93 529
91 94 535
91 95 538
91 96 534
91 97 538
91 98 529
91 99 543
91 100 539
91 101 209
92 1 2
92 2 2
92 3 2
92 4 2
92 5 2
92 6 2
92 7 2
92 8 2
92 9 2
92 10 2
92 11 2
92 12 2
92 13 2
92 14 2
92 15 2
92 16 2
92 17 2
92 18 2
92 19 2
92 20 2
92 21 2
92 22 2
92 23 2
92 24 2
92 25 2
92 26 2
92 27 2
92 28 2
92 29 2
92 30 2
92 31 2
92 32 2
92 33 2
92 34 2
92 35 2
92 36 2
92 37 2
92 38 2
92 39 2
92 40 2
92 41 2
92 42 2
92 43 2
92 44 2
92 45 2
92 46 2
92 47 2
92 48 2
92 49 2
92 50 2
92 51 2
92 52 2
92 53 2
92 54 2
92 55 2
92 56 2
92 57 2
92 58 2
92 59 2
92 60 2
92 61 2
92 62 2
92 63 2
92 64 2
92 65 2
92 66 2
92 67 2
92 68 2
92 69 2
92 70 2
92 71 2
92 72 2
92 73 2
92 74 2
92 75 2
92 76 404
92 77 406
92 78 401
92 79 403
92 80 403
92 81 400
92 82 404
92 83 405
92 84 406
92 85 404
92 86 403
92 87 399
92 88 399
92 89 398
92 90 404
92 91 407
92 92 401
92 93 395
92 94 398
92 95 399
92 96 397
92 97 397
92 98 393
92 99 402
92 100 400
92 101 165
93 1 2
93 2 2
93 3 2
93 4 2
93 5 2
93 6 2
93 7 2
93 8 2
93 9 2
93 10 2
93 11 2
93 12 2
93 13 2
93 14 2
93 15 2
93 16 2
93 17 2
93 18 2
93 19 2
93 20 2
93 21 2
93 22 2
93 23 2
93 24 2
93 25 2
93 26 2
93 27 2
93 28 2
93 29 2
93 30 2
93 31 2
93 32 2
93 33 2
93 34 2
93 35 2
93 36 2
93 37 2
93 38 2
93 39 2
93 40 2
93 41 2
93 42 2
93 43 2
93 44 2
93 45 2
93 46 2
93 47 2
93 48 2
93 49 2
93 50 2
93 51 2
93 52 2
93 53 2
93 54 2
93 55 2
93 56 2
93 57 2
93 58 2
93 59 2
93 60 2
93 61 2
93 62 2
93 63 2
93 64 2
93 65 2
93 66 2
93 67 2
93 68 2
93 69 2
93 70 2
93 71 2
93 72 2
93 73 2
93 74 2
93 75 2
93 76 539
93 77 538
93 78 538
93 79 537
93 80 536
93 81 536
93 82 539
93 83 538
93 84 534
93 85 535
93 86 533
93 87 532
93 88 528
93 89 536
93 90 535
93 91 539
93 92 532
93 93 529
93 94 531
93 95 535
93 96 529
93 97 538
93 98 528
93 99 543
93 100 535
93 101 207
94 1 2
94 2 2
94 3 2
94 4 2
94 5 2
94 6 2
94 7 2
94 8 2
94 9 2
94 10 2
94 11 2
94 12 2
94 13 2
94 14 2
94 15 2
94 16 2
94 17 2
94 18 2
94 19 2
94 20 2
94 21 2
94 22 2
94 23 2
94 24 2
94 25 2
94 26 2
94 27 2
94 28 2
94 29 2
94 30 2
94 31 2
94 32 2
94 33 2
94 34 2
94 35 2
94 36 2
94 37 2
94 38 2
94 39 2
94 40 2
94 41 2
94 42 2
94 43 2
94 44 2
94 45 2
94 46 2
94 47 2
94 48 2
94 49 2
94 50 2
94 51 2
94 52 2
94 53 2
94 54 2
94 55 2
94 56 2
94 57 2
94 58 2
94 59 2
94 60 2
94 61 2
94 62 2
94 63 2
94 64 2
94 65 2
94 66 2
94 67 2
94 68 2
94 69 2
94 70 2
94 71 2
94 72 2
94 73 2
94 74 2
94 75 2
94 76 492
94 77 499
94 78 490
94 79 487
94 80 487
94 81 489
94 82 494
94 83 493
94 84 487
94 85 484
94 86 494
94 87 484
94 88 483
94 89 490
94 90 494
94 91 500
94 92 490
94 93 485
94 94 492
94 95 496
94 96 490
94 97 493
94 98 485
94 99 501
94 100 495
94 101 165
95 1 2
95 2 2
95 3 2
95 4 2
95 5 2
95 6 2
95 7 2
95 8 2
95 9 2
95 10 2
95 11 2
95 12 2
95 13 2
95 14 2
95 15 2
95 16 2
95 17 2
95 18 2
95 19 2
95 20 2
95 21 2
95 22 2
95 23 2
95 24 2
95 25 2
95 26 2
95 27 2
95 28 2
95 29 2
95 30 2
95 31 2
95 32 2
95 33 2
95 34 2
95 35 2
95 36 2
95 37 2
95 38 2
95 39 2
95 40 2
95 41 2
95 42 2
95 43 2
95 44 2
95 45 2
95 46 2
95 47 2
95 48 2
95 49 2
95 50 2
95 51 2
95 52 2
95 53 2
95 54 2
95 55 2
95 56 2
95 57 2
95 58 2
95 59 2
95 60 2
95 61 2
95 62 2
95 63 2
95 64 2
95 65 2
95 66 2
95 67 2
95 68 2
95 69 2
95 70 2
95 71 2
95 72 2
95 73 2
95 74 2
95 75 2
95 76 431
95 77 434
95 78 435
95 79 430
95 80 431
95 81 437
95 82 440
95 83 437
95 84 430
95 85 428
95 86 431
95 87 428
95 88 426
95 89 432
95 90 437
95 91 439
95 92 430
95 93 426
95 94 434
95 95 442
95 96 438
95 97 441
95 98 433
95 99 448
95 100 442
95 101 191
96 1 2
96 2 2
96 3 2
96 4 2
96 5 2
96 6 2
96 7 2
96 8 2
96 9 2
96 10 2
96 11 2
96 12 2
96 13 2
96 14 2
96 15 2
96 16 2
96 17 2
96 18 2
96 19 2
96 20 2
96 21 2
96 22 2
96 23 2
96 24 2
96 25 2
96 26 2
96 27 2
96 28 2
96 29 2
96 30 2
96 31 2
96 32 2
96 33 2
96 34 2
96 35 2
96 36 2
96 37 2
96 38 2
96 39 2
96 40 2
96 41 2
96 42 2
96 43 2
96 44 2
96 45 2
96 46 2
96 47 2
96 48 2
96 49 2
96 50 2
96 51 2
96 52 2
96 53 2
96 54 2
96 55 2
96 56 2
96 57 2
96 58 2
96 59 2
96 60 2
96 61 2
96 62 2
96 63 2
96 64 2
96 65 2
96 66 2
96 67 2
96 68 2
96 69 2
96 70 2
96 71 2
96 72 2
96 73 2
96 74 2
96 75 2
96 76 403
96 77 403
96 78 397
96 79 403
96 80 403
96 81 401
96 82 403
96 83 401
96 84 399
96 85 395
96 86 400
96 87 390
96 88 400
96 89 397
96 90 401
96 91 402
96 92 398
96 93 396
96 94 399
96 95 411
96 96 406
96 97 405
96 98 400
96 99 408
96 100 399
96 101 164
97 1 2
97 2 2
97 3 2
97 4 2
97 5 2
97 6 2
97 7 2
97 8 2
97 9 2
97 10 2
97 11 2
97 12 2
97 13 2
97 14 2
97 15 2
97 16 2
97 17 2
97 18 2
97 19 2
97 20 2
97 21 2
97 22 2
97 23 2
97 24 2
97 25 2
97 26 2
97 27 2
97 28 2
97 29 2
97 30 2
97 31 2
97 32 2
97 33 2
97 34 2
97 35 2
97 36 2
97 37 2
97 38 2
97 39 2
97 40 2
97 41 2
97 42 2
97 43 2
97 44 2
97 45 2
97 46 2
97 47 2
97 48 2
97 49 2
97 50 2
97 51 2
97 52 2
97 53 2
97 54 2
97 55 2
97 56 2
97 57 2
97 58 2
97 59 2
97 60 2
97 61 2
97 62 2
97 63 2
97 64 2
97 65 2
97 66 2
97 67 2
97 68 2
97 69 2
97 70 2
97 71 2
97 72 2
97 73 2
97 74 2
97 75 2
97 76 538
97 77 545
97 78 539
97 79 533
97 80 534
97 81 539
97 82 540
97 83 539
97 84 537
97 85 529
97 86 538
97 87 533
97 88 533
97 89 540
97 90 542
97 91 546
97 92 536
97 93 531
97 94 542
97 95 547
97 96 544
97 97 546
97 98 537
97 99 549
97 100 544
97 101 213
98 1 2
98 2 2
98 3 2
98 4 2
98 5 2
98 6 2
98 7 2
98 8 2
98 9 2
98 10 2
98 11 2
98 12 2
98 13 2
98 14 2
98 15 2
98 16 2
98 17 2
98 18 2
98 19 2
98 20 2
98 21 2
98 22 2
98 23 2
98 24 2
98 25 2
98 26 2
98 27 2
98 28 2
98 29 2
98 30 2
98 31 2
98 32 2
98 33 2
98 34 2
98 35 2
98 36 2
98 37 2
98 38 2
98 39 2
98 40 2
98 41 2
98 42 2
98 43 2
98 44 2
98 45 2
98 46 2
98 47 2
98 48 2
98 49 2
98 50 2
98 51 2
98 52 2
98 53 2
98 54 2
98 55 2
98 56 2
98 57 2
98 58 2
98 59 2
98 60 2
98 61 2
98 62 2
98 63 2
98 64 2
98 65 2
98 66 2
98 67 2
98 68 2
98 69 2
98 70 2
98 71 2
98 72 2
98 73 2
98 74 2
98 75 2
98 76 488
98 77 494
98 78 489
98 79 483
98 80 486
98 81 489
98 82 490
98 83 489
98 84 487
98 85 482
98 86 491
98 87 483
98 88 480
98 89 486
98 90 493
98 91 495
98 92 485
98 93 481
98 94 488
98 95 493
98 96 488
98 97 493
98 98 489
98 99 500
98 100 496
98 101 160
99 1 2
99 2 2
99 3 2
99 4 2
99 5 2
99 6 2
99 7 2
99 8 2
99 9 2
99 10 2
99 11 2
99 12 2
99 13 2
99 14 2
99 15 2
99 16 2
99 17 2
99 18 2
99 19 2
99 20 2
99 21 2
99 22 2
99 23 2
99 24 2
99 25 2
99 26 2
99 27 2
99 28 2
99 29 2
99 30 2
99 31 2
99 32 2
99 33 2
99 34 2
99 35 2
99 36 2
99 37 2
99 38 2
99 39 2
99 40 2
99 41 2
99 42 2
99 43 2
99 44 2
99 45 2
99 46 2
99 47 2
99 48 2
99 49 2
99 50 2
99 51 2
99 52 2
99 53 2
99 54 2
99 55 2
99 56 2
99 57 2
99 58 2
99 59 2
99 60 2
99 61 2
99 62 2
99 63 2
99 64 2
99 65 2
99 66 2
99 67 2
99 68 2
99 69 2
99 70 2
99 71 2
99 72 2
99 73 2
99 74 2
99 75 2
99 76 533
99 77 536
99 78 537
99 79 531
99 80 532
99 81 534
99 82 533
99 83 536
99 84 533
99 85 529
99 86 530
99 87 532
99 88 526
99 89 533
99 90 539
99 91 543
99 92 532
99 93 525
99 94 533
99 95 539
99 96 537
99 97 540
99 98 538
99 99 550
99 100 542
99 101 207
100 1 2
100 2 2
100 3 2
100 4 2
100 5 2
100 6 2
100 7 2
100 8 2
100 9 2
100 10 2
100 11 2
100 12 2
100 13 2
100 14 2
100 15 2
100 16 2
100 17 2
100 18 2
100 19 2
100 20 2
100 21 2
100 22 2
100 23 2
100 24 2
100 25 2
100 26 2
100 27 2
100 28 2
100 29 2
100 30 2
100 31 2
100 32 2
100 33 2
100 34 2
100 35 2
100 36 2
100 37 2
100 38 2
100 39 2
100 40 2
100 41 2
100 42 2
100 43 2
100 44 2
100 45 2
100 46 2
100 47 2
100 48 2
100 49 2
100 50 2
100 51 2
100 52 2
100 53 2
100 54 2
100 55 2
100 56 2
100 57 2
100 58 2
100 59 2
100 60 2
100 61 2
100 62 2
100 63 2
100 64 2
100 65 2
100 66 2
100 67 2
100 68 2
100 69 2
100 70 2
100 71 2
100 72 2
100 73 2
100 74 2
100 75 2
100 76 164
100 77 175
100 78 178
100 79 173
100 80 176
100 81 187
100 82 191
100 83 184
100 84 182
100 85 177
100 86 184
100 87 176
100 88 184
100 89 186
100 90 192
100 91 192
100 92 194
100 93 181
100 94 195
100 95 199
100 96 198
100 97 197
100 98 194
100 99 211
100 100 205
100 101 173
