1 1 2
1 2 4
1 3 4
1 4 4
1 5 4
1 6 4
1 7 4
1 8 4
1 9 4
1 10 4
1 11 5
1 12 5
1 13 5
1 14 5
1 15 5
1 16 5
1 17 5
1 18 5
1 19 5
1 20 5
1 21 5
1 22 5
1 23 5
1 24 5
1 25 5
1 26 5
1 27 5
1 28 5
1 29 5
1 30 5
1 31 5
1 32 5
1 33 5
1 34 5
1 35 5
1 36 5
1 37 5
1 38 5
1 39 5
1 40 5
1 41 5
1 42 5
1 43 5
1 44 5
1 45 5
1 46 5
1 47 5
1 48 5
1 49 5
1 50 5
1 51 5
1 52 5
1 53 5
1 54 5
1 55 5
1 56 5
1 57 5
1 58 5
1 59 5
1 60 5
1 61 5
1 62 5
1 63 5
1 64 5
1 65 5
1 66 5
1 67 5
1 68 5
1 69 5
1 70 5
1 71 5
1 72 5
1 73 5
1 74 5
1 75 5
1 76 5
1 77 5
1 78 5
1 79 5
1 80 5
1 81 5
1 82 5
1 83 5
1 84 5
1 85 5
1 86 5
1 87 5
1 88 5
1 89 5
1 90 5
1 91 5
1 92 5
1 93 5
1 94 5
1 95 5
1 96 5
1 97 5
1 98 5
1 99 5
1 100 5
1 101 2
2 1 2
2 2 5
2 3 4
2 4 6
2 5 7
2 6 5
2 7 7
2 8 7
2 9 5
2 10 7
2 11 8
2 12 7
2 13 9
2 14 9
2 15 7
2 16 9
2 17 9
2 18 7
2 19 9
2 20 9
2 21 7
2 22 9
2 23 9
2 24 7
2 25 9
2 26 9
2 27 7
2 28 9
2 29 9
2 30 7
2 31 9
2 32 9
2 33 8
2 34 10
2 35 10
2 36 8
2 37 10
2 38 10
2 39 8
2 40 10
2 41 10
2 42 8
2 43 10
2 44 10
2 45 8
2 46 10
2 47 10
2 48 8
2 49 10
2 50 10
2 51 8
2 52 10
2 53 10
2 54 8
2 55 10
2 56 10
2 57 8
2 58 10
2 59 10
2 60 8
2 61 10
2 62 10
2 63 8
2 64 10
2 65 10
2 66 8
2 67 10
2 68 10
2 69 8
2 70 10
2 71 10
2 72 8
2 73 10
2 74 10
2 75 8
2 76 10
2 77 10
2 78 8
2 79 10
2 80 10
2 81 8
2 82 10
2 83 10
2 84 8
2 85 10
2 86 10
2 87 8
2 88 10
2 89 10
2 90 8
2 91 10
2 92 10
2 93 8
2 94 10
2 95 10
2 96 9
2 97 10
2 98 10
2 99 9
2 100 10
2 101 3
3 1 2
3 2 2
3 3 7
3 4 11
3 5 11
3 6 7
3 7 11
3 8 13
3 9 8
3 10 12
3 11 10
3 12 10
3 13 9
3 14 14
3 15 12
3 16 13
3 17 12
3 18 9
3 19 15
3 20 15
3 21 10
3 22 11
3 23 16
3 24 10
3 25 14
3 26 12
3 27 9
3 28 16
3 29 16
3 30 12
3 31 14
3 32 14
3 33 10
3 34 14
3 35 14
3 36 12
3 37 14
3 38 16
3 39 14
3 40 16
3 41 14
3 42 12
3 43 16
3 44 14
3 45 12
3 46 12
3 47 16
3 48 14
3 49 16
3 50 16
3 51 12
3 52 14
3 53 16
3 54 12
3 55 16
3 56 16
3 57 10
3 58 16
3 59 18
3 60 14
3 61 16
3 62 16
3 63 14
3 64 18
3 65 16
3 66 10
3 67 16
3 68 16
3 69 14
3 70 18
3 71 16
3 72 12
3 73 16
3 74 16
3 75 15
3 76 15
3 77 12
3 78 14
3 79 16
3 80 18
3 81 12
3 82 15
3 83 18
3 84 16
3 85 18
3 86 16
3 87 14
3 88 16
3 89 17
3 90 11
3 91 17
3 92 17
3 93 15
3 94 18
3 95 18
3 96 14
3 97 16
3 98 17
3 99 13
3 100 18
3 101 7
4 1 2
4 2 2
4 3 2
4 4 7
4 5 12
4 6 11
4 7 11
4 8 11
4 9 15
4 10 13
4 11 10
4 12 12
4 13 13
4 14 14
4 15 17
4 16 13
4 17 14
4 18 12
4 19 17
4 20 15
4 21 13
4 22 16
4 23 17
4 24 13
4 25 15
4 26 15
4 27 15
4 28 13
4 29 17
4 30 17
4 31 15
4 32 11
4 33 17
4 34 19
4 35 15
4 36 17
4 37 18
4 38 15
4 39 15
4 40 17
4 41 19
4 42 17
4 43 19
4 44 19
4 45 17
4 46 13
4 47 17
4 48 15
4 49 17
4 50 19
4 51 17
4 52 15
4 53 15
4 54 20
4 55 21
4 56 15
4 57 15
4 58 19
4 59 19
4 60 17
4 61 19
4 62 19
4 63 18
4 64 19
4 65 21
4 66 17
4 67 17
4 68 17
4 69 21
4 70 15
4 71 20
4 72 19
4 73 19
4 74 17
4 75 21
4 76 17
4 77 17
4 78 19
4 79 19
4 80 17
4 81 17
4 82 20
4 83 19
4 84 16
4 85 22
4 86 20
4 87 19
4 88 15
4 89 22
4 90 19
4 91 19
4 92 19
4 93 20
4 94 19
4 95 19
4 96 19
4 97 21
4 98 17
4 99 23
4 100 21
4 101 6
5 1 2
5 2 2
5 3 2
5 4 2
5 5 10
5 6 12
5 7 14
5 8 12
5 9 14
5 10 10
5 11 12
5 12 12
5 13 12
5 14 14
5 15 14
5 16 16
5 17 14
5 18 10
5 19 16
5 20 14
5 21 18
5 22 20
5 23 16
5 24 16
5 25 14
5 26 16
5 27 18
5 28 18
5 29 16
5 30 16
5 31 20
5 32 18
5 33 18
5 34 18
5 35 10
5 36 16
5 37 17
5 38 13
5 39 18
5 40 20
5 41 20
5 42 20
5 43 20
5 44 21
5 45 16
5 46 19
5 47 16
5 48 15
5 49 22
5 50 20
5 51 21
5 52 20
5 53 18
5 54 20
5 55 22
5 56 17
5 57 15
5 58 20
5 59 18
5 60 19
5 61 24
5 62 23
5 63 20
5 64 24
5 65 20
5 66 15
5 67 16
5 68 17
5 69 21
5 70 17
5 71 23
5 72 23
5 73 18
5 74 20
5 75 18
5 76 21
5 77 24
5 78 20
5 79 23
5 80 19
5 81 19
5 82 24
5 83 20
5 84 21
5 85 24
5 86 22
5 87 23
5 88 21
5 89 22
5 90 17
5 91 23
5 92 18
5 93 22
5 94 21
5 95 19
5 96 25
5 97 21
5 98 21
5 99 23
5 100 20
5 101 6
6 1 2
6 2 2
6 3 2
6 4 2
6 5 2
6 6 14
6 7 18
6 8 14
6 9 16
6 10 16
6 11 16
6 12 15
6 13 15
6 14 18
6 15 16
6 16 21
6 17 18
6 18 16
6 19 18
6 20 17
6 21 18
6 22 22
6 23 16
6 24 18
6 25 19
6 26 18
6 27 22
6 28 26
6 29 22
6 30 22
6 31 26
6 32 22
6 33 18
6 34 25
6 35 14
6 36 16
6 37 18
6 38 18
6 39 18
6 40 26
6 41 24
6 42 26
6 43 26
6 44 24
6 45 18
6 46 22
6 47 21
6 48 24
6 49 24
6 50 20
6 51 22
6 52 22
6 53 18
6 54 22
6 55 26
6 56 24
6 57 22
6 58 24
6 59 22
6 60 24
6 61 28
6 62 26
6 63 22
6 64 30
6 65 22
6 66 22
6 67 26
6 68 20
6 69 22
6 70 22
6 71 20
6 72 24
6 73 26
6 74 28
6 75 21
6 76 30
6 77 28
6 78 22
6 79 28
6 80 25
6 81 24
6 82 28
6 83 28
6 84 26
6 85 26
6 86 26
6 87 22
6 88 24
6 89 20
6 90 21
6 91 28
6 92 28
6 93 23
6 94 32
6 95 26
6 96 30
6 97 26
6 98 25
6 99 27
6 100 24
6 101 10
7 1 2
7 2 2
7 3 2
7 4 2
7 5 2
7 6 2
7 7 16
7 8 17
7 9 21
7 10 19
7 11 17
7 12 17
7 13 21
7 14 23
7 15 25
7 16 19
7 17 24
7 18 26
7 19 20
7 20 19
7 21 21
7 22 25
7 23 15
7 24 15
7 25 21
7 26 20
7 27 24
7 28 18
7 29 25
7 30 25
7 31 25
7 32 22
7 33 26
7 34 31
7 35 26
7 36 23
7 37 24
7 38 25
7 39 20
7 40 23
7 41 28
7 42 29
7 43 30
7 44 27
7 45 27
7 46 21
7 47 22
7 48 27
7 49 23
7 50 25
7 51 24
7 52 21
7 53 30
7 54 31
7 55 28
7 56 25
7 57 29
7 58 25
7 59 26
7 60 21
7 61 27
7 62 30
7 63 29
7 64 31
7 65 27
7 66 28
7 67 33
7 68 28
7 69 33
7 70 29
7 71 25
7 72 23
7 73 31
7 74 25
7 75 29
7 76 28
7 77 31
7 78 29
7 79 28
7 80 26
7 81 30
7 82 26
7 83 33
7 84 29
7 85 34
7 86 27
7 87 27
7 88 31
7 89 31
7 90 31
7 91 28
7 92 35
7 93 27
7 94 29
7 95 31
7 96 25
7 97 25
7 98 30
7 99 35
7 100 29
7 101 11
8 1 2
8 2 2
8 3 2
8 4 2
8 5 2
8 6 2
8 7 2
8 8 19
8 9 22
8 10 25
8 11 23
8 12 21
8 13 25
8 14 21
8 15 23
8 16 19
8 17 23
8 18 23
8 19 25
8 20 21
8 21 25
8 22 27
8 23 26
8 24 21
8 25 29
8 26 27
8 27 23
8 28 25
8 29 27
8 30 26
8 31 29
8 32 24
8 33 29
8 34 33
8 35 25
8 36 25
8 37 31
8 38 27
8 39 25
8 40 29
8 41 27
8 42 29
8 43 31
8 44 31
8 45 33
8 46 27
8 47 29
8 48 31
8 49 35
8 50 33
8 51 29
8 52 21
8 53 29
8 54 27
8 55 29
8 56 25
8 57 25
8 58 31
8 59 34
8 60 31
8 61 31
8 62 33
8 63 37
8 64 35
8 65 39
8 66 29
8 67 35
8 68 26
8 69 27
8 70 30
8 71 27
8 72 27
8 73 37
8 74 37
8 75 31
8 76 35
8 77 35
8 78 35
8 79 33
8 80 31
8 81 31
8 82 33
8 83 35
8 84 31
8 85 39
8 86 35
8 87 27
8 88 35
8 89 37
8 90 31
8 91 35
8 92 33
8 93 35
8 94 37
8 95 35
8 96 32
8 97 35
8 98 35
8 99 39
8 100 32
8 101 11
9 1 2
9 2 2
9 3 2
9 4 2
9 5 2
9 6 2
9 7 2
9 8 2
9 9 22
9 10 35
9 11 33
9 12 31
9 13 31
9 14 31
9 15 35
9 16 36
9 17 31
9 18 31
9 19 37
9 20 36
9 21 32
9 22 39
9 23 36
9 24 32
9 25 35
9 26 43
9 27 34
9 28 42
9 29 42
9 30 32
9 31 42
9 32 34
9 33 30
9 34 40
9 35 35
9 36 34
9 37 40
9 38 36
9 39 31
9 40 42
9 41 45
9 42 36
9 43 40
9 44 36
9 45 30
9 46 40
9 47 37
9 48 36
9 49 36
9 50 42
9 51 39
9 52 42
9 53 38
9 54 38
9 55 41
9 56 45
9 57 40
9 58 42
9 59 43
9 60 37
9 61 41
9 62 42
9 63 38
9 64 48
9 65 44
9 66 37
9 67 48
9 68 41
9 69 33
9 70 42
9 71 46
9 72 34
9 73 50
9 74 47
9 75 39
9 76 54
9 77 48
9 78 48
9 79 44
9 80 46
9 81 42
9 82 43
9 83 46
9 84 37
9 85 45
9 86 41
9 87 39
9 88 36
9 89 37
9 90 28
9 91 42
9 92 52
9 93 41
9 94 44
9 95 41
9 96 46
9 97 41
9 98 38
9 99 42
9 100 41
9 101 20
10 1 2
10 2 2
10 3 2
10 4 2
10 5 2
10 6 2
10 7 2
10 8 2
10 9 2
10 10 28
10 11 37
10 12 31
10 13 36
10 14 42
10 15 38
10 16 37
10 17 34
10 18 36
10 19 32
10 20 40
10 21 42
10 22 47
10 23 36
10 24 35
10 25 41
10 26 44
10 27 47
10 28 47
10 29 39
10 30 36
10 31 43
10 32 39
10 33 37
10 34 39
10 35 34
10 36 37
10 37 33
10 38 35
10 39 36
10 40 35
10 41 41
10 42 43
10 43 39
10 44 45
10 45 46
10 46 43
10 47 45
10 48 51
10 49 46
10 50 45
10 51 52
10 52 45
10 53 42
10 54 45
10 55 49
10 56 39
10 57 39
10 58 41
10 59 39
10 60 45
10 61 48
10 62 37
10 63 40
10 64 49
10 65 41
10 66 51
10 67 43
10 68 45
10 69 37
10 70 45
10 71 46
10 72 46
10 73 48
10 74 55
10 75 42
10 76 47
10 77 53
10 78 53
10 79 45
10 80 55
10 81 48
10 82 47
10 83 49
10 84 50
10 85 50
10 86 47
10 87 43
10 88 43
10 89 47
10 90 41
10 91 46
10 92 50
10 93 51
10 94 42
10 95 45
10 96 55
10 97 51
10 98 48
10 99 58
10 100 46
10 101 23
11 1 2
11 2 2
11 3 2
11 4 2
11 5 2
11 6 2
11 7 2
11 8 2
11 9 2
11 10 2
11 11 32
11 12 33
11 13 25
11 14 31
11 15 32
11 16 27
11 17 30
11 18 34
11 19 30
11 20 26
11 21 32
11 22 32
11 23 31
11 24 32
11 25 30
11 26 39
11 27 33
11 28 36
11 29 32
11 30 34
11 31 36
11 32 35
11 33 33
11 34 35
11 35 30
11 36 33
11 37 37
11 38 33
11 39 29
11 40 34
11 41 36
11 42 38
11 43 34
11 44 37
11 45 37
11 46 39
11 47 35
11 48 39
11 49 42
11 50 41
11 51 46
11 52 37
11 53 36
11 54 43
11 55 42
11 56 40
11 57 34
11 58 38
11 59 35
11 60 33
11 61 37
11 62 39
11 63 36
11 64 38
11 65 38
11 66 41
11 67 42
11 68 39
11 69 38
11 70 40
11 71 43
11 72 39
11 73 43
11 74 46
11 75 41
11 76 48
11 77 47
11 78 47
11 79 33
11 80 44
11 81 48
11 82 42
11 83 44
11 84 40
11 85 44
11 86 43
11 87 42
11 88 41
11 89 41
11 90 38
11 91 45
11 92 41
11 93 42
11 94 41
11 95 43
11 96 43
11 97 39
11 98 44
11 99 43
11 100 38
11 101 16
12 1 2
12 2 2
12 3 2
12 4 2
12 5 2
12 6 2
12 7 2
12 8 2
12 9 2
12 10 2
12 11 2
12 12 34
12 13 35
12 14 36
12 15 36
12 16 38
12 17 36
12 18 38
12 19 36
12 20 37
12 21 37
12 22 39
12 23 35
12 24 31
12 25 33
12 26 39
12 27 36
12 28 37
12 29 39
12 30 35
12 31 41
12 32 39
12 33 39
12 34 36
12 35 39
12 36 47
12 37 41
12 38 39
12 39 37
12 40 43
12 41 43
12 42 44
12 43 37
12 44 39
12 45 34
12 46 40
12 47 37
12 48 41
12 49 41
12 50 41
12 51 47
12 52 43
12 53 38
12 54 38
12 55 40
12 56 43
12 57 36
12 58 41
12 59 35
12 60 42
12 61 45
12 62 41
12 63 42
12 64 49
12 65 44
12 66 44
12 67 47
12 68 47
12 69 49
12 70 44
12 71 50
12 72 48
12 73 45
12 74 42
12 75 47
12 76 50
12 77 50
12 78 53
12 79 43
12 80 50
12 81 53
12 82 47
12 83 47
12 84 47
12 85 53
12 86 52
12 87 44
12 88 49
12 89 41
12 90 48
12 91 47
12 92 49
12 93 42
12 94 45
12 95 41
12 96 47
12 97 45
12 98 47
12 99 53
12 100 43
12 101 19
13 1 2
13 2 2
13 3 2
13 4 2
13 5 2
13 6 2
13 7 2
13 8 2
13 9 2
13 10 2
13 11 2
13 12 2
13 13 38
13 14 43
13 15 50
13 16 44
13 17 41
13 18 46
13 19 45
13 20 46
13 21 49
13 22 49
13 23 43
13 24 39
13 25 43
13 26 49
13 27 46
13 28 50
13 29 51
13 30 40
13 31 46
13 32 48
13 33 43
13 34 44
13 35 49
13 36 49
13 37 52
13 38 46
13 39 41
13 40 51
13 41 54
13 42 49
13 43 50
13 44 52
13 45 54
13 46 54
13 47 48
13 48 58
13 49 46
13 50 50
13 51 56
13 52 48
13 53 48
13 54 54
13 55 49
13 56 54
13 57 49
13 58 46
13 59 48
13 60 48
13 61 50
13 62 50
13 63 50
13 64 60
13 65 48
13 66 53
13 67 58
13 68 48
13 69 48
13 70 54
13 71 59
13 72 56
13 73 54
13 74 58
13 75 49
13 76 56
13 77 61
13 78 64
13 79 57
13 80 60
13 81 61
13 82 57
13 83 68
13 84 54
13 85 65
13 86 58
13 87 61
13 88 51
13 89 56
13 90 50
13 91 54
13 92 62
13 93 50
13 94 48
13 95 48
13 96 54
13 97 48
13 98 58
13 99 54
13 100 51
13 101 20
14 1 2
14 2 2
14 3 2
14 4 2
14 5 2
14 6 2
14 7 2
14 8 2
14 9 2
14 10 2
14 11 2
14 12 2
14 13 2
14 14 46
14 15 51
14 16 47
14 17 46
14 18 47
14 19 48
14 20 49
14 21 46
14 22 49
14 23 51
14 24 51
14 25 49
14 26 55
14 27 54
14 28 53
14 29 51
14 30 53
14 31 60
14 32 57
14 33 53
14 34 53
14 35 54
14 36 60
14 37 56
14 38 48
14 39 46
14 40 52
14 41 50
14 42 54
14 43 56
14 44 50
14 45 56
14 46 54
14 47 56
14 48 58
14 49 54
14 50 52
14 51 58
14 52 46
14 53 54
14 54 58
14 55 60
14 56 60
14 57 54
14 58 54
14 59 62
14 60 54
14 61 60
14 62 54
14 63 54
14 64 54
14 65 62
14 66 60
14 67 66
14 68 60
14 69 52
14 70 57
14 71 62
14 72 64
14 73 66
14 74 60
14 75 56
14 76 64
14 77 59
14 78 62
14 79 54
14 80 58
14 81 64
14 82 66
14 83 66
14 84 62
14 85 62
14 86 64
14 87 60
14 88 62
14 89 68
14 90 58
14 91 70
14 92 64
14 93 60
14 94 66
14 95 62
14 96 60
14 97 52
14 98 60
14 99 62
14 100 62
14 101 21
15 1 2
15 2 2
15 3 2
15 4 2
15 5 2
15 6 2
15 7 2
15 8 2
15 9 2
15 10 2
15 11 2
15 12 2
15 13 2
15 14 2
15 15 52
15 16 56
15 17 57
15 18 53
15 19 58
15 20 60
15 21 56
15 22 56
15 23 62
15 24 54
15 25 54
15 26 64
15 27 59
15 28 60
15 29 62
15 30 51
15 31 63
15 32 61
15 33 53
15 34 59
15 35 63
15 36 53
15 37 63
15 38 61
15 39 53
15 40 61
15 41 53
15 42 59
15 43 54
15 44 61
15 45 53
15 46 67
15 47 63
15 48 59
15 49 59
15 50 62
15 51 61
15 52 57
15 53 62
15 54 63
15 55 64
15 56 65
15 57 55
15 58 61
15 59 65
15 60 58
15 61 61
15 62 66
15 63 59
15 64 66
15 65 67
15 66 67
15 67 70
15 68 67
15 69 63
15 70 63
15 71 69
15 72 69
15 73 74
15 74 62
15 75 68
15 76 75
15 77 71
15 78 72
15 79 69
15 80 72
15 81 66
15 82 69
15 83 71
15 84 63
15 85 75
15 86 75
15 87 65
15 88 63
15 89 67
15 90 59
15 91 68
15 92 73
15 93 61
15 94 66
15 95 66
15 96 63
15 97 58
15 98 60
15 99 64
15 100 65
15 101 27
16 1 2
16 2 2
16 3 2
16 4 2
16 5 2
16 6 2
16 7 2
16 8 2
16 9 2
16 10 2
16 11 2
16 12 2
16 13 2
16 14 2
16 15 2
16 16 58
16 17 56
16 18 64
16 19 57
16 20 65
16 21 64
16 22 63
16 23 59
16 24 57
16 25 58
16 26 67
16 27 64
16 28 66
16 29 66
16 30 64
16 31 62
16 32 66
16 33 64
16 34 60
16 35 64
16 36 70
16 37 68
16 38 62
16 39 62
16 40 68
16 41 65
16 42 65
16 43 61
16 44 64
16 45 70
16 46 69
16 47 65
16 48 70
16 49 70
16 50 66
16 51 69
16 52 67
16 53 65
16 54 76
16 55 69
16 56 71
16 57 70
16 58 70
16 59 71
16 60 70
16 61 73
16 62 60
16 63 67
16 64 72
16 65 67
16 66 75
16 67 69
16 68 69
16 69 67
16 70 67
16 71 77
16 72 75
16 73 73
16 74 67
16 75 67
16 76 75
16 77 77
16 78 79
16 79 70
16 80 75
16 81 67
16 82 73
16 83 75
16 84 65
16 85 71
16 86 67
16 87 61
16 88 67
16 89 68
16 90 69
16 91 69
16 92 71
16 93 65
16 94 65
16 95 75
16 96 75
16 97 67
16 98 75
16 99 81
16 100 75
16 101 28
17 1 2
17 2 2
17 3 2
17 4 2
17 5 2
17 6 2
17 7 2
17 8 2
17 9 2
17 10 2
17 11 2
17 12 2
17 13 2
17 14 2
17 15 2
17 16 2
17 17 59
17 18 68
17 19 63
17 20 66
17 21 61
17 22 67
17 23 62
17 24 64
17 25 60
17 26 64
17 27 68
17 28 68
17 29 61
17 30 62
17 31 69
17 32 65
17 33 66
17 34 67
17 35 67
17 36 75
17 37 61
17 38 67
17 39 65
17 40 81
17 41 73
17 42 79
17 43 69
17 44 71
17 45 67
17 46 74
17 47 67
17 48 74
17 49 63
17 50 69
17 51 73
17 52 61
17 53 68
17 54 76
17 55 70
17 56 69
17 57 65
17 58 68
17 59 71
17 60 66
17 61 63
17 62 67
17 63 67
17 64 69
17 65 64
17 66 75
17 67 75
17 68 74
17 69 61
17 70 69
17 71 81
17 72 82
17 73 75
17 74 72
17 75 79
17 76 78
17 77 77
17 78 79
17 79 81
17 80 85
17 81 78
17 82 71
17 83 83
17 84 76
17 85 77
17 86 78
17 87 75
17 88 72
17 89 71
17 90 74
17 91 74
17 92 83
17 93 65
17 94 77
17 95 76
17 96 77
17 97 71
17 98 85
17 99 83
17 100 72
17 101 30
18 1 2
18 2 2
18 3 2
18 4 2
18 5 2
18 6 2
18 7 2
18 8 2
18 9 2
18 10 2
18 11 2
18 12 2
18 13 2
18 14 2
18 15 2
18 16 2
18 17 2
18 18 63
18 19 66
18 20 71
18 21 71
18 22 75
18 23 71
18 24 72
18 25 66
18 26 82
18 27 73
18 28 77
18 29 70
18 30 67
18 31 77
18 32 73
18 33 69
18 34 70
18 35 72
18 36 79
18 37 78
18 38 79
18 39 73
18 40 76
18 41 74
18 42 77
18 43 71
18 44 74
18 45 82
18 46 80
18 47 76
18 48 80
18 49 70
18 50 80
18 51 76
18 52 70
18 53 74
18 54 74
18 55 78
18 56 84
18 57 78
18 58 80
18 59 82
18 60 78
18 61 79
18 62 76
18 63 70
18 64 80
18 65 81
18 66 80
18 67 85
18 68 79
18 69 62
18 70 84
18 71 88
18 72 88
18 73 81
18 74 78
18 75 81
18 76 80
18 77 87
18 78 88
18 79 75
18 80 84
18 81 86
18 82 86
18 83 89
18 84 82
18 85 96
18 86 80
18 87 83
18 88 82
18 89 85
18 90 85
18 91 88
18 92 91
18 93 85
18 94 89
18 95 82
18 96 84
18 97 74
18 98 89
18 99 82
18 100 84
18 101 31
19 1 2
19 2 2
19 3 2
19 4 2
19 5 2
19 6 2
19 7 2
19 8 2
19 9 2
19 10 2
19 11 2
19 12 2
19 13 2
19 14 2
19 15 2
19 16 2
19 17 2
19 18 2
19 19 69
19 20 75
19 21 74
19 22 73
19 23 73
19 24 77
19 25 71
19 26 80
19 27 80
19 28 76
19 29 77
19 30 76
19 31 77
19 32 80
19 33 77
19 34 77
19 35 79
19 36 87
19 37 77
19 38 83
19 39 75
19 40 84
19 41 75
19 42 83
19 43 81
19 44 79
19 45 78
19 46 83
19 47 81
19 48 91
19 49 89
19 50 88
19 51 90
19 52 85
19 53 80
19 54 88
19 55 88
19 56 83
19 57 90
19 58 82
19 59 83
19 60 82
19 61 84
19 62 70
19 63 75
19 64 82
19 65 80
19 66 84
19 67 74
19 68 84
19 69 78
19 70 76
19 71 92
19 72 84
19 73 86
19 74 78
19 75 86
19 76 86
19 77 96
19 78 90
19 79 88
19 80 98
19 81 86
19 82 90
19 83 96
19 84 90
19 85 98
19 86 90
19 87 86
19 88 90
19 89 83
19 90 86
19 91 96
19 92 93
19 93 90
19 94 91
19 95 94
19 96 97
19 97 86
19 98 96
19 99 93
19 100 93
19 101 37
20 1 2
20 2 2
20 3 2
20 4 2
20 5 2
20 6 2
20 7 2
20 8 2
20 9 2
20 10 2
20 11 2
20 12 2
20 13 2
20 14 2
20 15 2
20 16 2
20 17 2
20 18 2
20 19 2
20 20 77
20 21 71
20 22 78
20 23 76
20 24 73
20 25 71
20 26 80
20 27 78
20 28 80
20 29 72
20 30 80
20 31 81
20 32 71
20 33 76
20 34 79
20 35 85
20 36 87
20 37 77
20 38 77
20 39 78
20 40 84
20 41 76
20 42 84
20 43 88
20 44 79
20 45 71
20 46 86
20 47 72
20 48 83
20 49 78
20 50 83
20 51 82
20 52 78
20 53 78
20 54 82
20 55 82
20 56 78
20 57 76
20 58 80
20 59 82
20 60 80
20 61 74
20 62 82
20 63 76
20 64 86
20 65 82
20 66 92
20 67 80
20 68 88
20 69 87
20 70 79
20 71 86
20 72 88
20 73 86
20 74 80
20 75 91
20 76 85
20 77 84
20 78 94
20 79 81
20 80 88
20 81 84
20 82 89
20 83 92
20 84 81
20 85 87
20 86 86
20 87 80
20 88 81
20 89 77
20 90 85
20 91 93
20 92 88
20 93 76
20 94 87
20 95 80
20 96 81
20 97 83
20 98 90
20 99 89
20 100 91
20 101 34
21 1 2
21 2 2
21 3 2
21 4 2
21 5 2
21 6 2
21 7 2
21 8 2
21 9 2
21 10 2
21 11 2
21 12 2
21 13 2
21 14 2
21 15 2
21 16 2
21 17 2
21 18 2
21 19 2
21 20 2
21 21 81
21 22 96
21 23 92
21 24 87
21 25 80
21 26 90
21 27 92
21 28 92
21 29 85
21 30 92
21 31 91
21 32 91
21 33 91
21 34 89
21 35 96
21 36 101
21 37 92
21 38 86
21 39 88
21 40 88
21 41 86
21 42 94
21 43 94
21 44 92
21 45 95
21 46 98
21 47 82
21 48 94
21 49 98
21 50 96
21 51 106
21 52 96
21 53 94
21 54 90
21 55 94
21 56 97
21 57 96
21 58 100
21 59 95
21 60 96
21 61 89
21 62 95
21 63 90
21 64 97
21 65 99
21 66 107
21 67 98
21 68 101
21 69 93
21 70 95
21 71 105
21 72 103
21 73 101
21 74 85
21 75 95
21 76 90
21 77 95
21 78 105
21 79 93
21 80 101
21 81 97
21 82 107
21 83 97
21 84 101
21 85 103
21 86 103
21 87 91
21 88 105
21 89 97
21 90 97
21 91 107
21 92 105
21 93 91
21 94 105
21 95 99
21 96 107
21 97 103
21 98 117
21 99 109
21 100 111
21 101 42
22 1 2
22 2 2
22 3 2
22 4 2
22 5 2
22 6 2
22 7 2
22 8 2
22 9 2
22 10 2
22 11 2
22 12 2
22 13 2
22 14 2
22 15 2
22 16 2
22 17 2
22 18 2
22 19 2
22 20 2
22 21 2
22 22 90
22 23 86
22 24 90
22 25 88
22 26 89
22 27 93
22 28 87
22 29 88
22 30 87
22 31 96
22 32 94
22 33 90
22 34 84
22 35 92
22 36 101
22 37 91
22 38 89
22 39 83
22 40 91
22 41 87
22 42 92
22 43 87
22 44 93
22 45 94
22 46 97
22 47 92
22 48 93
22 49 96
22 50 94
22 51 100
22 52 96
22 53 95
22 54 97
22 55 100
22 56 92
22 57 98
22 58 96
22 59 94
22 60 94
22 61 92
22 62 88
22 63 88
22 64 94
22 65 94
22 66 102
22 67 90
22 68 98
22 69 92
22 70 96
22 71 108
22 72 98
22 73 98
22 74 88
22 75 87
22 76 91
22 77 95
22 78 98
22 79 92
22 80 100
22 81 95
22 82 100
22 83 104
22 84 96
22 85 104
22 86 105
22 87 97
22 88 103
22 89 97
22 90 96
22 91 100
22 92 100
22 93 99
22 94 100
22 95 98
22 96 110
22 97 99
22 98 110
22 99 105
22 100 107
22 101 39
23 1 2
23 2 2
23 3 2
23 4 2
23 5 2
23 6 2
23 7 2
23 8 2
23 9 2
23 10 2
23 11 2
23 12 2
23 13 2
23 14 2
23 15 2
23 16 2
23 17 2
23 18 2
23 19 2
23 20 2
23 21 2
23 22 2
23 23 91
23 24 94
23 25 90
23 26 99
23 27 99
23 28 101
23 29 98
23 30 96
23 31 108
23 32 95
23 33 98
23 34 89
23 35 101
23 36 109
23 37 99
23 38 94
23 39 97
23 40 106
23 41 99
23 42 98
23 43 100
23 44 96
23 45 98
23 46 106
23 47 104
23 48 95
23 49 100
23 50 93
23 51 100
23 52 99
23 53 97
23 54 95
23 55 104
23 56 92
23 57 109
23 58 107
23 59 107
23 60 105
23 61 98
23 62 94
23 63 86
23 64 103
23 65 99
23 66 113
23 67 91
23 68 103
23 69 97
23 70 103
23 71 119
23 72 107
23 73 99
23 74 101
23 75 95
23 76 101
23 77 103
23 78 109
23 79 105
23 80 103
23 81 95
23 82 104
23 83 109
23 84 101
23 85 123
23 86 115
23 87 101
23 88 104
23 89 107
23 90 101
23 91 111
23 92 111
23 93 107
23 94 109
23 95 98
23 96 109
23 97 113
23 98 109
23 99 106
23 100 116
23 101 46
24 1 2
24 2 2
24 3 2
24 4 2
24 5 2
24 6 2
24 7 2
24 8 2
24 9 2
24 10 2
24 11 2
24 12 2
24 13 2
24 14 2
24 15 2
24 16 2
24 17 2
24 18 2
24 19 2
24 20 2
24 21 2
24 22 2
24 23 2
24 24 98
24 25 95
24 26 105
24 27 110
24 28 107
24 29 98
24 30 93
24 31 111
24 32 104
24 33 106
24 34 98
24 35 112
24 36 105
24 37 105
24 38 106
24 39 99
24 40 108
24 41 101
24 42 97
24 43 103
24 44 106
24 45 100
24 46 112
24 47 99
24 48 102
24 49 98
24 50 98
24 51 106
24 52 104
24 53 114
24 54 102
24 55 114
24 56 100
24 57 105
24 58 117
24 59 98
24 60 116
24 61 106
24 62 100
24 63 99
24 64 100
24 65 102
24 66 123
24 67 101
24 68 108
24 69 101
24 70 113
24 71 115
24 72 117
24 73 111
24 74 107
24 75 107
24 76 119
24 77 107
24 78 109
24 79 115
24 80 115
24 81 117
24 82 119
24 83 109
24 84 115
24 85 121
24 86 119
24 87 115
24 88 109
24 89 107
24 90 115
24 91 123
24 92 119
24 93 105
24 94 119
24 95 105
24 96 125
24 97 111
24 98 123
24 99 117
24 100 117
24 101 48
25 1 2
25 2 2
25 3 2
25 4 2
25 5 2
25 6 2
25 7 2
25 8 2
25 9 2
25 10 2
25 11 2
25 12 2
25 13 2
25 14 2
25 15 2
25 16 2
25 17 2
25 18 2
25 19 2
25 20 2
25 21 2
25 22 2
25 23 2
25 24 2
25 25 97
25 26 107
25 27 106
25 28 113
25 29 107
25 30 99
25 31 113
25 32 110
25 33 102
25 34 99
25 35 110
25 36 118
25 37 109
25 38 106
25 39 109
25 40 111
25 41 103
25 42 111
25 43 107
25 44 100
25 45 109
25 46 112
25 47 103
25 48 107
25 49 108
25 50 106
25 51 104
25 52 112
25 53 108
25 54 104
25 55 109
25 56 107
25 57 113
25 58 112
25 59 112
25 60 113
25 61 108
25 62 100
25 63 105
25 64 119
25 65 108
25 66 121
25 67 109
25 68 120
25 69 105
25 70 113
25 71 129
25 72 125
25 73 123
25 74 109
25 75 113
25 76 117
25 77 111
25 78 117
25 79 119
25 80 115
25 81 119
25 82 125
25 83 123
25 84 107
25 85 123
25 86 115
25 87 115
25 88 112
25 89 107
25 90 119
25 91 115
25 92 116
25 93 109
25 94 115
25 95 107
25 96 111
25 97 109
25 98 123
25 99 117
25 100 124
25 101 45
26 1 2
26 2 2
26 3 2
26 4 2
26 5 2
26 6 2
26 7 2
26 8 2
26 9 2
26 10 2
26 11 2
26 12 2
26 13 2
26 14 2
26 15 2
26 16 2
26 17 2
26 18 2
26 19 2
26 20 2
26 21 2
26 22 2
26 23 2
26 24 2
26 25 2
26 26 110
26 27 115
26 28 108
26 29 115
26 30 106
26 31 117
26 32 110
26 33 114
26 34 107
26 35 111
26 36 115
26 37 107
26 38 108
26 39 104
26 40 114
26 41 108
26 42 112
26 43 110
26 44 106
26 45 114
26 46 109
26 47 112
26 48 115
26 49 106
26 50 113
26 51 117
26 52 115
26 53 109
26 54 107
26 55 103
26 56 112
26 57 117
26 58 113
26 59 115
26 60 116
26 61 118
26 62 106
26 63 111
26 64 118
26 65 112
26 66 120
26 67 112
26 68 115
26 69 106
26 70 118
26 71 126
26 72 114
26 73 122
26 74 106
26 75 108
26 76 106
26 77 102
26 78 112
26 79 114
26 80 114
26 81 116
26 82 116
26 83 116
26 84 120
26 85 122
26 86 116
26 87 111
26 88 110
26 89 108
26 90 108
26 91 110
26 92 118
26 93 109
26 94 118
26 95 111
26 96 116
26 97 120
26 98 129
26 99 125
26 100 118
26 101 48
27 1 2
27 2 2
27 3 2
27 4 2
27 5 2
27 6 2
27 7 2
27 8 2
27 9 2
27 10 2
27 11 2
27 12 2
27 13 2
27 14 2
27 15 2
27 16 2
27 17 2
27 18 2
27 19 2
27 20 2
27 21 2
27 22 2
27 23 2
27 24 2
27 25 2
27 26 2
27 27 119
27 28 126
27 29 125
27 30 117
27 31 128
27 32 122
27 33 119
27 34 119
27 35 127
27 36 124
27 37 128
27 38 120
27 39 115
27 40 129
27 41 115
27 42 123
27 43 117
27 44 123
27 45 117
27 46 128
27 47 120
27 48 126
27 49 122
27 50 124
27 51 130
27 52 126
27 53 122
27 54 116
27 55 130
27 56 125
27 57 120
27 58 132
27 59 113
27 60 128
27 61 120
27 62 119
27 63 126
27 64 130
27 65 121
27 66 125
27 67 133
27 68 135
27 69 123
27 70 133
27 71 143
27 72 133
27 73 139
27 74 130
27 75 133
27 76 135
27 77 125
27 78 133
27 79 131
27 80 131
27 81 129
27 82 143
27 83 134
27 84 119
27 85 140
27 86 129
27 87 132
27 88 125
27 89 126
27 90 127
27 91 138
27 92 127
27 93 127
27 94 134
27 95 135
27 96 138
27 97 121
27 98 132
27 99 125
27 100 124
27 101 59
28 1 2
28 2 2
28 3 2
28 4 2
28 5 2
28 6 2
28 7 2
28 8 2
28 9 2
28 10 2
28 11 2
28 12 2
28 13 2
28 14 2
28 15 2
28 16 2
28 17 2
28 18 2
28 19 2
28 20 2
28 21 2
28 22 2
28 23 2
28 24 2
28 25 2
28 26 2
28 27 2
28 28 122
28 29 125
28 30 119
28 31 135
28 32 125
28 33 124
28 34 121
28 35 138
28 36 130
28 37 124
28 38 134
28 39 124
28 40 129
28 41 121
28 42 127
28 43 133
28 44 123
28 45 126
28 46 129
28 47 124
28 48 124
28 49 126
28 50 120
28 51 128
28 52 128
28 53 129
28 54 133
28 55 130
28 56 123
28 57 136
28 58 130
28 59 135
28 60 127
28 61 137
28 62 109
28 63 117
28 64 121
28 65 135
28 66 137
28 67 127
28 68 133
28 69 129
28 70 131
28 71 145
28 72 143
28 73 129
28 74 129
28 75 145
28 76 141
28 77 136
28 78 142
28 79 139
28 80 139
28 81 138
28 82 140
28 83 132
28 84 132
28 85 137
28 86 137
28 87 142
28 88 128
28 89 132
28 90 144
28 91 136
28 92 146
28 93 134
28 94 132
28 95 132
28 96 138
28 97 128
28 98 138
28 99 140
28 100 142
28 101 60
29 1 2
29 2 2
29 3 2
29 4 2
29 5 2
29 6 2
29 7 2
29 8 2
29 9 2
29 10 2
29 11 2
29 12 2
29 13 2
29 14 2
29 15 2
29 16 2
29 17 2
29 18 2
29 19 2
29 20 2
29 21 2
29 22 2
29 23 2
29 24 2
29 25 2
29 26 2
29 27 2
29 28 2
29 29 124
29 30 123
29 31 129
29 32 130
29 33 128
29 34 123
29 35 132
29 36 128
29 37 132
29 38 129
29 39 123
29 40 133
29 41 121
29 42 129
29 43 124
29 44 128
29 45 128
29 46 128
29 47 128
29 48 126
29 49 126
29 50 126
29 51 134
29 52 125
29 53 133
29 54 124
29 55 129
29 56 127
29 57 135
29 58 131
29 59 130
29 60 127
29 61 136
29 62 121
29 63 129
29 64 129
29 65 124
29 66 129
29 67 133
29 68 135
29 69 126
29 70 136
29 71 137
29 72 140
29 73 133
29 74 124
29 75 132
29 76 132
29 77 130
29 78 130
29 79 138
29 80 132
29 81 136
29 82 146
29 83 136
29 84 129
29 85 137
29 86 134
29 87 138
29 88 135
29 89 130
29 90 137
29 91 133
29 92 134
29 93 135
29 94 134
29 95 130
29 96 140
29 97 129
29 98 147
29 99 126
29 100 137
29 101 53
30 1 2
30 2 2
30 3 2
30 4 2
30 5 2
30 6 2
30 7 2
30 8 2
30 9 2
30 10 2
30 11 2
30 12 2
30 13 2
30 14 2
30 15 2
30 16 2
30 17 2
30 18 2
30 19 2
30 20 2
30 21 2
30 22 2
30 23 2
30 24 2
30 25 2
30 26 2
30 27 2
30 28 2
30 29 2
30 30 131
30 31 143
30 32 129
30 33 130
30 34 132
30 35 133
30 36 130
30 37 136
30 38 136
30 39 131
30 40 138
30 41 133
30 42 135
30 43 133
30 44 138
30 45 132
30 46 136
30 47 136
30 48 132
30 49 136
30 50 134
30 51 143
30 52 136
30 53 139
30 54 137
30 55 145
30 56 141
30 57 139
30 58 148
30 59 135
30 60 134
30 61 137
30 62 130
30 63 125
30 64 138
30 65 136
30 66 132
30 67 137
30 68 143
30 69 129
30 70 134
30 71 136
30 72 134
30 73 134
30 74 132
30 75 134
30 76 139
30 77 136
30 78 134
30 79 136
30 80 136
30 81 135
30 82 146
30 83 140
30 84 134
30 85 144
30 86 138
30 87 136
30 88 136
30 89 134
30 90 143
30 91 152
30 92 142
30 93 138
30 94 147
30 95 146
30 96 154
30 97 141
30 98 149
30 99 134
30 100 141
30 101 61
31 1 2
31 2 2
31 3 2
31 4 2
31 5 2
31 6 2
31 7 2
31 8 2
31 9 2
31 10 2
31 11 2
31 12 2
31 13 2
31 14 2
31 15 2
31 16 2
31 17 2
31 18 2
31 19 2
31 20 2
31 21 2
31 22 2
31 23 2
31 24 2
31 25 2
31 26 2
31 27 2
31 28 2
31 29 2
31 30 2
31 31 139
31 32 140
31 33 139
31 34 138
31 35 140
31 36 138
31 37 139
31 38 131
31 39 138
31 40 138
31 41 140
31 42 138
31 43 131
31 44 133
31 45 137
31 46 135
31 47 139
31 48 140
31 49 142
31 50 142
31 51 148
31 52 138
31 53 137
31 54 138
31 55 131
31 56 141
31 57 139
31 58 139
31 59 135
31 60 139
31 61 141
31 62 137
31 63 137
31 64 141
31 65 142
31 66 139
31 67 142
31 68 148
31 69 137
31 70 138
31 71 143
31 72 146
31 73 152
31 74 142
31 75 148
31 76 138
31 77 150
31 78 143
31 79 146
31 80 140
31 81 140
31 82 152
31 83 145
31 84 149
31 85 153
31 86 147
31 87 139
31 88 150
31 89 139
31 90 154
31 91 148
31 92 147
31 93 146
31 94 142
31 95 155
31 96 163
31 97 144
31 98 162
31 99 155
31 100 145
31 101 59
32 1 2
32 2 2
32 3 2
32 4 2
32 5 2
32 6 2
32 7 2
32 8 2
32 9 2
32 10 2
32 11 2
32 12 2
32 13 2
32 14 2
32 15 2
32 16 2
32 17 2
32 18 2
32 19 2
32 20 2
32 21 2
32 22 2
32 23 2
32 24 2
32 25 2
32 26 2
32 27 2
32 28 2
32 29 2
32 30 2
32 31 2
32 32 138
32 33 154
32 34 144
32 35 145
32 36 156
32 37 148
32 38 153
32 39 143
32 40 149
32 41 147
32 42 142
32 43 147
32 44 143
32 45 147
32 46 145
32 47 144
32 48 145
32 49 142
32 50 156
32 51 160
32 52 152
32 53 146
32 54 157
32 55 150
32 56 148
32 57 153
32 58 155
32 59 152
32 60 147
32 61 149
32 62 141
32 63 139
32 64 145
32 65 158
32 66 150
32 67 150
32 68 160
32 69 145
32 70 152
32 71 162
32 72 157
32 73 160
32 74 146
32 75 161
32 76 150
32 77 152
32 78 157
32 79 150
32 80 150
32 81 148
32 82 154
32 83 150
32 84 150
32 85 162
32 86 158
32 87 150
32 88 144
32 89 154
32 90 152
32 91 157
32 92 154
32 93 147
32 94 162
32 95 155
32 96 159
32 97 147
32 98 147
32 99 159
32 100 160
32 101 69
33 1 2
33 2 2
33 3 2
33 4 2
33 5 2
33 6 2
33 7 2
33 8 2
33 9 2
33 10 2
33 11 2
33 12 2
33 13 2
33 14 2
33 15 2
33 16 2
33 17 2
33 18 2
33 19 2
33 20 2
33 21 2
33 22 2
33 23 2
33 24 2
33 25 2
33 26 2
33 27 2
33 28 2
33 29 2
33 30 2
33 31 2
33 32 2
33 33 148
33 34 151
33 35 146
33 36 155
33 37 149
33 38 147
33 39 148
33 40 147
33 41 153
33 42 147
33 43 143
33 44 148
33 45 146
33 46 154
33 47 146
33 48 146
33 49 149
33 50 148
33 51 153
33 52 149
33 53 149
33 54 146
33 55 156
33 56 145
33 57 157
33 58 158
33 59 146
33 60 152
33 61 146
33 62 148
33 63 150
33 64 146
33 65 152
33 66 150
33 67 151
33 68 153
33 69 148
33 70 153
33 71 153
33 72 159
33 73 149
33 74 147
33 75 155
33 76 150
33 77 151
33 78 149
33 79 151
33 80 150
33 81 151
33 82 160
33 83 147
33 84 159
33 85 162
33 86 152
33 87 151
33 88 157
33 89 153
33 90 150
33 91 158
33 92 144
33 93 154
33 94 159
33 95 150
33 96 162
33 97 145
33 98 160
33 99 152
33 100 156
33 101 66
34 1 2
34 2 2
34 3 2
34 4 2
34 5 2
34 6 2
34 7 2
34 8 2
34 9 2
34 10 2
34 11 2
34 12 2
34 13 2
34 14 2
34 15 2
34 16 2
34 17 2
34 18 2
34 19 2
34 20 2
34 21 2
34 22 2
34 23 2
34 24 2
34 25 2
34 26 2
34 27 2
34 28 2
34 29 2
34 30 2
34 31 2
34 32 2
34 33 2
34 34 150
34 35 155
34 36 159
34 37 156
34 38 154
34 39 150
34 40 150
34 41 155
34 42 157
34 43 150
34 44 150
34 45 146
34 46 157
34 47 151
34 48 149
34 49 159
34 50 151
34 51 156
34 52 151
34 53 152
34 54 156
34 55 162
34 56 148
34 57 162
34 58 159
34 59 159
34 60 156
34 61 157
34 62 149
34 63 155
34 64 151
34 65 163
34 66 157
34 67 150
34 68 164
34 69 152
34 70 156
34 71 159
34 72 162
34 73 164
34 74 160
34 75 164
34 76 158
34 77 156
34 78 160
34 79 160
34 80 152
34 81 168
34 82 166
34 83 154
34 84 166
34 85 168
34 86 169
34 87 157
34 88 161
34 89 161
34 90 155
34 91 161
34 92 157
34 93 156
34 94 163
34 95 161
34 96 166
34 97 157
34 98 164
34 99 163
34 100 157
34 101 70
35 1 2
35 2 2
35 3 2
35 4 2
35 5 2
35 6 2
35 7 2
35 8 2
35 9 2
35 10 2
35 11 2
35 12 2
35 13 2
35 14 2
35 15 2
35 16 2
35 17 2
35 18 2
35 19 2
35 20 2
35 21 2
35 22 2
35 23 2
35 24 2
35 25 2
35 26 2
35 27 2
35 28 2
35 29 2
35 30 2
35 31 2
35 32 2
35 33 2
35 34 2
35 35 157
35 36 158
35 37 159
35 38 158
35 39 162
35 40 155
35 41 161
35 42 162
35 43 156
35 44 152
35 45 160
35 46 159
35 47 165
35 48 163
35 49 167
35 50 159
35 51 166
35 52 160
35 53 154
35 54 160
35 55 156
35 56 166
35 57 156
35 58 159
35 59 159
35 60 161
35 61 155
35 62 159
35 63 153
35 64 155
35 65 165
35 66 161
35 67 160
35 68 162
35 69 158
35 70 156
35 71 160
35 72 170
35 73 164
35 74 162
35 75 170
35 76 158
35 77 167
35 78 168
35 79 171
35 80 162
35 81 164
35 82 171
35 83 168
35 84 165
35 85 167
35 86 159
35 87 161
35 88 171
35 89 165
35 90 171
35 91 159
35 92 155
35 93 167
35 94 157
35 95 166
35 96 175
35 97 159
35 98 177
35 99 170
35 100 170
35 101 70
36 1 2
36 2 2
36 3 2
36 4 2
36 5 2
36 6 2
36 7 2
36 8 2
36 9 2
36 10 2
36 11 2
36 12 2
36 13 2
36 14 2
36 15 2
36 16 2
36 17 2
36 18 2
36 19 2
36 20 2
36 21 2
36 22 2
36 23 2
36 24 2
36 25 2
36 26 2
36 27 2
36 28 2
36 29 2
36 30 2
36 31 2
36 32 2
36 33 2
36 34 2
36 35 2
36 36 159
36 37 160
36 38 161
36 39 162
36 40 160
36 41 162
36 42 165
36 43 153
36 44 163
36 45 166
36 46 163
36 47 161
36 48 163
36 49 157
36 50 157
36 51 167
36 52 157
36 53 164
36 54 156
36 55 162
36 56 164
36 57 163
36 58 165
36 59 163
36 60 159
36 61 165
36 62 157
36 63 157
36 64 153
36 65 159
36 66 159
36 67 161
36 68 170
36 69 156
36 70 166
36 71 160
36 72 174
36 73 168
36 74 170
36 75 170
36 76 159
36 77 166
36 78 168
36 79 171
36 80 163
36 81 163
36 82 173
36 83 165
36 84 167
36 85 169
36 86 165
36 87 173
36 88 166
36 89 159
36 90 173
36 91 161
36 92 167
36 93 163
36 94 169
36 95 172
36 96 185
36 97 159
36 98 173
36 99 177
36 100 171
36 101 68
37 1 2
37 2 2
37 3 2
37 4 2
37 5 2
37 6 2
37 7 2
37 8 2
37 9 2
37 10 2
37 11 2
37 12 2
37 13 2
37 14 2
37 15 2
37 16 2
37 17 2
37 18 2
37 19 2
37 20 2
37 21 2
37 22 2
37 23 2
37 24 2
37 25 2
37 26 2
37 27 2
37 28 2
37 29 2
37 30 2
37 31 2
37 32 2
37 33 2
37 34 2
37 35 2
37 36 2
37 37 166
37 38 178
37 39 165
37 40 168
37 41 167
37 42 171
37 43 167
37 44 166
37 45 172
37 46 169
37 47 174
37 48 164
37 49 167
37 50 176
37 51 180
37 52 166
37 53 171
37 54 174
37 55 171
37 56 177
37 57 179
37 58 171
37 59 175
37 60 174
37 61 170
37 62 170
37 63 164
37 64 171
37 65 174
37 66 172
37 67 170
37 68 186
37 69 167
37 70 173
37 71 183
37 72 177
37 73 171
37 74 173
37 75 187
37 76 170
37 77 173
37 78 186
37 79 177
37 80 177
37 81 167
37 82 188
37 83 169
37 84 177
37 85 178
37 86 184
37 87 176
37 88 172
37 89 188
37 90 186
37 91 178
37 92 178
37 93 172
37 94 186
37 95 176
37 96 191
37 97 168
37 98 170
37 99 183
37 100 183
37 101 79
38 1 2
38 2 2
38 3 2
38 4 2
38 5 2
38 6 2
38 7 2
38 8 2
38 9 2
38 10 2
38 11 2
38 12 2
38 13 2
38 14 2
38 15 2
38 16 2
38 17 2
38 18 2
38 19 2
38 20 2
38 21 2
38 22 2
38 23 2
38 24 2
38 25 2
38 26 2
38 27 2
38 28 2
38 29 2
38 30 2
38 31 2
38 32 2
38 33 2
38 34 2
38 35 2
38 36 2
38 37 2
38 38 179
38 39 181
38 40 173
38 41 180
38 42 170
38 43 175
38 44 180
38 45 170
38 46 179
38 47 177
38 48 173
38 49 179
38 50 170
38 51 176
38 52 174
38 53 186
38 54 168
38 55 185
38 56 175
38 57 169
38 58 182
38 59 175
38 60 179
38 61 180
38 62 174
38 63 174
38 64 168
38 65 179
38 66 183
38 67 168
38 68 180
38 69 177
38 70 173
38 71 179
38 72 181
38 73 173
38 74 165
38 75 177
38 76 173
38 77 178
38 78 174
38 79 173
38 80 174
38 81 184
38 82 189
38 83 163
38 84 188
38 85 184
38 86 186
38 87 182
38 88 182
38 89 178
38 90 183
38 91 188
38 92 184
38 93 176
38 94 190
38 95 176
38 96 199
38 97 177
38 98 179
38 99 189
38 100 179
38 101 82
39 1 2
39 2 2
39 3 2
39 4 2
39 5 2
39 6 2
39 7 2
39 8 2
39 9 2
39 10 2
39 11 2
39 12 2
39 13 2
39 14 2
39 15 2
39 16 2
39 17 2
39 18 2
39 19 2
39 20 2
39 21 2
39 22 2
39 23 2
39 24 2
39 25 2
39 26 2
39 27 2
39 28 2
39 29 2
39 30 2
39 31 2
39 32 2
39 33 2
39 34 2
39 35 2
39 36 2
39 37 2
39 38 2
39 39 179
39 40 180
39 41 179
39 42 188
39 43 180
39 44 183
39 45 176
39 46 184
39 47 184
39 48 177
39 49 183
39 50 178
39 51 192
39 52 176
39 53 185
39 54 184
39 55 191
39 56 183
39 57 179
39 58 188
39 59 185
39 60 189
39 61 177
39 62 180
39 63 174
39 64 178
39 65 188
39 66 181
39 67 180
39 68 185
39 69 177
39 70 183
39 71 179
39 72 181
39 73 177
39 74 179
39 75 189
39 76 179
39 77 189
39 78 179
39 79 183
39 80 176
39 81 179
39 82 185
39 83 189
39 84 180
39 85 184
39 86 186
39 87 184
39 88 178
39 89 184
39 90 184
39 91 194
39 92 184
39 93 180
39 94 188
39 95 191
39 96 193
39 97 180
39 98 187
39 99 185
39 100 185
39 101 82
40 1 2
40 2 2
40 3 2
40 4 2
40 5 2
40 6 2
40 7 2
40 8 2
40 9 2
40 10 2
40 11 2
40 12 2
40 13 2
40 14 2
40 15 2
40 16 2
40 17 2
40 18 2
40 19 2
40 20 2
40 21 2
40 22 2
40 23 2
40 24 2
40 25 2
40 26 2
40 27 2
40 28 2
40 29 2
40 30 2
40 31 2
40 32 2
40 33 2
40 34 2
40 35 2
40 36 2
40 37 2
40 38 2
40 39 2
40 40 186
40 41 191
40 42 192
40 43 185
40 44 186
40 45 186
40 46 184
40 47 185
40 48 186
40 49 185
40 50 178
40 51 188
40 52 184
40 53 185
40 54 185
40 55 193
40 56 186
40 57 186
40 58 186
40 59 190
40 60 179
40 61 182
40 62 187
40 63 184
40 64 183
40 65 187
40 66 181
40 67 185
40 68 185
40 69 176
40 70 184
40 71 182
40 72 191
40 73 188
40 74 184
40 75 188
40 76 191
40 77 186
40 78 193
40 79 182
40 80 182
40 81 187
40 82 192
40 83 186
40 84 197
40 85 193
40 86 191
40 87 185
40 88 193
40 89 192
40 90 193
40 91 192
40 92 189
40 93 180
40 94 187
40 95 190
40 96 189
40 97 183
40 98 190
40 99 198
40 100 186
40 101 84
41 1 2
41 2 2
41 3 2
41 4 2
41 5 2
41 6 2
41 7 2
41 8 2
41 9 2
41 10 2
41 11 2
41 12 2
41 13 2
41 14 2
41 15 2
41 16 2
41 17 2
41 18 2
41 19 2
41 20 2
41 21 2
41 22 2
41 23 2
41 24 2
41 25 2
41 26 2
41 27 2
41 28 2
41 29 2
41 30 2
41 31 2
41 32 2
41 33 2
41 34 2
41 35 2
41 36 2
41 37 2
41 38 2
41 39 2
41 40 2
41 41 192
41 42 198
41 43 192
41 44 194
41 45 194
41 46 194
41 47 195
41 48 190
41 49 193
41 50 190
41 51 200
41 52 186
41 53 198
41 54 191
41 55 195
41 56 195
41 57 193
41 58 198
41 59 196
41 60 198
41 61 190
41 62 188
41 63 189
41 64 185
41 65 198
41 66 187
41 67 189
41 68 193
41 69 193
41 70 187
41 71 194
41 72 195
41 73 190
41 74 188
41 75 204
41 76 190
41 77 196
41 78 195
41 79 188
41 80 194
41 81 198
41 82 191
41 83 195
41 84 199
41 85 193
41 86 195
41 87 197
41 88 197
41 89 195
41 90 203
41 91 186
41 92 186
41 93 192
41 94 197
41 95 193
41 96 199
41 97 188
41 98 199
41 99 198
41 100 198
41 101 88
42 1 2
42 2 2
42 3 2
42 4 2
42 5 2
42 6 2
42 7 2
42 8 2
42 9 2
42 10 2
42 11 2
42 12 2
42 13 2
42 14 2
42 15 2
42 16 2
42 17 2
42 18 2
42 19 2
42 20 2
42 21 2
42 22 2
42 23 2
42 24 2
42 25 2
42 26 2
42 27 2
42 28 2
42 29 2
42 30 2
42 31 2
42 32 2
42 33 2
42 34 2
42 35 2
42 36 2
42 37 2
42 38 2
42 39 2
42 40 2
42 41 2
42 42 223
42 43 216
42 44 219
42 45 214
42 46 216
42 47 220
42 48 216
42 49 214
42 50 212
42 51 225
42 52 211
42 53 224
42 54 217
42 55 224
42 56 220
42 57 220
42 58 217
42 59 219
42 60 221
42 61 211
42 62 215
42 63 213
42 64 210
42 65 232
42 66 220
42 67 212
42 68 220
42 69 221
42 70 217
42 71 221
42 72 219
42 73 211
42 74 217
42 75 231
42 76 211
42 77 225
42 78 219
42 79 222
42 80 216
42 81 222
42 82 224
42 83 224
42 84 220
42 85 218
42 86 224
42 87 220
42 88 222
42 89 224
42 90 225
42 91 221
42 92 213
42 93 224
42 94 227
42 95 225
42 96 231
42 97 216
42 98 223
42 99 235
42 100 221
42 101 81
43 1 2
43 2 2
43 3 2
43 4 2
43 5 2
43 6 2
43 7 2
43 8 2
43 9 2
43 10 2
43 11 2
43 12 2
43 13 2
43 14 2
43 15 2
43 16 2
43 17 2
43 18 2
43 19 2
43 20 2
43 21 2
43 22 2
43 23 2
43 24 2
43 25 2
43 26 2
43 27 2
43 28 2
43 29 2
43 30 2
43 31 2
43 32 2
43 33 2
43 34 2
43 35 2
43 36 2
43 37 2
43 38 2
43 39 2
43 40 2
43 41 2
43 42 2
43 43 223
43 44 228
43 45 221
43 46 228
43 47 228
43 48 229
43 49 229
43 50 226
43 51 239
43 52 224
43 53 237
43 54 229
43 55 231
43 56 236
43 57 226
43 58 230
43 59 239
43 60 241
43 61 231
43 62 231
43 63 221
43 64 219
43 65 238
43 66 242
43 67 224
43 68 227
43 69 225
43 70 238
43 71 231
43 72 225
43 73 231
43 74 229
43 75 233
43 76 226
43 77 243
43 78 232
43 79 239
43 80 228
43 81 237
43 82 230
43 83 230
43 84 240
43 85 232
43 86 230
43 87 235
43 88 244
43 89 218
43 90 237
43 91 233
43 92 230
43 93 226
43 94 240
43 95 238
43 96 242
43 97 237
43 98 231
43 99 249
43 100 235
43 101 91
44 1 2
44 2 2
44 3 2
44 4 2
44 5 2
44 6 2
44 7 2
44 8 2
44 9 2
44 10 2
44 11 2
44 12 2
44 13 2
44 14 2
44 15 2
44 16 2
44 17 2
44 18 2
44 19 2
44 20 2
44 21 2
44 22 2
44 23 2
44 24 2
44 25 2
44 26 2
44 27 2
44 28 2
44 29 2
44 30 2
44 31 2
44 32 2
44 33 2
44 34 2
44 35 2
44 36 2
44 37 2
44 38 2
44 39 2
44 40 2
44 41 2
44 42 2
44 43 2
44 44 233
44 45 238
44 46 235
44 47 234
44 48 234
44 49 231
44 50 231
44 51 244
44 52 234
44 53 245
44 54 239
44 55 245
44 56 238
44 57 236
44 58 241
44 59 240
44 60 235
44 61 231
44 62 233
44 63 230
44 64 228
44 65 243
44 66 240
44 67 230
44 68 240
44 69 235
44 70 238
44 71 239
44 72 239
44 73 235
44 74 239
44 75 245
44 76 240
44 77 239
44 78 243
44 79 244
44 80 230
44 81 238
44 82 242
44 83 243
44 84 232
44 85 238
44 86 239
44 87 248
44 88 233
44 89 241
44 90 241
44 91 237
44 92 249
44 93 237
44 94 234
44 95 239
44 96 239
44 97 233
44 98 231
44 99 247
44 100 225
44 101 92
45 1 2
45 2 2
45 3 2
45 4 2
45 5 2
45 6 2
45 7 2
45 8 2
45 9 2
45 10 2
45 11 2
45 12 2
45 13 2
45 14 2
45 15 2
45 16 2
45 17 2
45 18 2
45 19 2
45 20 2
45 21 2
45 22 2
45 23 2
45 24 2
45 25 2
45 26 2
45 27 2
45 28 2
45 29 2
45 30 2
45 31 2
45 32 2
45 33 2
45 34 2
45 35 2
45 36 2
45 37 2
45 38 2
45 39 2
45 40 2
45 41 2
45 42 2
45 43 2
45 44 2
45 45 240
45 46 252
45 47 251
45 48 239
45 49 244
45 50 243
45 51 251
45 52 242
45 53 252
45 54 242
45 55 251
45 56 243
45 57 247
45 58 250
45 59 251
45 60 250
45 61 242
45 62 249
45 63 247
45 64 240
45 65 262
45 66 252
45 67 242
45 68 256
45 69 250
45 70 252
45 71 255
45 72 242
45 73 249
45 74 255
45 75 265
45 76 239
45 77 247
45 78 254
45 79 252
45 80 244
45 81 254
45 82 254
45 83 256
45 84 252
45 85 244
45 86 244
45 87 260
45 88 256
45 89 251
45 90 255
45 91 253
45 92 245
45 93 253
45 94 251
45 95 251
45 96 267
45 97 255
45 98 251
45 99 261
45 100 251
45 101 100
46 1 2
46 2 2
46 3 2
46 4 2
46 5 2
46 6 2
46 7 2
46 8 2
46 9 2
46 10 2
46 11 2
46 12 2
46 13 2
46 14 2
46 15 2
46 16 2
46 17 2
46 18 2
46 19 2
46 20 2
46 21 2
46 22 2
46 23 2
46 24 2
46 25 2
46 26 2
46 27 2
46 28 2
46 29 2
46 30 2
46 31 2
46 32 2
46 33 2
46 34 2
46 35 2
46 36 2
46 37 2
46 38 2
46 39 2
46 40 2
46 41 2
46 42 2
46 43 2
46 44 2
46 45 2
46 46 252
46 47 253
46 48 247
46 49 253
46 50 249
46 51 252
46 52 248
46 53 260
46 54 246
46 55 254
46 56 246
46 57 251
46 58 248
46 59 257
46 60 248
46 61 250
46 62 244
46 63 250
46 64 241
46 65 255
46 66 253
46 67 245
46 68 259
46 69 258
46 70 243
46 71 246
46 72 245
46 73 247
46 74 250
46 75 263
46 76 247
46 77 253
46 78 253
46 79 259
46 80 247
46 81 257
46 82 247
46 83 258
46 84 244
46 85 247
46 86 252
46 87 254
46 88 248
46 89 252
46 90 256
46 91 248
46 92 255
46 93 248
46 94 248
46 95 249
46 96 261
46 97 245
46 98 253
46 99 257
46 100 245
46 101 96
47 1 2
47 2 2
47 3 2
47 4 2
47 5 2
47 6 2
47 7 2
47 8 2
47 9 2
47 10 2
47 11 2
47 12 2
47 13 2
47 14 2
47 15 2
47 16 2
47 17 2
47 18 2
47 19 2
47 20 2
47 21 2
47 22 2
47 23 2
47 24 2
47 25 2
47 26 2
47 27 2
47 28 2
47 29 2
47 30 2
47 31 2
47 32 2
47 33 2
47 34 2
47 35 2
47 36 2
47 37 2
47 38 2
47 39 2
47 40 2
47 41 2
47 42 2
47 43 2
47 44 2
47 45 2
47 46 2
47 47 262
47 48 259
47 49 265
47 50 252
47 51 280
47 52 255
47 53 271
47 54 266
47 55 262
47 56 265
47 57 261
47 58 273
47 59 262
47 60 266
47 61 266
47 62 257
47 63 258
47 64 255
47 65 278
47 66 273
47 67 256
47 68 266
47 69 262
47 70 266
47 71 258
47 72 263
47 73 265
47 74 265
47 75 283
47 76 261
47 77 267
47 78 279
47 79 273
47 80 255
47 81 270
47 82 272
47 83 270
47 84 276
47 85 262
47 86 281
47 87 272
47 88 267
47 89 275
47 90 257
47 91 267
47 92 263
47 93 261
47 94 275
47 95 264
47 96 270
47 97 263
47 98 265
47 99 273
47 100 269
47 101 107
48 1 2
48 2 2
48 3 2
48 4 2
48 5 2
48 6 2
48 7 2
48 8 2
48 9 2
48 10 2
48 11 2
48 12 2
48 13 2
48 14 2
48 15 2
48 16 2
48 17 2
48 18 2
48 19 2
48 20 2
48 21 2
48 22 2
48 23 2
48 24 2
48 25 2
48 26 2
48 27 2
48 28 2
48 29 2
48 30 2
48 31 2
48 32 2
48 33 2
48 34 2
48 35 2
48 36 2
48 37 2
48 38 2
48 39 2
48 40 2
48 41 2
48 42 2
48 43 2
48 44 2
48 45 2
48 46 2
48 47 2
48 48 266
48 49 273
48 50 269
48 51 273
48 52 268
48 53 274
48 54 265
48 55 270
48 56 264
48 57 274
48 58 271
48 59 271
48 60 267
48 61 268
48 62 272
48 63 270
48 64 259
48 65 280
48 66 274
48 67 274
48 68 268
48 69 266
48 70 278
48 71 272
48 72 269
48 73 275
48 74 269
48 75 281
48 76 265
48 77 272
48 78 272
48 79 272
48 80 260
48 81 277
48 82 266
48 83 274
48 84 276
48 85 275
48 86 270
48 87 274
48 88 283
48 89 266
48 90 270
48 91 275
48 92 267
48 93 269
48 94 279
48 95 275
48 96 268
48 97 274
48 98 268
48 99 280
48 100 276
48 101 109
49 1 2
49 2 2
49 3 2
49 4 2
49 5 2
49 6 2
49 7 2
49 8 2
49 9 2
49 10 2
49 11 2
49 12 2
49 13 2
49 14 2
49 15 2
49 16 2
49 17 2
49 18 2
49 19 2
49 20 2
49 21 2
49 22 2
49 23 2
49 24 2
49 25 2
49 26 2
49 27 2
49 28 2
49 29 2
49 30 2
49 31 2
49 32 2
49 33 2
49 34 2
49 35 2
49 36 2
49 37 2
49 38 2
49 39 2
49 40 2
49 41 2
49 42 2
49 43 2
49 44 2
49 45 2
49 46 2
49 47 2
49 48 2
49 49 279
49 50 277
49 51 294
49 52 275
49 53 285
49 54 288
49 55 276
49 56 282
49 57 273
49 58 291
49 59 284
49 60 285
49 61 285
49 62 281
49 63 276
49 64 274
49 65 286
49 66 285
49 67 280
49 68 283
49 69 279
49 70 285
49 71 283
49 72 279
49 73 282
49 74 278
49 75 294
49 76 282
49 77 282
49 78 293
49 79 289
49 80 290
49 81 286
49 82 291
49 83 285
49 84 287
49 85 287
49 86 287
49 87 284
49 88 288
49 89 292
49 90 278
49 91 286
49 92 270
49 93 288
49 94 288
49 95 283
49 96 290
49 97 288
49 98 281
49 99 285
49 100 284
49 101 114
50 1 2
50 2 2
50 3 2
50 4 2
50 5 2
50 6 2
50 7 2
50 8 2
50 9 2
50 10 2
50 11 2
50 12 2
50 13 2
50 14 2
50 15 2
50 16 2
50 17 2
50 18 2
50 19 2
50 20 2
50 21 2
50 22 2
50 23 2
50 24 2
50 25 2
50 26 2
50 27 2
50 28 2
50 29 2
50 30 2
50 31 2
50 32 2
50 33 2
50 34 2
50 35 2
50 36 2
50 37 2
50 38 2
50 39 2
50 40 2
50 41 2
50 42 2
50 43 2
50 44 2
50 45 2
50 46 2
50 47 2
50 48 2
50 49 2
50 50 284
50 51 294
50 52 286
50 53 295
50 54 290
50 55 289
50 56 287
50 57 286
50 58 288
50 59 292
50 60 287
50 61 285
50 62 284
50 63 282
50 64 278
50 65 296
50 66 287
50 67 281
50 68 288
50 69 284
50 70 286
50 71 290
50 72 285
50 73 285
50 74 281
50 75 293
50 76 283
50 77 289
50 78 287
50 79 291
50 80 281
50 81 296
50 82 290
50 83 290
50 84 294
50 85 288
50 86 291
50 87 286
50 88 295
50 89 292
50 90 293
50 91 289
50 92 289
50 93 287
50 94 292
50 95 292
50 96 293
50 97 292
50 98 282
50 99 291
50 100 282
50 101 112
51 1 2
51 2 2
51 3 2
51 4 2
51 5 2
51 6 2
51 7 2
51 8 2
51 9 2
51 10 2
51 11 2
51 12 2
51 13 2
51 14 2
51 15 2
51 16 2
51 17 2
51 18 2
51 19 2
51 20 2
51 21 2
51 22 2
51 23 2
51 24 2
51 25 2
51 26 2
51 27 2
51 28 2
51 29 2
51 30 2
51 31 2
51 32 2
51 33 2
51 34 2
51 35 2
51 36 2
51 37 2
51 38 2
51 39 2
51 40 2
51 41 2
51 42 2
51 43 2
51 44 2
51 45 2
51 46 2
51 47 2
51 48 2
51 49 2
51 50 2
51 51 320
51 52 307
51 53 318
51 54 313
51 55 310
51 56 312
51 57 307
51 58 318
51 59 312
51 60 314
51 61 309
51 62 307
51 63 300
51 64 298
51 65 322
51 66 322
51 67 307
51 68 315
51 69 303
51 70 320
51 71 308
51 72 314
51 73 316
51 74 307
51 75 329
51 76 304
51 77 309
51 78 315
51 79 315
51 80 308
51 81 319
51 82 316
51 83 314
51 84 318
51 85 316
51 86 314
51 87 314
51 88 320
51 89 314
51 90 320
51 91 317
51 92 315
51 93 313
51 94 317
51 95 322
51 96 324
51 97 314
51 98 314
51 99 321
51 100 314
51 101 132
52 1 2
52 2 2
52 3 2
52 4 2
52 5 2
52 6 2
52 7 2
52 8 2
52 9 2
52 10 2
52 11 2
52 12 2
52 13 2
52 14 2
52 15 2
52 16 2
52 17 2
52 18 2
52 19 2
52 20 2
52 21 2
52 22 2
52 23 2
52 24 2
52 25 2
52 26 2
52 27 2
52 28 2
52 29 2
52 30 2
52 31 2
52 32 2
52 33 2
52 34 2
52 35 2
52 36 2
52 37 2
52 38 2
52 39 2
52 40 2
52 41 2
52 42 2
52 43 2
52 44 2
52 45 2
52 46 2
52 47 2
52 48 2
52 49 2
52 50 2
52 51 309
52 52 298
52 53 307
52 54 296
52 55 299
52 56 305
52 57 301
52 58 302
52 59 301
52 60 303
52 61 298
52 62 308
52 63 302
52 64 298
52 65 307
52 66 305
52 67 301
52 68 306
52 69 306
52 70 306
52 71 298
52 72 295
52 73 309
52 74 299
52 75 305
52 76 295
52 77 299
52 78 306
52 79 302
52 80 298
52 81 308
52 82 304
52 83 300
52 84 308
52 85 299
52 86 305
52 87 299
52 88 300
52 89 303
52 90 303
52 91 307
52 92 296
52 93 299
52 94 306
52 95 304
52 96 298
52 97 304
52 98 300
52 99 306
52 100 299
52 101 127
53 1 2
53 2 2
53 3 2
53 4 2
53 5 2
53 6 2
53 7 2
53 8 2
53 9 2
53 10 2
53 11 2
53 12 2
53 13 2
53 14 2
53 15 2
53 16 2
53 17 2
53 18 2
53 19 2
53 20 2
53 21 2
53 22 2
53 23 2
53 24 2
53 25 2
53 26 2
53 27 2
53 28 2
53 29 2
53 30 2
53 31 2
53 32 2
53 33 2
53 34 2
53 35 2
53 36 2
53 37 2
53 38 2
53 39 2
53 40 2
53 41 2
53 42 2
53 43 2
53 44 2
53 45 2
53 46 2
53 47 2
53 48 2
53 49 2
53 50 2
53 51 325
53 52 319
53 53 328
53 54 315
53 55 313
53 56 315
53 57 317
53 58 324
53 59 317
53 60 317
53 61 317
53 62 310
53 63 312
53 64 306
53 65 327
53 66 327
53 67 313
53 68 325
53 69 315
53 70 322
53 71 314
53 72 318
53 73 314
53 74 313
53 75 335
53 76 305
53 77 322
53 78 314
53 79 328
53 80 305
53 81 330
53 82 314
53 83 314
53 84 318
53 85 319
53 86 320
53 87 318
53 88 320
53 89 315
53 90 323
53 91 320
53 92 311
53 93 311
53 94 322
53 95 318
53 96 329
53 97 305
53 98 320
53 99 324
53 100 310
53 101 142
54 1 2
54 2 2
54 3 2
54 4 2
54 5 2
54 6 2
54 7 2
54 8 2
54 9 2
54 10 2
54 11 2
54 12 2
54 13 2
54 14 2
54 15 2
54 16 2
54 17 2
54 18 2
54 19 2
54 20 2
54 21 2
54 22 2
54 23 2
54 24 2
54 25 2
54 26 2
54 27 2
54 28 2
54 29 2
54 30 2
54 31 2
54 32 2
54 33 2
54 34 2
54 35 2
54 36 2
54 37 2
54 38 2
54 39 2
54 40 2
54 41 2
54 42 2
54 43 2
54 44 2
54 45 2
54 46 2
54 47 2
54 48 2
54 49 2
54 50 2
54 51 304
54 52 297
54 53 300
54 54 301
54 55 298
54 56 301
54 57 295
54 58 299
54 59 300
54 60 303
54 61 297
54 62 292
54 63 296
54 64 291
54 65 301
54 66 303
54 67 293
54 68 302
54 69 296
54 70 296
54 71 301
54 72 295
54 73 291
54 74 297
54 75 300
54 76 297
54 77 299
54 78 303
54 79 299
54 80 294
54 81 300
54 82 296
54 83 304
54 84 298
54 85 297
54 86 301
54 87 297
54 88 301
54 89 297
54 90 303
54 91 291
54 92 296
54 93 299
54 94 297
54 95 302
54 96 298
54 97 296
54 98 304
54 99 300
54 100 290
54 101 121
55 1 2
55 2 2
55 3 2
55 4 2
55 5 2
55 6 2
55 7 2
55 8 2
55 9 2
55 10 2
55 11 2
55 12 2
55 13 2
55 14 2
55 15 2
55 16 2
55 17 2
55 18 2
55 19 2
55 20 2
55 21 2
55 22 2
55 23 2
55 24 2
55 25 2
55 26 2
55 27 2
55 28 2
55 29 2
55 30 2
55 31 2
55 32 2
55 33 2
55 34 2
55 35 2
55 36 2
55 37 2
55 38 2
55 39 2
55 40 2
55 41 2
55 42 2
55 43 2
55 44 2
55 45 2
55 46 2
55 47 2
55 48 2
55 49 2
55 50 2
55 51 317
55 52 314
55 53 313
55 54 311
55 55 310
55 56 315
55 57 304
55 58 310
55 59 319
55 60 319
55 61 310
55 62 318
55 63 315
55 64 312
55 65 329
55 66 329
55 67 317
55 68 325
55 69 318
55 70 322
55 71 318
55 72 311
55 73 321
55 74 311
55 75 330
55 76 309
55 77 320
55 78 324
55 79 328
55 80 304
55 81 322
55 82 323
55 83 312
55 84 322
55 85 308
55 86 315
55 87 311
55 88 321
55 89 312
55 90 315
55 91 313
55 92 302
55 93 315
55 94 320
55 95 312
55 96 324
55 97 314
55 98 320
55 99 324
55 100 316
55 101 141
56 1 2
56 2 2
56 3 2
56 4 2
56 5 2
56 6 2
56 7 2
56 8 2
56 9 2
56 10 2
56 11 2
56 12 2
56 13 2
56 14 2
56 15 2
56 16 2
56 17 2
56 18 2
56 19 2
56 20 2
56 21 2
56 22 2
56 23 2
56 24 2
56 25 2
56 26 2
56 27 2
56 28 2
56 29 2
56 30 2
56 31 2
56 32 2
56 33 2
56 34 2
56 35 2
56 36 2
56 37 2
56 38 2
56 39 2
56 40 2
56 41 2
56 42 2
56 43 2
56 44 2
56 45 2
56 46 2
56 47 2
56 48 2
56 49 2
56 50 2
56 51 317
56 52 304
56 53 317
56 54 316
56 55 313
56 56 325
56 57 304
56 58 318
56 59 306
56 60 312
56 61 306
56 62 310
56 63 314
56 64 299
56 65 321
56 66 323
56 67 311
56 68 324
56 69 313
56 70 322
56 71 309
56 72 321
56 73 323
56 74 315
56 75 322
56 76 317
56 77 322
56 78 318
56 79 328
56 80 314
56 81 314
56 82 316
56 83 321
56 84 320
56 85 319
56 86 327
56 87 321
56 88 313
56 89 314
56 90 314
56 91 318
56 92 320
56 93 321
56 94 320
56 95 324
56 96 318
56 97 316
56 98 321
56 99 335
56 100 319
56 101 141
57 1 2
57 2 2
57 3 2
57 4 2
57 5 2
57 6 2
57 7 2
57 8 2
57 9 2
57 10 2
57 11 2
57 12 2
57 13 2
57 14 2
57 15 2
57 16 2
57 17 2
57 18 2
57 19 2
57 20 2
57 21 2
57 22 2
57 23 2
57 24 2
57 25 2
57 26 2
57 27 2
57 28 2
57 29 2
57 30 2
57 31 2
57 32 2
57 33 2
57 34 2
57 35 2
57 36 2
57 37 2
57 38 2
57 39 2
57 40 2
57 41 2
57 42 2
57 43 2
57 44 2
57 45 2
57 46 2
57 47 2
57 48 2
57 49 2
57 50 2
57 51 327
57 52 313
57 53 327
57 54 322
57 55 319
57 56 322
57 57 314
57 58 329
57 59 325
57 60 309
57 61 319
57 62 312
57 63 310
57 64 307
57 65 324
57 66 327
57 67 308
57 68 324
57 69 310
57 70 321
57 71 319
57 72 315
57 73 311
57 74 311
57 75 328
57 76 312
57 77 316
57 78 316
57 79 324
57 80 316
57 81 327
57 82 324
57 83 317
57 84 333
57 85 325
57 86 325
57 87 325
57 88 315
57 89 327
57 90 320
57 91 316
57 92 316
57 93 318
57 94 322
57 95 318
57 96 320
57 97 314
57 98 322
57 99 312
57 100 317
57 101 143
58 1 2
58 2 2
58 3 2
58 4 2
58 5 2
58 6 2
58 7 2
58 8 2
58 9 2
58 10 2
58 11 2
58 12 2
58 13 2
58 14 2
58 15 2
58 16 2
58 17 2
58 18 2
58 19 2
58 20 2
58 21 2
58 22 2
58 23 2
58 24 2
58 25 2
58 26 2
58 27 2
58 28 2
58 29 2
58 30 2
58 31 2
58 32 2
58 33 2
58 34 2
58 35 2
58 36 2
58 37 2
58 38 2
58 39 2
58 40 2
58 41 2
58 42 2
58 43 2
58 44 2
58 45 2
58 46 2
58 47 2
58 48 2
58 49 2
58 50 2
58 51 304
58 52 300
58 53 300
58 54 299
58 55 303
58 56 299
58 57 293
58 58 299
58 59 297
58 60 300
58 61 297
58 62 295
58 63 294
58 64 291
58 65 302
58 66 302
58 67 294
58 68 298
58 69 299
58 70 293
58 71 299
58 72 295
58 73 291
58 74 296
58 75 296
58 76 298
58 77 294
58 78 300
58 79 299
58 80 289
58 81 301
58 82 301
58 83 297
58 84 295
58 85 297
58 86 298
58 87 298
58 88 292
58 89 298
58 90 298
58 91 288
58 92 298
58 93 293
58 94 292
58 95 297
58 96 294
58 97 297
58 98 295
58 99 297
58 100 285
58 101 121
59 1 2
59 2 2
59 3 2
59 4 2
59 5 2
59 6 2
59 7 2
59 8 2
59 9 2
59 10 2
59 11 2
59 12 2
59 13 2
59 14 2
59 15 2
59 16 2
59 17 2
59 18 2
59 19 2
59 20 2
59 21 2
59 22 2
59 23 2
59 24 2
59 25 2
59 26 2
59 27 2
59 28 2
59 29 2
59 30 2
59 31 2
59 32 2
59 33 2
59 34 2
59 35 2
59 36 2
59 37 2
59 38 2
59 39 2
59 40 2
59 41 2
59 42 2
59 43 2
59 44 2
59 45 2
59 46 2
59 47 2
59 48 2
59 49 2
59 50 2
59 51 311
59 52 311
59 53 309
59 54 310
59 55 307
59 56 304
59 57 306
59 58 311
59 59 313
59 60 310
59 61 302
59 62 314
59 63 306
59 64 301
59 65 324
59 66 314
59 67 305
59 68 314
59 69 315
59 70 307
59 71 312
59 72 305
59 73 308
59 74 307
59 75 332
59 76 300
59 77 312
59 78 314
59 79 315
59 80 303
59 81 317
59 82 310
59 83 314
59 84 319
59 85 303
59 86 319
59 87 304
59 88 309
59 89 317
59 90 308
59 91 312
59 92 294
59 93 311
59 94 316
59 95 319
59 96 315
59 97 305
59 98 311
59 99 317
59 100 303
59 101 134
60 1 2
60 2 2
60 3 2
60 4 2
60 5 2
60 6 2
60 7 2
60 8 2
60 9 2
60 10 2
60 11 2
60 12 2
60 13 2
60 14 2
60 15 2
60 16 2
60 17 2
60 18 2
60 19 2
60 20 2
60 21 2
60 22 2
60 23 2
60 24 2
60 25 2
60 26 2
60 27 2
60 28 2
60 29 2
60 30 2
60 31 2
60 32 2
60 33 2
60 34 2
60 35 2
60 36 2
60 37 2
60 38 2
60 39 2
60 40 2
60 41 2
60 42 2
60 43 2
60 44 2
60 45 2
60 46 2
60 47 2
60 48 2
60 49 2
60 50 2
60 51 315
60 52 301
60 53 312
60 54 302
60 55 308
60 56 308
60 57 302
60 58 311
60 59 308
60 60 310
60 61 301
60 62 307
60 63 301
60 64 298
60 65 316
60 66 310
60 67 300
60 68 313
60 69 309
60 70 311
60 71 305
60 72 302
60 73 310
60 74 306
60 75 330
60 76 302
60 77 306
60 78 312
60 79 311
60 80 307
60 81 316
60 82 309
60 83 312
60 84 317
60 85 308
60 86 312
60 87 308
60 88 312
60 89 314
60 90 313
60 91 316
60 92 303
60 93 313
60 94 311
60 95 319
60 96 315
60 97 311
60 98 303
60 99 314
60 100 303
60 101 128
61 1 2
61 2 2
61 3 2
61 4 2
61 5 2
61 6 2
61 7 2
61 8 2
61 9 2
61 10 2
61 11 2
61 12 2
61 13 2
61 14 2
61 15 2
61 16 2
61 17 2
61 18 2
61 19 2
61 20 2
61 21 2
61 22 2
61 23 2
61 24 2
61 25 2
61 26 2
61 27 2
61 28 2
61 29 2
61 30 2
61 31 2
61 32 2
61 33 2
61 34 2
61 35 2
61 36 2
61 37 2
61 38 2
61 39 2
61 40 2
61 41 2
61 42 2
61 43 2
61 44 2
61 45 2
61 46 2
61 47 2
61 48 2
61 49 2
61 50 2
61 51 311
61 52 303
61 53 316
61 54 310
61 55 311
61 56 306
61 57 296
61 58 309
61 59 315
61 60 306
61 61 301
61 62 303
61 63 301
61 64 298
61 65 314
61 66 316
61 67 306
61 68 314
61 69 305
61 70 303
61 71 306
61 72 307
61 73 304
61 74 302
61 75 322
61 76 306
61 77 305
61 78 307
61 79 319
61 80 294
61 81 313
61 82 311
61 83 304
61 84 311
61 85 308
61 86 313
61 87 314
61 88 308
61 89 310
61 90 304
61 91 306
61 92 310
61 93 296
61 94 310
61 95 312
61 96 311
61 97 307
61 98 301
61 99 313
61 100 293
61 101 129
62 1 2
62 2 2
62 3 2
62 4 2
62 5 2
62 6 2
62 7 2
62 8 2
62 9 2
62 10 2
62 11 2
62 12 2
62 13 2
62 14 2
62 15 2
62 16 2
62 17 2
62 18 2
62 19 2
62 20 2
62 21 2
62 22 2
62 23 2
62 24 2
62 25 2
62 26 2
62 27 2
62 28 2
62 29 2
62 30 2
62 31 2
62 32 2
62 33 2
62 34 2
62 35 2
62 36 2
62 37 2
62 38 2
62 39 2
62 40 2
62 41 2
62 42 2
62 43 2
62 44 2
62 45 2
62 46 2
62 47 2
62 48 2
62 49 2
62 50 2
62 51 303
62 52 301
62 53 302
62 54 303
62 55 303
62 56 304
62 57 294
62 58 301
62 59 304
62 60 302
62 61 298
62 62 300
62 63 295
62 64 292
62 65 308
62 66 306
62 67 302
62 68 302
62 69 301
62 70 301
62 71 299
62 72 295
62 73 299
62 74 300
62 75 310
62 76 292
62 77 301
62 78 301
62 79 307
62 80 295
62 81 305
62 82 305
62 83 303
62 84 301
62 85 298
62 86 302
62 87 300
62 88 298
62 89 296
62 90 299
62 91 292
62 92 296
62 93 306
62 94 298
62 95 303
62 96 309
62 97 307
62 98 299
62 99 305
62 100 295
62 101 122
63 1 2
63 2 2
63 3 2
63 4 2
63 5 2
63 6 2
63 7 2
63 8 2
63 9 2
63 10 2
63 11 2
63 12 2
63 13 2
63 14 2
63 15 2
63 16 2
63 17 2
63 18 2
63 19 2
63 20 2
63 21 2
63 22 2
63 23 2
63 24 2
63 25 2
63 26 2
63 27 2
63 28 2
63 29 2
63 30 2
63 31 2
63 32 2
63 33 2
63 34 2
63 35 2
63 36 2
63 37 2
63 38 2
63 39 2
63 40 2
63 41 2
63 42 2
63 43 2
63 44 2
63 45 2
63 46 2
63 47 2
63 48 2
63 49 2
63 50 2
63 51 315
63 52 309
63 53 317
63 54 310
63 55 305
63 56 314
63 57 308
63 58 316
63 59 315
63 60 316
63 61 304
63 62 312
63 63 319
63 64 307
63 65 325
63 66 324
63 67 316
63 68 326
63 69 316
63 70 320
63 71 310
63 72 307
63 73 321
63 74 310
63 75 332
63 76 306
63 77 319
63 78 321
63 79 327
63 80 306
63 81 321
63 82 323
63 83 315
63 84 325
63 85 313
63 86 317
63 87 318
63 88 320
63 89 312
63 90 320
63 91 320
63 92 305
63 93 315
63 94 320
63 95 323
63 96 330
63 97 321
63 98 315
63 99 329
63 100 315
63 101 135
64 1 2
64 2 2
64 3 2
64 4 2
64 5 2
64 6 2
64 7 2
64 8 2
64 9 2
64 10 2
64 11 2
64 12 2
64 13 2
64 14 2
64 15 2
64 16 2
64 17 2
64 18 2
64 19 2
64 20 2
64 21 2
64 22 2
64 23 2
64 24 2
64 25 2
64 26 2
64 27 2
64 28 2
64 29 2
64 30 2
64 31 2
64 32 2
64 33 2
64 34 2
64 35 2
64 36 2
64 37 2
64 38 2
64 39 2
64 40 2
64 41 2
64 42 2
64 43 2
64 44 2
64 45 2
64 46 2
64 47 2
64 48 2
64 49 2
64 50 2
64 51 318
64 52 301
64 53 316
64 54 303
64 55 318
64 56 306
64 57 301
64 58 312
64 59 306
64 60 312
64 61 299
64 62 305
64 63 303
64 64 295
64 65 308
64 66 315
64 67 300
64 68 307
64 69 311
64 70 315
64 71 307
64 72 310
64 73 310
64 74 309
64 75 314
64 76 302
64 77 318
64 78 311
64 79 315
64 80 305
64 81 316
64 82 309
64 83 318
64 84 318
64 85 312
64 86 308
64 87 318
64 88 318
64 89 306
64 90 319
64 91 315
64 92 323
64 93 313
64 94 317
64 95 319
64 96 311
64 97 313
64 98 309
64 99 326
64 100 316
64 101 136
65 1 2
65 2 2
65 3 2
65 4 2
65 5 2
65 6 2
65 7 2
65 8 2
65 9 2
65 10 2
65 11 2
65 12 2
65 13 2
65 14 2
65 15 2
65 16 2
65 17 2
65 18 2
65 19 2
65 20 2
65 21 2
65 22 2
65 23 2
65 24 2
65 25 2
65 26 2
65 27 2
65 28 2
65 29 2
65 30 2
65 31 2
65 32 2
65 33 2
65 34 2
65 35 2
65 36 2
65 37 2
65 38 2
65 39 2
65 40 2
65 41 2
65 42 2
65 43 2
65 44 2
65 45 2
65 46 2
65 47 2
65 48 2
65 49 2
65 50 2
65 51 317
65 52 309
65 53 316
65 54 316
65 55 311
65 56 308
65 57 304
65 58 315
65 59 311
65 60 316
65 61 306
65 62 309
65 63 297
65 64 300
65 65 317
65 66 312
65 67 306
65 68 310
65 69 315
65 70 311
65 71 313
65 72 319
65 73 309
65 74 311
65 75 328
65 76 312
65 77 320
65 78 320
65 79 324
65 80 305
65 81 315
65 82 317
65 83 323
65 84 314
65 85 311
65 86 323
65 87 318
65 88 322
65 89 320
65 90 310
65 91 316
65 92 314
65 93 314
65 94 319
65 95 321
65 96 314
65 97 315
65 98 315
65 99 323
65 100 311
65 101 135
66 1 2
66 2 2
66 3 2
66 4 2
66 5 2
66 6 2
66 7 2
66 8 2
66 9 2
66 10 2
66 11 2
66 12 2
66 13 2
66 14 2
66 15 2
66 16 2
66 17 2
66 18 2
66 19 2
66 20 2
66 21 2
66 22 2
66 23 2
66 24 2
66 25 2
66 26 2
66 27 2
66 28 2
66 29 2
66 30 2
66 31 2
66 32 2
66 33 2
66 34 2
66 35 2
66 36 2
66 37 2
66 38 2
66 39 2
66 40 2
66 41 2
66 42 2
66 43 2
66 44 2
66 45 2
66 46 2
66 47 2
66 48 2
66 49 2
66 50 2
66 51 303
66 52 303
66 53 299
66 54 298
66 55 303
66 56 295
66 57 300
66 58 298
66 59 301
66 60 299
66 61 294
66 62 305
66 63 299
66 64 295
66 65 311
66 66 304
66 67 300
66 68 304
66 69 307
66 70 300
66 71 299
66 72 295
66 73 304
66 74 296
66 75 309
66 76 290
66 77 302
66 78 300
66 79 304
66 80 287
66 81 301
66 82 299
66 83 307
66 84 297
66 85 289
66 86 298
66 87 296
66 88 301
66 89 294
66 90 298
66 91 298
66 92 299
66 93 296
66 94 302
66 95 302
66 96 301
66 97 297
66 98 300
66 99 313
66 100 300
66 101 124
67 1 2
67 2 2
67 3 2
67 4 2
67 5 2
67 6 2
67 7 2
67 8 2
67 9 2
67 10 2
67 11 2
67 12 2
67 13 2
67 14 2
67 15 2
67 16 2
67 17 2
67 18 2
67 19 2
67 20 2
67 21 2
67 22 2
67 23 2
67 24 2
67 25 2
67 26 2
67 27 2
67 28 2
67 29 2
67 30 2
67 31 2
67 32 2
67 33 2
67 34 2
67 35 2
67 36 2
67 37 2
67 38 2
67 39 2
67 40 2
67 41 2
67 42 2
67 43 2
67 44 2
67 45 2
67 46 2
67 47 2
67 48 2
67 49 2
67 50 2
67 51 317
67 52 303
67 53 314
67 54 312
67 55 309
67 56 314
67 57 304
67 58 315
67 59 308
67 60 318
67 61 302
67 62 307
67 63 309
67 64 299
67 65 321
67 66 316
67 67 306
67 68 319
67 69 307
67 70 321
67 71 313
67 72 311
67 73 314
67 74 307
67 75 324
67 76 304
67 77 306
67 78 322
67 79 320
67 80 308
67 81 321
67 82 319
67 83 311
67 84 315
67 85 307
67 86 308
67 87 310
67 88 311
67 89 314
67 90 310
67 91 306
67 92 306
67 93 315
67 94 313
67 95 316
67 96 321
67 97 313
67 98 306
67 99 315
67 100 311
67 101 130
68 1 2
68 2 2
68 3 2
68 4 2
68 5 2
68 6 2
68 7 2
68 8 2
68 9 2
68 10 2
68 11 2
68 12 2
68 13 2
68 14 2
68 15 2
68 16 2
68 17 2
68 18 2
68 19 2
68 20 2
68 21 2
68 22 2
68 23 2
68 24 2
68 25 2
68 26 2
68 27 2
68 28 2
68 29 2
68 30 2
68 31 2
68 32 2
68 33 2
68 34 2
68 35 2
68 36 2
68 37 2
68 38 2
68 39 2
68 40 2
68 41 2
68 42 2
68 43 2
68 44 2
68 45 2
68 46 2
68 47 2
68 48 2
68 49 2
68 50 2
68 51 313
68 52 312
68 53 319
68 54 308
68 55 311
68 56 317
68 57 303
68 58 316
68 59 308
68 60 322
68 61 305
68 62 310
68 63 314
68 64 303
68 65 327
68 66 325
68 67 312
68 68 324
68 69 318
68 70 321
68 71 315
68 72 315
68 73 321
68 74 309
68 75 331
68 76 305
68 77 318
68 78 310
68 79 330
68 80 298
68 81 320
68 82 315
68 83 313
68 84 306
68 85 305
68 86 311
68 87 313
68 88 312
68 89 311
68 90 302
68 91 316
68 92 318
68 93 315
68 94 322
68 95 324
68 96 326
68 97 316
68 98 312
68 99 328
68 100 316
68 101 136
69 1 2
69 2 2
69 3 2
69 4 2
69 5 2
69 6 2
69 7 2
69 8 2
69 9 2
69 10 2
69 11 2
69 12 2
69 13 2
69 14 2
69 15 2
69 16 2
69 17 2
69 18 2
69 19 2
69 20 2
69 21 2
69 22 2
69 23 2
69 24 2
69 25 2
69 26 2
69 27 2
69 28 2
69 29 2
69 30 2
69 31 2
69 32 2
69 33 2
69 34 2
69 35 2
69 36 2
69 37 2
69 38 2
69 39 2
69 40 2
69 41 2
69 42 2
69 43 2
69 44 2
69 45 2
69 46 2
69 47 2
69 48 2
69 49 2
69 50 2
69 51 311
69 52 307
69 53 308
69 54 312
69 55 311
69 56 312
69 57 300
69 58 315
69 59 307
69 60 314
69 61 304
69 62 311
69 63 311
69 64 301
69 65 326
69 66 320
69 67 310
69 68 316
69 69 315
69 70 309
69 71 311
69 72 302
69 73 315
69 74 302
69 75 322
69 76 304
69 77 308
69 78 311
69 79 317
69 80 298
69 81 311
69 82 319
69 83 309
69 84 313
69 85 301
69 86 312
69 87 306
69 88 304
69 89 312
69 90 302
69 91 306
69 92 307
69 93 304
69 94 308
69 95 316
69 96 314
69 97 315
69 98 305
69 99 319
69 100 309
69 101 131
70 1 2
70 2 2
70 3 2
70 4 2
70 5 2
70 6 2
70 7 2
70 8 2
70 9 2
70 10 2
70 11 2
70 12 2
70 13 2
70 14 2
70 15 2
70 16 2
70 17 2
70 18 2
70 19 2
70 20 2
70 21 2
70 22 2
70 23 2
70 24 2
70 25 2
70 26 2
70 27 2
70 28 2
70 29 2
70 30 2
70 31 2
70 32 2
70 33 2
70 34 2
70 35 2
70 36 2
70 37 2
70 38 2
70 39 2
70 40 2
70 41 2
70 42 2
70 43 2
70 44 2
70 45 2
70 46 2
70 47 2
70 48 2
70 49 2
70 50 2
70 51 320
70 52 312
70 53 319
70 54 319
70 55 318
70 56 308
70 57 313
70 58 316
70 59 316
70 60 316
70 61 311
70 62 313
70 63 312
70 64 304
70 65 330
70 66 317
70 67 299
70 68 315
70 69 315
70 70 320
70 71 316
70 72 312
70 73 315
70 74 309
70 75 327
70 76 308
70 77 315
70 78 317
70 79 325
70 80 307
70 81 324
70 82 316
70 83 316
70 84 318
70 85 314
70 86 316
70 87 316
70 88 322
70 89 316
70 90 319
70 91 319
70 92 311
70 93 309
70 94 321
70 95 316
70 96 317
70 97 315
70 98 308
70 99 313
70 100 314
70 101 138
71 1 2
71 2 2
71 3 2
71 4 2
71 5 2
71 6 2
71 7 2
71 8 2
71 9 2
71 10 2
71 11 2
71 12 2
71 13 2
71 14 2
71 15 2
71 16 2
71 17 2
71 18 2
71 19 2
71 20 2
71 21 2
71 22 2
71 23 2
71 24 2
71 25 2
71 26 2
71 27 2
71 28 2
71 29 2
71 30 2
71 31 2
71 32 2
71 33 2
71 34 2
71 35 2
71 36 2
71 37 2
71 38 2
71 39 2
71 40 2
71 41 2
71 42 2
71 43 2
71 44 2
71 45 2
71 46 2
71 47 2
71 48 2
71 49 2
71 50 2
71 51 323
71 52 304
71 53 309
71 54 320
71 55 315
71 56 316
71 57 308
71 58 315
71 59 316
71 60 314
71 61 312
71 62 313
71 63 309
71 64 299
71 65 326
71 66 320
71 67 306
71 68 319
71 69 309
71 70 323
71 71 315
71 72 313
71 73 319
71 74 303
71 75 324
71 76 310
71 77 318
71 78 314
71 79 319
71 80 303
71 81 309
71 82 311
71 83 313
71 84 316
71 85 299
71 86 312
71 87 308
71 88 312
71 89 310
71 90 306
71 91 316
71 92 306
71 93 312
71 94 319
71 95 313
71 96 309
71 97 316
71 98 301
71 99 319
71 100 307
71 101 134
72 1 2
72 2 2
72 3 2
72 4 2
72 5 2
72 6 2
72 7 2
72 8 2
72 9 2
72 10 2
72 11 2
72 12 2
72 13 2
72 14 2
72 15 2
72 16 2
72 17 2
72 18 2
72 19 2
72 20 2
72 21 2
72 22 2
72 23 2
72 24 2
72 25 2
72 26 2
72 27 2
72 28 2
72 29 2
72 30 2
72 31 2
72 32 2
72 33 2
72 34 2
72 35 2
72 36 2
72 37 2
72 38 2
72 39 2
72 40 2
72 41 2
72 42 2
72 43 2
72 44 2
72 45 2
72 46 2
72 47 2
72 48 2
72 49 2
72 50 2
72 51 309
72 52 310
72 53 319
72 54 316
72 55 315
72 56 316
72 57 305
72 58 314
72 59 315
72 60 314
72 61 303
72 62 310
72 63 306
72 64 295
72 65 319
72 66 321
72 67 309
72 68 320
72 69 312
72 70 312
72 71 313
72 72 309
72 73 317
72 74 309
72 75 326
72 76 309
72 77 311
72 78 310
72 79 324
72 80 305
72 81 322
72 82 326
72 83 317
72 84 318
72 85 313
72 86 317
72 87 313
72 88 312
72 89 311
72 90 312
72 91 311
72 92 314
72 93 312
72 94 310
72 95 322
72 96 322
72 97 324
72 98 310
72 99 317
72 100 310
72 101 133
73 1 2
73 2 2
73 3 2
73 4 2
73 5 2
73 6 2
73 7 2
73 8 2
73 9 2
73 10 2
73 11 2
73 12 2
73 13 2
73 14 2
73 15 2
73 16 2
73 17 2
73 18 2
73 19 2
73 20 2
73 21 2
73 22 2
73 23 2
73 24 2
73 25 2
73 26 2
73 27 2
73 28 2
73 29 2
73 30 2
73 31 2
73 32 2
73 33 2
73 34 2
73 35 2
73 36 2
73 37 2
73 38 2
73 39 2
73 40 2
73 41 2
73 42 2
73 43 2
73 44 2
73 45 2
73 46 2
73 47 2
73 48 2
73 49 2
73 50 2
73 51 310
73 52 309
73 53 308
73 54 313
73 55 313
73 56 312
73 57 305
73 58 305
73 59 310
73 60 315
73 61 305
73 62 313
73 63 315
73 64 303
73 65 326
73 66 318
73 67 309
73 68 319
73 69 317
73 70 316
73 71 314
73 72 310
73 73 316
73 74 308
73 75 320
73 76 309
73 77 318
73 78 319
73 79 324
73 80 299
73 81 312
73 82 322
73 83 318
73 84 318
73 85 310
73 86 316
73 87 311
73 88 322
73 89 308
73 90 317
73 91 310
73 92 315
73 93 314
73 94 313
73 95 321
73 96 319
73 97 321
73 98 308
73 99 331
73 100 313
73 101 134
74 1 2
74 2 2
74 3 2
74 4 2
74 5 2
74 6 2
74 7 2
74 8 2
74 9 2
74 10 2
74 11 2
74 12 2
74 13 2
74 14 2
74 15 2
74 16 2
74 17 2
74 18 2
74 19 2
74 20 2
74 21 2
74 22 2
74 23 2
74 24 2
74 25 2
74 26 2
74 27 2
74 28 2
74 29 2
74 30 2
74 31 2
74 32 2
74 33 2
74 34 2
74 35 2
74 36 2
74 37 2
74 38 2
74 39 2
74 40 2
74 41 2
74 42 2
74 43 2
74 44 2
74 45 2
74 46 2
74 47 2
74 48 2
74 49 2
74 50 2
74 51 305
74 52 295
74 53 306
74 54 299
74 55 300
74 56 303
74 57 292
74 58 305
74 59 304
74 60 301
74 61 299
74 62 297
74 63 300
74 64 292
74 65 302
74 66 312
74 67 296
74 68 303
74 69 299
74 70 301
74 71 296
74 72 300
74 73 304
74 74 297
74 75 302
74 76 299
74 77 291
74 78 301
74 79 301
74 80 297
74 81 302
74 82 293
74 83 292
74 84 298
74 85 300
74 86 302
74 87 302
74 88 295
74 89 305
74 90 298
74 91 301
74 92 301
74 93 299
74 94 305
74 95 305
74 96 300
74 97 298
74 98 295
74 99 310
74 100 290
74 101 124
75 1 2
75 2 2
75 3 2
75 4 2
75 5 2
75 6 2
75 7 2
75 8 2
75 9 2
75 10 2
75 11 2
75 12 2
75 13 2
75 14 2
75 15 2
75 16 2
75 17 2
75 18 2
75 19 2
75 20 2
75 21 2
75 22 2
75 23 2
75 24 2
75 25 2
75 26 2
75 27 2
75 28 2
75 29 2
75 30 2
75 31 2
75 32 2
75 33 2
75 34 2
75 35 2
75 36 2
75 37 2
75 38 2
75 39 2
75 40 2
75 41 2
75 42 2
75 43 2
75 44 2
75 45 2
75 46 2
75 47 2
75 48 2
75 49 2
75 50 2
75 51 315
75 52 306
75 53 311
75 54 300
75 55 310
75 56 301
75 57 298
75 58 304
75 59 309
75 60 305
75 61 301
75 62 312
75 63 300
75 64 301
75 65 318
75 66 313
75 67 303
75 68 309
75 69 310
75 70 310
75 71 306
75 72 306
75 73 311
75 74 309
75 75 313
75 76 306
75 77 308
75 78 320
75 79 305
75 80 306
75 81 306
75 82 306
75 83 304
75 84 313
75 85 299
75 86 311
75 87 309
75 88 311
75 89 316
75 90 314
75 91 314
75 92 312
75 93 306
75 94 316
75 95 318
75 96 314
75 97 314
75 98 302
75 99 323
75 100 305
75 101 129
76 1 2
76 2 2
76 3 2
76 4 2
76 5 2
76 6 2
76 7 2
76 8 2
76 9 2
76 10 2
76 11 2
76 12 2
76 13 2
76 14 2
76 15 2
76 16 2
76 17 2
76 18 2
76 19 2
76 20 2
76 21 2
76 22 2
76 23 2
76 24 2
76 25 2
76 26 2
76 27 2
76 28 2
76 29 2
76 30 2
76 31 2
76 32 2
76 33 2
76 34 2
76 35 2
76 36 2
76 37 2
76 38 2
76 39 2
76 40 2
76 41 2
76 42 2
76 43 2
76 44 2
76 45 2
76 46 2
76 47 2
76 48 2
76 49 2
76 50 2
76 51 320
76 52 309
76 53 318
76 54 318
76 55 309
76 56 318
76 57 308
76 58 320
76 59 325
76 60 308
76 61 316
76 62 309
76 63 311
76 64 305
76 65 320
76 66 325
76 67 307
76 68 321
76 69 305
76 70 311
76 71 316
76 72 304
76 73 306
76 74 312
76 75 328
76 76 308
76 77 314
76 78 317
76 79 319
76 80 309
76 81 317
76 82 318
76 83 315
76 84 322
76 85 314
76 86 322
76 87 313
76 88 312
76 89 313
76 90 319
76 91 307
76 92 305
76 93 315
76 94 313
76 95 313
76 96 319
76 97 309
76 98 317
76 99 313
76 100 299
76 101 138
77 1 2
77 2 2
77 3 2
77 4 2
77 5 2
77 6 2
77 7 2
77 8 2
77 9 2
77 10 2
77 11 2
77 12 2
77 13 2
77 14 2
77 15 2
77 16 2
77 17 2
77 18 2
77 19 2
77 20 2
77 21 2
77 22 2
77 23 2
77 24 2
77 25 2
77 26 2
77 27 2
77 28 2
77 29 2
77 30 2
77 31 2
77 32 2
77 33 2
77 34 2
77 35 2
77 36 2
77 37 2
77 38 2
77 39 2
77 40 2
77 41 2
77 42 2
77 43 2
77 44 2
77 45 2
77 46 2
77 47 2
77 48 2
77 49 2
77 50 2
77 51 314
77 52 303
77 53 310
77 54 313
77 55 308
77 56 314
77 57 303
77 58 314
77 59 308
77 60 310
77 61 305
77 62 300
77 63 310
77 64 298
77 65 319
77 66 315
77 67 311
77 68 317
77 69 307
77 70 314
77 71 308
77 72 307
77 73 313
77 74 308
77 75 325
77 76 307
77 77 313
77 78 321
77 79 321
77 80 303
77 81 313
77 82 314
77 83 318
77 84 312
77 85 307
77 86 315
77 87 313
77 88 311
77 89 303
77 90 314
77 91 305
77 92 307
77 93 313
77 94 308
77 95 317
77 96 315
77 97 313
77 98 311
77 99 324
77 100 304
77 101 130
78 1 2
78 2 2
78 3 2
78 4 2
78 5 2
78 6 2
78 7 2
78 8 2
78 9 2
78 10 2
78 11 2
78 12 2
78 13 2
78 14 2
78 15 2
78 16 2
78 17 2
78 18 2
78 19 2
78 20 2
78 21 2
78 22 2
78 23 2
78 24 2
78 25 2
78 26 2
78 27 2
78 28 2
78 29 2
78 30 2
78 31 2
78 32 2
78 33 2
78 34 2
78 35 2
78 36 2
78 37 2
78 38 2
78 39 2
78 40 2
78 41 2
78 42 2
78 43 2
78 44 2
78 45 2
78 46 2
78 47 2
78 48 2
78 49 2
78 50 2
78 51 316
78 52 317
78 53 318
78 54 317
78 55 315
78 56 312
78 57 311
78 58 319
78 59 316
78 60 316
78 61 309
78 62 317
78 63 306
78 64 302
78 65 334
78 66 321
78 67 311
78 68 319
78 69 314
78 70 320
78 71 320
78 72 316
78 73 312
78 74 314
78 75 333
78 76 303
78 77 319
78 78 308
78 79 319
78 80 305
78 81 322
78 82 309
78 83 317
78 84 316
78 85 304
78 86 314
78 87 307
78 88 322
78 89 312
78 90 312
78 91 317
78 92 307
78 93 311
78 94 319
78 95 317
78 96 319
78 97 312
78 98 313
78 99 316
78 100 314
78 101 140
79 1 2
79 2 2
79 3 2
79 4 2
79 5 2
79 6 2
79 7 2
79 8 2
79 9 2
79 10 2
79 11 2
79 12 2
79 13 2
79 14 2
79 15 2
79 16 2
79 17 2
79 18 2
79 19 2
79 20 2
79 21 2
79 22 2
79 23 2
79 24 2
79 25 2
79 26 2
79 27 2
79 28 2
79 29 2
79 30 2
79 31 2
79 32 2
79 33 2
79 34 2
79 35 2
79 36 2
79 37 2
79 38 2
79 39 2
79 40 2
79 41 2
79 42 2
79 43 2
79 44 2
79 45 2
79 46 2
79 47 2
79 48 2
79 49 2
79 50 2
79 51 317
79 52 298
79 53 315
79 54 306
79 55 304
79 56 311
79 57 298
79 58 312
79 59 309
79 60 313
79 61 302
79 62 302
79 63 301
79 64 297
79 65 307
79 66 313
79 67 304
79 68 316
79 69 302
79 70 314
79 71 305
79 72 305
79 73 305
79 74 303
79 75 322
79 76 300
79 77 308
79 78 313
79 79 318
79 80 301
79 81 312
79 82 315
79 83 304
79 84 307
79 85 304
79 86 305
79 87 313
79 88 302
79 89 305
79 90 303
79 91 300
79 92 302
79 93 310
79 94 305
79 95 308
79 96 312
79 97 302
79 98 302
79 99 310
79 100 298
79 101 127
80 1 2
80 2 2
80 3 2
80 4 2
80 5 2
80 6 2
80 7 2
80 8 2
80 9 2
80 10 2
80 11 2
80 12 2
80 13 2
80 14 2
80 15 2
80 16 2
80 17 2
80 18 2
80 19 2
80 20 2
80 21 2
80 22 2
80 23 2
80 24 2
80 25 2
80 26 2
80 27 2
80 28 2
80 29 2
80 30 2
80 31 2
80 32 2
80 33 2
80 34 2
80 35 2
80 36 2
80 37 2
80 38 2
80 39 2
80 40 2
80 41 2
80 42 2
80 43 2
80 44 2
80 45 2
80 46 2
80 47 2
80 48 2
80 49 2
80 50 2
80 51 307
80 52 302
80 53 305
80 54 300
80 55 306
80 56 296
80 57 296
80 58 298
80 59 307
80 60 303
80 61 296
80 62 304
80 63 301
80 64 293
80 65 309
80 66 312
80 67 295
80 68 310
80 69 304
80 70 303
80 71 300
80 72 291
80 73 307
80 74 301
80 75 318
80 76 294
80 77 302
80 78 312
80 79 310
80 80 302
80 81 306
80 82 315
80 83 309
80 84 313
80 85 301
80 86 305
80 87 305
80 88 299
80 89 303
80 90 309
80 91 306
80 92 300
80 93 307
80 94 302
80 95 310
80 96 316
80 97 310
80 98 300
80 99 320
80 100 305
80 101 121
81 1 2
81 2 2
81 3 2
81 4 2
81 5 2
81 6 2
81 7 2
81 8 2
81 9 2
81 10 2
81 11 2
81 12 2
81 13 2
81 14 2
81 15 2
81 16 2
81 17 2
81 18 2
81 19 2
81 20 2
81 21 2
81 22 2
81 23 2
81 24 2
81 25 2
81 26 2
81 27 2
81 28 2
81 29 2
81 30 2
81 31 2
81 32 2
81 33 2
81 34 2
81 35 2
81 36 2
81 37 2
81 38 2
81 39 2
81 40 2
81 41 2
81 42 2
81 43 2
81 44 2
81 45 2
81 46 2
81 47 2
81 48 2
81 49 2
81 50 2
81 51 315
81 52 303
81 53 308
81 54 313
81 55 307
81 56 310
81 57 298
81 58 314
81 59 310
81 60 312
81 61 306
81 62 309
81 63 303
81 64 300
81 65 312
81 66 314
81 67 306
81 68 313
81 69 313
81 70 307
81 71 307
81 72 311
81 73 307
81 74 308
81 75 317
81 76 307
81 77 307
81 78 317
81 79 316
81 80 311
81 81 315
81 82 321
81 83 312
81 84 310
81 85 310
81 86 312
81 87 312
81 88 312
81 89 313
81 90 310
81 91 300
81 92 301
81 93 317
81 94 313
81 95 313
81 96 308
81 97 315
81 98 311
81 99 315
81 100 311
81 101 132
82 1 2
82 2 2
82 3 2
82 4 2
82 5 2
82 6 2
82 7 2
82 8 2
82 9 2
82 10 2
82 11 2
82 12 2
82 13 2
82 14 2
82 15 2
82 16 2
82 17 2
82 18 2
82 19 2
82 20 2
82 21 2
82 22 2
82 23 2
82 24 2
82 25 2
82 26 2
82 27 2
82 28 2
82 29 2
82 30 2
82 31 2
82 32 2
82 33 2
82 34 2
82 35 2
82 36 2
82 37 2
82 38 2
82 39 2
82 40 2
82 41 2
82 42 2
82 43 2
82 44 2
82 45 2
82 46 2
82 47 2
82 48 2
82 49 2
82 50 2
82 51 304
82 52 300
82 53 308
82 54 295
82 55 306
82 56 303
82 57 293
82 58 298
82 59 304
82 60 301
82 61 301
82 62 295
82 63 300
82 64 294
82 65 302
82 66 311
82 67 296
82 68 315
82 69 299
82 70 303
82 71 302
82 72 290
82 73 295
82 74 302
82 75 309
82 76 295
82 77 301
82 78 299
82 79 313
82 80 289
82 81 306
82 82 308
82 83 300
82 84 298
82 85 300
82 86 299
82 87 304
82 88 288
82 89 295
82 90 295
82 91 294
82 92 297
82 93 301
82 94 293
82 95 295
82 96 303
82 97 297
82 98 300
82 99 302
82 100 288
82 101 126
83 1 2
83 2 2
83 3 2
83 4 2
83 5 2
83 6 2
83 7 2
83 8 2
83 9 2
83 10 2
83 11 2
83 12 2
83 13 2
83 14 2
83 15 2
83 16 2
83 17 2
83 18 2
83 19 2
83 20 2
83 21 2
83 22 2
83 23 2
83 24 2
83 25 2
83 26 2
83 27 2
83 28 2
83 29 2
83 30 2
83 31 2
83 32 2
83 33 2
83 34 2
83 35 2
83 36 2
83 37 2
83 38 2
83 39 2
83 40 2
83 41 2
83 42 2
83 43 2
83 44 2
83 45 2
83 46 2
83 47 2
83 48 2
83 49 2
83 50 2
83 51 314
83 52 304
83 53 314
83 54 317
83 55 316
83 56 307
83 57 301
83 58 322
83 59 310
83 60 310
83 61 303
83 62 309
83 63 306
83 64 296
83 65 318
83 66 313
83 67 311
83 68 303
83 69 311
83 70 314
83 71 310
83 72 318
83 73 306
83 74 313
83 75 332
83 76 308
83 77 319
83 78 313
83 79 323
83 80 312
83 81 322
83 82 320
83 83 320
83 84 320
83 85 314
83 86 326
83 87 320
83 88 324
83 89 318
83 90 317
83 91 310
83 92 313
83 93 319
83 94 315
83 95 315
83 96 317
83 97 319
83 98 316
83 99 325
83 100 315
83 101 138
84 1 2
84 2 2
84 3 2
84 4 2
84 5 2
84 6 2
84 7 2
84 8 2
84 9 2
84 10 2
84 11 2
84 12 2
84 13 2
84 14 2
84 15 2
84 16 2
84 17 2
84 18 2
84 19 2
84 20 2
84 21 2
84 22 2
84 23 2
84 24 2
84 25 2
84 26 2
84 27 2
84 28 2
84 29 2
84 30 2
84 31 2
84 32 2
84 33 2
84 34 2
84 35 2
84 36 2
84 37 2
84 38 2
84 39 2
84 40 2
84 41 2
84 42 2
84 43 2
84 44 2
84 45 2
84 46 2
84 47 2
84 48 2
84 49 2
84 50 2
84 51 303
84 52 298
84 53 303
84 54 300
84 55 303
84 56 299
84 57 294
84 58 300
84 59 300
84 60 294
84 61 296
84 62 294
84 63 296
84 64 290
84 65 307
84 66 297
84 67 296
84 68 302
84 69 298
84 70 295
84 71 294
84 72 294
84 73 295
84 74 294
84 75 304
84 76 295
84 77 290
84 78 302
84 79 298
84 80 288
84 81 305
84 82 295
84 83 292
84 84 299
84 85 301
84 86 299
84 87 300
84 88 291
84 89 296
84 90 296
84 91 293
84 92 297
84 93 292
84 94 298
84 95 300
84 96 300
84 97 296
84 98 292
84 99 304
84 100 294
84 101 119
85 1 2
85 2 2
85 3 2
85 4 2
85 5 2
85 6 2
85 7 2
85 8 2
85 9 2
85 10 2
85 11 2
85 12 2
85 13 2
85 14 2
85 15 2
85 16 2
85 17 2
85 18 2
85 19 2
85 20 2
85 21 2
85 22 2
85 23 2
85 24 2
85 25 2
85 26 2
85 27 2
85 28 2
85 29 2
85 30 2
85 31 2
85 32 2
85 33 2
85 34 2
85 35 2
85 36 2
85 37 2
85 38 2
85 39 2
85 40 2
85 41 2
85 42 2
85 43 2
85 44 2
85 45 2
85 46 2
85 47 2
85 48 2
85 49 2
85 50 2
85 51 316
85 52 304
85 53 311
85 54 312
85 55 308
85 56 317
85 57 305
85 58 318
85 59 308
85 60 319
85 61 304
85 62 310
85 63 310
85 64 300
85 65 321
85 66 317
85 67 307
85 68 314
85 69 308
85 70 318
85 71 314
85 72 301
85 73 313
85 74 309
85 75 322
85 76 301
85 77 310
85 78 316
85 79 314
85 80 304
85 81 306
85 82 315
85 83 316
85 84 315
85 85 301
85 86 316
85 87 305
85 88 311
85 89 313
85 90 305
85 91 312
85 92 303
85 93 311
85 94 313
85 95 314
85 96 314
85 97 316
85 98 308
85 99 310
85 100 306
85 101 131
86 1 2
86 2 2
86 3 2
86 4 2
86 5 2
86 6 2
86 7 2
86 8 2
86 9 2
86 10 2
86 11 2
86 12 2
86 13 2
86 14 2
86 15 2
86 16 2
86 17 2
86 18 2
86 19 2
86 20 2
86 21 2
86 22 2
86 23 2
86 24 2
86 25 2
86 26 2
86 27 2
86 28 2
86 29 2
86 30 2
86 31 2
86 32 2
86 33 2
86 34 2
86 35 2
86 36 2
86 37 2
86 38 2
86 39 2
86 40 2
86 41 2
86 42 2
86 43 2
86 44 2
86 45 2
86 46 2
86 47 2
86 48 2
86 49 2
86 50 2
86 51 298
86 52 299
86 53 301
86 54 297
86 55 298
86 56 291
86 57 295
86 58 296
86 59 300
86 60 293
86 61 293
86 62 298
86 63 296
86 64 287
86 65 303
86 66 299
86 67 293
86 68 298
86 69 296
86 70 296
86 71 294
86 72 295
86 73 294
86 74 295
86 75 308
86 76 290
86 77 296
86 78 304
86 79 302
86 80 290
86 81 301
86 82 297
86 83 301
86 84 298
86 85 297
86 86 300
86 87 295
86 88 297
86 89 297
86 90 304
86 91 291
86 92 296
86 93 291
86 94 292
86 95 293
86 96 304
86 97 290
86 98 298
86 99 308
86 100 292
86 101 120
87 1 2
87 2 2
87 3 2
87 4 2
87 5 2
87 6 2
87 7 2
87 8 2
87 9 2
87 10 2
87 11 2
87 12 2
87 13 2
87 14 2
87 15 2
87 16 2
87 17 2
87 18 2
87 19 2
87 20 2
87 21 2
87 22 2
87 23 2
87 24 2
87 25 2
87 26 2
87 27 2
87 28 2
87 29 2
87 30 2
87 31 2
87 32 2
87 33 2
87 34 2
87 35 2
87 36 2
87 37 2
87 38 2
87 39 2
87 40 2
87 41 2
87 42 2
87 43 2
87 44 2
87 45 2
87 46 2
87 47 2
87 48 2
87 49 2
87 50 2
87 51 316
87 52 306
87 53 319
87 54 300
87 55 306
87 56 312
87 57 297
87 58 316
87 59 299
87 60 312
87 61 303
87 62 299
87 63 309
87 64 297
87 65 319
87 66 315
87 67 306
87 68 320
87 69 310
87 70 311
87 71 301
87 72 313
87 73 313
87 74 303
87 75 329
87 76 306
87 77 310
87 78 320
87 79 324
87 80 301
87 81 326
87 82 316
87 83 309
87 84 315
87 85 317
87 86 315
87 87 318
87 88 309
87 89 312
87 90 318
87 91 314
87 92 316
87 93 317
87 94 314
87 95 322
87 96 330
87 97 310
87 98 311
87 99 330
87 100 310
87 101 133
88 1 2
88 2 2
88 3 2
88 4 2
88 5 2
88 6 2
88 7 2
88 8 2
88 9 2
88 10 2
88 11 2
88 12 2
88 13 2
88 14 2
88 15 2
88 16 2
88 17 2
88 18 2
88 19 2
88 20 2
88 21 2
88 22 2
88 23 2
88 24 2
88 25 2
88 26 2
88 27 2
88 28 2
88 29 2
88 30 2
88 31 2
88 32 2
88 33 2
88 34 2
88 35 2
88 36 2
88 37 2
88 38 2
88 39 2
88 40 2
88 41 2
88 42 2
88 43 2
88 44 2
88 45 2
88 46 2
88 47 2
88 48 2
88 49 2
88 50 2
88 51 316
88 52 303
88 53 314
88 54 310
88 55 306
88 56 310
88 57 303
88 58 314
88 59 311
88 60 312
88 61 304
88 62 306
88 63 305
88 64 299
88 65 312
88 66 312
88 67 306
88 68 316
88 69 307
88 70 307
88 71 307
88 72 305
88 73 311
88 74 304
88 75 320
88 76 304
88 77 301
88 78 318
88 79 314
88 80 306
88 81 313
88 82 319
88 83 308
88 84 317
88 85 308
88 86 314
88 87 312
88 88 299
88 89 314
88 90 308
88 91 306
88 92 302
88 93 307
88 94 308
88 95 316
88 96 311
88 97 309
88 98 307
88 99 317
88 100 303
88 101 128
89 1 2
89 2 2
89 3 2
89 4 2
89 5 2
89 6 2
89 7 2
89 8 2
89 9 2
89 10 2
89 11 2
89 12 2
89 13 2
89 14 2
89 15 2
89 16 2
89 17 2
89 18 2
89 19 2
89 20 2
89 21 2
89 22 2
89 23 2
89 24 2
89 25 2
89 26 2
89 27 2
89 28 2
89 29 2
89 30 2
89 31 2
89 32 2
89 33 2
89 34 2
89 35 2
89 36 2
89 37 2
89 38 2
89 39 2
89 40 2
89 41 2
89 42 2
89 43 2
89 44 2
89 45 2
89 46 2
89 47 2
89 48 2
89 49 2
89 50 2
89 51 319
89 52 301
89 53 313
89 54 308
89 55 305
89 56 311
89 57 300
89 58 316
89 59 311
89 60 306
89 61 308
89 62 307
89 63 299
89 64 300
89 65 311
89 66 316
89 67 307
89 68 304
89 69 305
89 70 307
89 71 307
89 72 303
89 73 309
89 74 308
89 75 326
89 76 310
89 77 305
89 78 323
89 79 305
89 80 310
89 81 323
89 82 325
89 83 305
89 84 328
89 85 319
89 86 325
89 87 315
89 88 316
89 89 317
89 90 324
89 91 314
89 92 302
89 93 318
89 94 309
89 95 318
89 96 320
89 97 322
89 98 311
89 99 315
89 100 307
89 101 137
90 1 2
90 2 2
90 3 2
90 4 2
90 5 2
90 6 2
90 7 2
90 8 2
90 9 2
90 10 2
90 11 2
90 12 2
90 13 2
90 14 2
90 15 2
90 16 2
90 17 2
90 18 2
90 19 2
90 20 2
90 21 2
90 22 2
90 23 2
90 24 2
90 25 2
90 26 2
90 27 2
90 28 2
90 29 2
90 30 2
90 31 2
90 32 2
90 33 2
90 34 2
90 35 2
90 36 2
90 37 2
90 38 2
90 39 2
90 40 2
90 41 2
90 42 2
90 43 2
90 44 2
90 45 2
90 46 2
90 47 2
90 48 2
90 49 2
90 50 2
90 51 317
90 52 304
90 53 317
90 54 308
90 55 304
90 56 313
90 57 299
90 58 314
90 59 306
90 60 307
90 61 304
90 62 308
90 63 304
90 64 298
90 65 318
90 66 317
90 67 307
90 68 312
90 69 306
90 70 312
90 71 302
90 72 309
90 73 315
90 74 305
90 75 317
90 76 311
90 77 305
90 78 318
90 79 311
90 80 306
90 81 318
90 82 316
90 83 306
90 84 320
90 85 313
90 86 317
90 87 315
90 88 312
90 89 317
90 90 311
90 91 315
90 92 309
90 93 315
90 94 315
90 95 322
90 96 317
90 97 320
90 98 310
90 99 322
90 100 308
90 101 131
91 1 2
91 2 2
91 3 2
91 4 2
91 5 2
91 6 2
91 7 2
91 8 2
91 9 2
91 10 2
91 11 2
91 12 2
91 13 2
91 14 2
91 15 2
91 16 2
91 17 2
91 18 2
91 19 2
91 20 2
91 21 2
91 22 2
91 23 2
91 24 2
91 25 2
91 26 2
91 27 2
91 28 2
91 29 2
91 30 2
91 31 2
91 32 2
91 33 2
91 34 2
91 35 2
91 36 2
91 37 2
91 38 2
91 39 2
91 40 2
91 41 2
91 42 2
91 43 2
91 44 2
91 45 2
91 46 2
91 47 2
91 48 2
91 49 2
91 50 2
91 51 314
91 52 300
91 53 308
91 54 301
91 55 303
91 56 308
91 57 297
91 58 313
91 59 298
91 60 308
91 61 301
91 62 299
91 63 296
91 64 290
91 65 314
91 66 314
91 67 296
91 68 308
91 69 299
91 70 312
91 71 297
91 72 303
91 73 308
91 74 298
91 75 318
91 76 297
91 77 305
91 78 307
91 79 309
91 80 299
91 81 307
91 82 315
91 83 312
91 84 310
91 85 308
91 86 306
91 87 310
91 88 310
91 89 312
91 90 310
91 91 312
91 92 309
91 93 311
91 94 309
91 95 322
91 96 315
91 97 309
91 98 305
91 99 315
91 100 304
91 101 124
92 1 2
92 2 2
92 3 2
92 4 2
92 5 2
92 6 2
92 7 2
92 8 2
92 9 2
92 10 2
92 11 2
92 12 2
92 13 2
92 14 2
92 15 2
92 16 2
92 17 2
92 18 2
92 19 2
92 20 2
92 21 2
92 22 2
92 23 2
92 24 2
92 25 2
92 26 2
92 27 2
92 28 2
92 29 2
92 30 2
92 31 2
92 32 2
92 33 2
92 34 2
92 35 2
92 36 2
92 37 2
92 38 2
92 39 2
92 40 2
92 41 2
92 42 2
92 43 2
92 44 2
92 45 2
92 46 2
92 47 2
92 48 2
92 49 2
92 50 2
92 51 312
92 52 301
92 53 312
92 54 307
92 55 316
92 56 310
92 57 303
92 58 303
92 59 304
92 60 305
92 61 301
92 62 305
92 63 301
92 64 292
92 65 318
92 66 308
92 67 301
92 68 311
92 69 299
92 70 316
92 71 310
92 72 308
92 73 309
92 74 310
92 75 315
92 76 309
92 77 305
92 78 317
92 79 315
92 80 305
92 81 314
92 82 316
92 83 318
92 84 320
92 85 311
92 86 318
92 87 306
92 88 312
92 89 309
92 90 315
92 91 311
92 92 315
92 93 311
92 94 304
92 95 319
92 96 311
92 97 315
92 98 306
92 99 321
92 100 308
92 101 130
93 1 2
93 2 2
93 3 2
93 4 2
93 5 2
93 6 2
93 7 2
93 8 2
93 9 2
93 10 2
93 11 2
93 12 2
93 13 2
93 14 2
93 15 2
93 16 2
93 17 2
93 18 2
93 19 2
93 20 2
93 21 2
93 22 2
93 23 2
93 24 2
93 25 2
93 26 2
93 27 2
93 28 2
93 29 2
93 30 2
93 31 2
93 32 2
93 33 2
93 34 2
93 35 2
93 36 2
93 37 2
93 38 2
93 39 2
93 40 2
93 41 2
93 42 2
93 43 2
93 44 2
93 45 2
93 46 2
93 47 2
93 48 2
93 49 2
93 50 2
93 51 322
93 52 308
93 53 316
93 54 310
93 55 320
93 56 309
93 57 301
93 58 317
93 59 316
93 60 308
93 61 307
93 62 313
93 63 296
93 64 296
93 65 326
93 66 317
93 67 305
93 68 315
93 69 311
93 70 314
93 71 313
93 72 320
93 73 314
93 74 311
93 75 329
93 76 313
93 77 319
93 78 323
93 79 319
93 80 309
93 81 323
93 82 326
93 83 318
93 84 328
93 85 316
93 86 324
93 87 320
93 88 326
93 89 322
93 90 325
93 91 317
93 92 323
93 93 323
93 94 321
93 95 327
93 96 321
93 97 322
93 98 318
93 99 331
93 100 320
93 101 139
94 1 2
94 2 2
94 3 2
94 4 2
94 5 2
94 6 2
94 7 2
94 8 2
94 9 2
94 10 2
94 11 2
94 12 2
94 13 2
94 14 2
94 15 2
94 16 2
94 17 2
94 18 2
94 19 2
94 20 2
94 21 2
94 22 2
94 23 2
94 24 2
94 25 2
94 26 2
94 27 2
94 28 2
94 29 2
94 30 2
94 31 2
94 32 2
94 33 2
94 34 2
94 35 2
94 36 2
94 37 2
94 38 2
94 39 2
94 40 2
94 41 2
94 42 2
94 43 2
94 44 2
94 45 2
94 46 2
94 47 2
94 48 2
94 49 2
94 50 2
94 51 312
94 52 302
94 53 318
94 54 309
94 55 312
94 56 308
94 57 297
94 58 312
94 59 312
94 60 317
94 61 305
94 62 301
94 63 313
94 64 304
94 65 318
94 66 319
94 67 303
94 68 319
94 69 309
94 70 317
94 71 314
94 72 310
94 73 310
94 74 303
94 75 321
94 76 313
94 77 309
94 78 319
94 79 327
94 80 300
94 81 325
94 82 318
94 83 298
94 84 312
94 85 316
94 86 310
94 87 317
94 88 311
94 89 309
94 90 317
94 91 307
94 92 317
94 93 307
94 94 313
94 95 311
94 96 327
94 97 310
94 98 307
94 99 319
94 100 310
94 101 132
95 1 2
95 2 2
95 3 2
95 4 2
95 5 2
95 6 2
95 7 2
95 8 2
95 9 2
95 10 2
95 11 2
95 12 2
95 13 2
95 14 2
95 15 2
95 16 2
95 17 2
95 18 2
95 19 2
95 20 2
95 21 2
95 22 2
95 23 2
95 24 2
95 25 2
95 26 2
95 27 2
95 28 2
95 29 2
95 30 2
95 31 2
95 32 2
95 33 2
95 34 2
95 35 2
95 36 2
95 37 2
95 38 2
95 39 2
95 40 2
95 41 2
95 42 2
95 43 2
95 44 2
95 45 2
95 46 2
95 47 2
95 48 2
95 49 2
95 50 2
95 51 316
95 52 303
95 53 306
95 54 312
95 55 309
95 56 307
95 57 297
95 58 317
95 59 306
95 60 314
95 61 305
95 62 301
95 63 309
95 64 298
95 65 314
95 66 312
95 67 303
95 68 311
95 69 313
95 70 309
95 71 305
95 72 309
95 73 304
95 74 308
95 75 328
95 76 303
95 77 313
95 78 309
95 79 321
95 80 309
95 81 315
95 82 315
95 83 313
95 84 306
95 85 314
95 86 314
95 87 316
95 88 315
95 89 317
95 90 315
95 91 308
95 92 312
95 93 317
95 94 315
95 95 317
95 96 328
95 97 309
95 98 309
95 99 327
95 100 311
95 101 130
96 1 2
96 2 2
96 3 2
96 4 2
96 5 2
96 6 2
96 7 2
96 8 2
96 9 2
96 10 2
96 11 2
96 12 2
96 13 2
96 14 2
96 15 2
96 16 2
96 17 2
96 18 2
96 19 2
96 20 2
96 21 2
96 22 2
96 23 2
96 24 2
96 25 2
96 26 2
96 27 2
96 28 2
96 29 2
96 30 2
96 31 2
96 32 2
96 33 2
96 34 2
96 35 2
96 36 2
96 37 2
96 38 2
96 39 2
96 40 2
96 41 2
96 42 2
96 43 2
96 44 2
96 45 2
96 46 2
96 47 2
96 48 2
96 49 2
96 50 2
96 51 307
96 52 299
96 53 302
96 54 299
96 55 301
96 56 300
96 57 294
96 58 297
96 59 305
96 60 304
96 61 298
96 62 299
96 63 296
96 64 293
96 65 304
96 66 306
96 67 294
96 68 305
96 69 301
96 70 303
96 71 299
96 72 293
96 73 301
96 74 296
96 75 308
96 76 294
96 77 299
96 78 297
96 79 303
96 80 297
96 81 309
96 82 299
96 83 299
96 84 299
96 85 296
96 86 290
96 87 300
96 88 302
96 89 294
96 90 302
96 91 298
96 92 288
96 93 304
96 94 299
96 95 301
96 96 300
96 97 301
96 98 295
96 99 301
96 100 297
96 101 122
97 1 2
97 2 2
97 3 2
97 4 2
97 5 2
97 6 2
97 7 2
97 8 2
97 9 2
97 10 2
97 11 2
97 12 2
97 13 2
97 14 2
97 15 2
97 16 2
97 17 2
97 18 2
97 19 2
97 20 2
97 21 2
97 22 2
97 23 2
97 24 2
97 25 2
97 26 2
97 27 2
97 28 2
97 29 2
97 30 2
97 31 2
97 32 2
97 33 2
97 34 2
97 35 2
97 36 2
97 37 2
97 38 2
97 39 2
97 40 2
97 41 2
97 42 2
97 43 2
97 44 2
97 45 2
97 46 2
97 47 2
97 48 2
97 49 2
97 50 2
97 51 314
97 52 310
97 53 310
97 54 310
97 55 308
97 56 306
97 57 300
97 58 308
97 59 310
97 60 317
97 61 303
97 62 308
97 63 302
97 64 304
97 65 320
97 66 317
97 67 309
97 68 318
97 69 316
97 70 308
97 71 316
97 72 304
97 73 312
97 74 316
97 75 329
97 76 305
97 77 319
97 78 322
97 79 316
97 80 311
97 81 320
97 82 318
97 83 324
97 84 319
97 85 310
97 86 315
97 87 311
97 88 316
97 89 313
97 90 317
97 91 317
97 92 303
97 93 321
97 94 318
97 95 331
97 96 328
97 97 324
97 98 312
97 99 326
97 100 316
97 101 136
98 1 2
98 2 2
98 3 2
98 4 2
98 5 2
98 6 2
98 7 2
98 8 2
98 9 2
98 10 2
98 11 2
98 12 2
98 13 2
98 14 2
98 15 2
98 16 2
98 17 2
98 18 2
98 19 2
98 20 2
98 21 2
98 22 2
98 23 2
98 24 2
98 25 2
98 26 2
98 27 2
98 28 2
98 29 2
98 30 2
98 31 2
98 32 2
98 33 2
98 34 2
98 35 2
98 36 2
98 37 2
98 38 2
98 39 2
98 40 2
98 41 2
98 42 2
98 43 2
98 44 2
98 45 2
98 46 2
98 47 2
98 48 2
98 49 2
98 50 2
98 51 306
98 52 296
98 53 302
98 54 299
98 55 305
98 56 302
98 57 294
98 58 303
98 59 304
98 60 302
98 61 297
98 62 302
98 63 302
98 64 290
98 65 308
98 66 312
98 67 296
98 68 309
98 69 298
98 70 303
98 71 298
98 72 292
98 73 308
98 74 297
98 75 303
98 76 293
98 77 293
98 78 299
98 79 305
98 80 299
98 81 308
98 82 307
98 83 298
98 84 303
98 85 300
98 86 296
98 87 295
98 88 297
98 89 301
98 90 296
98 91 302
98 92 296
98 93 297
98 94 305
98 95 301
98 96 300
98 97 305
98 98 296
98 99 307
98 100 301
98 101 122
99 1 2
99 2 2
99 3 2
99 4 2
99 5 2
99 6 2
99 7 2
99 8 2
99 9 2
99 10 2
99 11 2
99 12 2
99 13 2
99 14 2
99 15 2
99 16 2
99 17 2
99 18 2
99 19 2
99 20 2
99 21 2
99 22 2
99 23 2
99 24 2
99 25 2
99 26 2
99 27 2
99 28 2
99 29 2
99 30 2
99 31 2
99 32 2
99 33 2
99 34 2
99 35 2
99 36 2
99 37 2
99 38 2
99 39 2
99 40 2
99 41 2
99 42 2
99 43 2
99 44 2
99 45 2
99 46 2
99 47 2
99 48 2
99 49 2
99 50 2
99 51 316
99 52 312
99 53 311
99 54 305
99 55 308
99 56 314
99 57 300
99 58 321
99 59 310
99 60 312
99 61 301
99 62 313
99 63 306
99 64 294
99 65 316
99 66 325
99 67 297
99 68 317
99 69 319
99 70 307
99 71 316
99 72 306
99 73 311
99 74 304
99 75 331
99 76 307
99 77 319
99 78 303
99 79 319
99 80 315
99 81 312
99 82 316
99 83 308
99 84 312
99 85 318
99 86 312
99 87 321
99 88 308
99 89 315
99 90 313
99 91 317
99 92 318
99 93 317
99 94 315
99 95 321
99 96 328
99 97 315
99 98 310
99 99 336
99 100 317
99 101 139
100 1 2
100 2 2
100 3 2
100 4 2
100 5 2
100 6 2
100 7 2
100 8 2
100 9 2
100 10 2
100 11 2
100 12 2
100 13 2
100 14 2
100 15 2
100 16 2
100 17 2
100 18 2
100 19 2
100 20 2
100 21 2
100 22 2
100 23 2
100 24 2
100 25 2
100 26 2
100 27 2
100 28 2
100 29 2
100 30 2
100 31 2
100 32 2
100 33 2
100 34 2
100 35 2
100 36 2
100 37 2
100 38 2
100 39 2
100 40 2
100 41 2
100 42 2
100 43 2
100 44 2
100 45 2
100 46 2
100 47 2
100 48 2
100 49 2
100 50 2
100 51 301
100 52 299
100 53 308
100 54 305
100 55 303
100 56 306
100 57 302
100 58 309
100 59 304
100 60 298
100 61 295
100 62 307
100 63 301
100 64 287
100 65 312
100 66 308
100 67 302
100 68 310
100 69 304
100 70 299
100 71 305
100 72 296
100 73 300
100 74 302
100 75 316
100 76 302
100 77 303
100 78 305
100 79 307
100 80 301
100 81 311
100 82 304
100 83 309
100 84 308
100 85 302
100 86 308
100 87 307
100 88 300
100 89 308
100 90 302
100 91 300
100 92 302
100 93 302
100 94 301
100 95 319
100 96 301
100 97 305
100 98 313
100 99 313
100 100 303
100 101 126
