1 1 2
1 2 4
1 3 4
1 4 4
1 5 4
1 6 4
1 7 4
1 8 4
1 9 4
1 10 4
1 11 5
1 12 5
1 13 5
1 14 5
1 15 5
1 16 5
1 17 5
1 18 5
1 19 5
1 20 5
1 21 5
1 22 5
1 23 5
1 24 5
1 25 5
1 26 5
1 27 5
1 28 5
1 29 5
1 30 5
1 31 5
1 32 5
1 33 5
1 34 5
1 35 5
1 36 5
1 37 5
1 38 5
1 39 5
1 40 5
1 41 5
1 42 5
1 43 5
1 44 5
1 45 5
1 46 5
1 47 5
1 48 5
1 49 5
1 50 5
1 51 5
1 52 5
1 53 5
1 54 5
1 55 5
1 56 5
1 57 5
1 58 5
1 59 5
1 60 5
1 61 5
1 62 5
1 63 5
1 64 5
1 65 5
1 66 5
1 67 5
1 68 5
1 69 5
1 70 5
1 71 5
1 72 5
1 73 5
1 74 5
1 75 5
1 76 5
1 77 5
1 78 5
1 79 5
1 80 5
1 81 5
1 82 5
1 83 5
1 84 5
1 85 5
1 86 5
1 87 5
1 88 5
1 89 5
1 90 5
1 91 5
1 92 5
1 93 5
1 94 5
1 95 5
1 96 5
1 97 5
1 98 5
1 99 5
1 100 5
1 101 2
2 1 2
2 2 5
2 3 4
2 4 6
2 5 7
2 6 5
2 7 7
2 8 7
2 9 5
2 10 7
2 11 8
2 12 7
2 13 9
2 14 9
2 15 7
2 16 9
2 17 9
2 18 7
2 19 9
2 20 9
2 21 7
2 22 9
2 23 9
2 24 7
2 25 9
2 26 9
2 27 7
2 28 9
2 29 9
2 30 7
2 31 9
2 32 9
2 33 8
2 34 10
2 35 10
2 36 8
2 37 10
2 38 10
2 39 8
2 40 10
2 41 10
2 42 8
2 43 10
2 44 10
2 45 8
2 46 10
2 47 10
2 48 8
2 49 10
2 50 10
2 51 8
2 52 10
2 53 10
2 54 8
2 55 10
2 56 10
2 57 8
2 58 10
2 59 10
2 60 8
2 61 10
2 62 10
2 63 8
2 64 10
2 65 10
2 66 8
2 67 10
2 68 10
2 69 8
2 70 10
2 71 10
2 72 8
2 73 10
2 74 10
2 75 8
2 76 10
2 77 10
2 78 8
2 79 10
2 80 10
2 81 8
2 82 10
2 83 10
2 84 8
2 85 10
2 86 10
2 87 8
2 88 10
2 89 10
2 90 8
2 91 10
2 92 10
2 93 8
2 94 10
2 95 10
2 96 9
2 97 10
2 98 10
2 99 9
2 100 10
2 101 3
3 1 2
3 2 2
3 3 7
3 4 11
3 5 11
3 6 7
3 7 11
3 8 13
3 9 8
3 10 12
3 11 10
3 12 10
3 13 9
3 14 14
3 15 12
3 16 13
3 17 12
3 18 9
3 19 15
3 20 15
3 21 10
3 22 11
3 23 16
3 24 10
3 25 14
3 26 12
3 27 9
3 28 16
3 29 16
3 30 12
3 31 14
3 32 14
3 33 10
3 34 14
3 35 14
3 36 12
3 37 14
3 38 16
3 39 14
3 40 16
3 41 14
3 42 12
3 43 16
3 44 14
3 45 12
3 46 12
3 47 16
3 48 14
3 49 16
3 50 16
3 51 12
3 52 14
3 53 16
3 54 12
3 55 16
3 56 16
3 57 10
3 58 16
3 59 18
3 60 14
3 61 16
3 62 16
3 63 14
3 64 18
3 65 16
3 66 10
3 67 16
3 68 16
3 69 14
3 70 18
3 71 16
3 72 12
3 73 16
3 74 16
3 75 15
3 76 15
3 77 12
3 78 14
3 79 16
3 80 18
3 81 12
3 82 15
3 83 18
3 84 16
3 85 18
3 86 16
3 87 14
3 88 16
3 89 17
3 90 11
3 91 17
3 92 17
3 93 15
3 94 18
3 95 18
3 96 14
3 97 16
3 98 17
3 99 13
3 100 18
3 101 7
4 1 2
4 2 2
4 3 2
4 4 7
4 5 12
4 6 11
4 7 11
4 8 11
4 9 15
4 10 13
4 11 10
4 12 12
4 13 13
4 14 14
4 15 17
4 16 13
4 17 14
4 18 12
4 19 17
4 20 15
4 21 13
4 22 16
4 23 17
4 24 13
4 25 15
4 26 15
4 27 15
4 28 13
4 29 17
4 30 17
4 31 15
4 32 11
4 33 17
4 34 19
4 35 15
4 36 17
4 37 18
4 38 15
4 39 15
4 40 17
4 41 19
4 42 17
4 43 19
4 44 19
4 45 17
4 46 13
4 47 17
4 48 15
4 49 17
4 50 19
4 51 17
4 52 15
4 53 15
4 54 20
4 55 21
4 56 15
4 57 15
4 58 19
4 59 19
4 60 17
4 61 19
4 62 19
4 63 18
4 64 19
4 65 21
4 66 17
4 67 17
4 68 17
4 69 21
4 70 15
4 71 20
4 72 19
4 73 19
4 74 17
4 75 21
4 76 17
4 77 17
4 78 19
4 79 19
4 80 17
4 81 17
4 82 20
4 83 19
4 84 16
4 85 22
4 86 20
4 87 19
4 88 15
4 89 22
4 90 19
4 91 19
4 92 19
4 93 20
4 94 19
4 95 19
4 96 19
4 97 21
4 98 17
4 99 23
4 100 21
4 101 6
5 1 2
5 2 2
5 3 2
5 4 2
5 5 10
5 6 12
5 7 14
5 8 12
5 9 14
5 10 10
5 11 12
5 12 12
5 13 12
5 14 14
5 15 14
5 16 16
5 17 14
5 18 10
5 19 16
5 20 14
5 21 18
5 22 20
5 23 16
5 24 16
5 25 14
5 26 16
5 27 18
5 28 18
5 29 16
5 30 16
5 31 20
5 32 18
5 33 18
5 34 18
5 35 10
5 36 16
5 37 17
5 38 13
5 39 18
5 40 20
5 41 20
5 42 20
5 43 20
5 44 21
5 45 16
5 46 19
5 47 16
5 48 15
5 49 22
5 50 20
5 51 21
5 52 20
5 53 18
5 54 20
5 55 22
5 56 17
5 57 15
5 58 20
5 59 18
5 60 19
5 61 24
5 62 23
5 63 20
5 64 24
5 65 20
5 66 15
5 67 16
5 68 17
5 69 21
5 70 17
5 71 23
5 72 23
5 73 18
5 74 20
5 75 18
5 76 21
5 77 24
5 78 20
5 79 23
5 80 19
5 81 19
5 82 24
5 83 20
5 84 21
5 85 24
5 86 22
5 87 23
5 88 21
5 89 22
5 90 17
5 91 23
5 92 18
5 93 22
5 94 21
5 95 19
5 96 25
5 97 21
5 98 21
5 99 23
5 100 20
5 101 6
6 1 2
6 2 2
6 3 2
6 4 2
6 5 2
6 6 24
6 7 28
6 8 24
6 9 30
6 10 25
6 11 26
6 12 26
6 13 24
6 14 28
6 15 28
6 16 29
6 17 29
6 18 28
6 19 28
6 20 25
6 21 32
6 22 28
6 23 32
6 24 26
6 25 26
6 26 32
6 27 36
6 28 28
6 29 30
6 30 30
6 31 30
6 32 26
6 33 30
6 34 32
6 35 28
6 36 30
6 37 34
6 38 28
6 39 31
6 40 27
6 41 36
6 42 38
6 43 36
6 44 32
6 45 36
6 46 29
6 47 27
6 48 34
6 49 38
6 50 32
6 51 40
6 52 30
6 53 32
6 54 30
6 55 28
6 56 28
6 57 32
6 58 30
6 59 32
6 60 32
6 61 32
6 62 32
6 63 34
6 64 34
6 65 38
6 66 32
6 67 38
6 68 30
6 69 36
6 70 32
6 71 34
6 72 34
6 73 34
6 74 36
6 75 36
6 76 34
6 77 38
6 78 40
6 79 38
6 80 32
6 81 40
6 82 36
6 83 34
6 84 35
6 85 37
6 86 34
6 87 32
6 88 26
6 89 34
6 90 29
6 91 36
6 92 34
6 93 40
6 94 32
6 95 38
6 96 37
6 97 39
6 98 40
6 99 40
6 100 34
6 101 12
7 1 2
7 2 2
7 3 2
7 4 2
7 5 2
7 6 27
7 7 28
7 8 25
7 9 32
7 10 28
7 11 30
7 12 26
7 13 30
7 14 30
7 15 30
7 16 28
7 17 34
7 18 30
7 19 35
7 20 30
7 21 36
7 22 34
7 23 26
7 24 26
7 25 32
7 26 28
7 27 34
7 28 34
7 29 38
7 30 34
7 31 34
7 32 30
7 33 34
7 34 38
7 35 32
7 36 30
7 37 36
7 38 26
7 39 32
7 40 34
7 41 36
7 42 36
7 43 36
7 44 36
7 45 34
7 46 33
7 47 28
7 48 31
7 49 36
7 50 28
7 51 38
7 52 32
7 53 36
7 54 34
7 55 43
7 56 38
7 57 37
7 58 36
7 59 36
7 60 34
7 61 40
7 62 36
7 63 36
7 64 38
7 65 34
7 66 36
7 67 42
7 68 33
7 69 38
7 70 34
7 71 34
7 72 34
7 73 40
7 74 35
7 75 33
7 76 38
7 77 40
7 78 30
7 79 39
7 80 34
7 81 40
7 82 42
7 83 43
7 84 35
7 85 38
7 86 38
7 87 40
7 88 37
7 89 38
7 90 37
7 91 42
7 92 38
7 93 33
7 94 42
7 95 38
7 96 36
7 97 36
7 98 40
7 99 42
7 100 34
7 101 16
8 1 2
8 2 2
8 3 2
8 4 2
8 5 2
8 6 21
8 7 19
8 8 21
8 9 22
8 10 18
8 11 18
8 12 18
8 13 18
8 14 18
8 15 20
8 16 22
8 17 18
8 18 18
8 19 22
8 20 22
8 21 18
8 22 26
8 23 20
8 24 26
8 25 18
8 26 24
8 27 24
8 28 24
8 29 24
8 30 26
8 31 26
8 32 25
8 33 23
8 34 26
8 35 15
8 36 26
8 37 24
8 38 21
8 39 24
8 40 22
8 41 26
8 42 28
8 43 27
8 44 26
8 45 24
8 46 20
8 47 24
8 48 28
8 49 26
8 50 28
8 51 32
8 52 27
8 53 19
8 54 27
8 55 26
8 56 20
8 57 26
8 58 26
8 59 26
8 60 27
8 61 30
8 62 33
8 63 25
8 64 34
8 65 29
8 66 24
8 67 20
8 68 23
8 69 23
8 70 20
8 71 29
8 72 33
8 73 27
8 74 29
8 75 29
8 76 34
8 77 30
8 78 32
8 79 27
8 80 27
8 81 23
8 82 28
8 83 27
8 84 30
8 85 31
8 86 27
8 87 28
8 88 27
8 89 25
8 90 24
8 91 30
8 92 27
8 93 28
8 94 30
8 95 27
8 96 33
8 97 30
8 98 31
8 99 34
8 100 29
8 101 10
9 1 2
9 2 2
9 3 2
9 4 2
9 5 2
9 6 27
9 7 27
9 8 27
9 9 30
9 10 25
9 11 27
9 12 29
9 13 26
9 14 29
9 15 35
9 16 32
9 17 34
9 18 31
9 19 32
9 20 25
9 21 30
9 22 33
9 23 30
9 24 27
9 25 30
9 26 30
9 27 39
9 28 31
9 29 37
9 30 35
9 31 35
9 32 27
9 33 35
9 34 38
9 35 31
9 36 33
9 37 37
9 38 33
9 39 32
9 40 29
9 41 34
9 42 36
9 43 37
9 44 38
9 45 35
9 46 28
9 47 33
9 48 36
9 49 37
9 50 31
9 51 43
9 52 32
9 53 37
9 54 40
9 55 39
9 56 35
9 57 39
9 58 31
9 59 34
9 60 33
9 61 38
9 62 33
9 63 35
9 64 37
9 65 38
9 66 37
9 67 35
9 68 33
9 69 42
9 70 35
9 71 41
9 72 39
9 73 39
9 74 38
9 75 37
9 76 37
9 77 39
9 78 37
9 79 39
9 80 33
9 81 39
9 82 35
9 83 39
9 84 34
9 85 39
9 86 40
9 87 41
9 88 33
9 89 39
9 90 37
9 91 35
9 92 41
9 93 43
9 94 39
9 95 39
9 96 37
9 97 37
9 98 35
9 99 43
9 100 35
9 101 15
10 1 2
10 2 2
10 3 2
10 4 2
10 5 2
10 6 24
10 7 26
10 8 22
10 9 28
10 10 27
10 11 25
10 12 25
10 13 28
10 14 23
10 15 30
10 16 30
10 17 29
10 18 24
10 19 31
10 20 24
10 21 26
10 22 32
10 23 30
10 24 27
10 25 26
10 26 30
10 27 35
10 28 29
10 29 34
10 30 32
10 31 35
10 32 26
10 33 32
10 34 36
10 35 23
10 36 28
10 37 36
10 38 27
10 39 30
10 40 31
10 41 35
10 42 32
10 43 37
10 44 33
10 45 32
10 46 29
10 47 29
10 48 32
10 49 36
10 50 32
10 51 38
10 52 30
10 53 30
10 54 32
10 55 36
10 56 28
10 57 35
10 58 36
10 59 35
10 60 31
10 61 39
10 62 36
10 63 31
10 64 36
10 65 36
10 66 32
10 67 38
10 68 25
10 69 31
10 70 29
10 71 32
10 72 30
10 73 36
10 74 32
10 75 34
10 76 38
10 77 34
10 78 38
10 79 40
10 80 30
10 81 36
10 82 39
10 83 38
10 84 32
10 85 40
10 86 34
10 87 33
10 88 30
10 89 34
10 90 30
10 91 37
10 92 36
10 93 38
10 94 38
10 95 34
10 96 35
10 97 40
10 98 34
10 99 41
10 100 36
10 101 12
11 1 2
11 2 2
11 3 2
11 4 2
11 5 2
11 6 26
11 7 31
11 8 27
11 9 29
11 10 29
11 11 29
11 12 27
11 13 29
11 14 30
11 15 32
11 16 32
11 17 33
11 18 32
11 19 35
11 20 28
11 21 36
11 22 38
11 23 30
11 24 29
11 25 33
11 26 30
11 27 37
11 28 36
11 29 38
11 30 35
11 31 39
11 32 29
11 33 35
11 34 39
11 35 33
11 36 32
11 37 38
11 38 29
11 39 33
11 40 33
11 41 35
11 42 37
11 43 41
11 44 37
11 45 30
11 46 33
11 47 33
11 48 33
11 49 39
11 50 33
11 51 41
11 52 34
11 53 37
11 54 39
11 55 43
11 56 37
11 57 39
11 58 37
11 59 35
11 60 35
11 61 43
11 62 39
11 63 37
11 64 40
11 65 39
11 66 37
11 67 41
11 68 33
11 69 41
11 70 37
11 71 39
11 72 35
11 73 43
11 74 39
11 75 33
11 76 37
11 77 39
11 78 33
11 79 41
11 80 35
11 81 37
11 82 41
11 83 41
11 84 37
11 85 43
11 86 41
11 87 39
11 88 37
11 89 33
11 90 37
11 91 43
11 92 39
11 93 41
11 94 43
11 95 39
11 96 39
11 97 41
11 98 35
11 99 45
11 100 39
11 101 15
12 1 2
12 2 2
12 3 2
12 4 2
12 5 2
12 6 21
12 7 24
12 8 22
12 9 25
12 10 19
12 11 20
12 12 25
12 13 20
12 14 23
12 15 24
12 16 22
12 17 24
12 18 22
12 19 25
12 20 27
12 21 30
12 22 24
12 23 27
12 24 28
12 25 23
12 26 29
12 27 30
12 28 25
12 29 24
12 30 26
12 31 28
12 32 29
12 33 27
12 34 31
12 35 24
12 36 29
12 37 28
12 38 26
12 39 30
12 40 28
12 41 31
12 42 32
12 43 29
12 44 26
12 45 32
12 46 27
12 47 27
12 48 31
12 49 34
12 50 26
12 51 33
12 52 31
12 53 28
12 54 25
12 55 23
12 56 25
12 57 23
12 58 25
12 59 32
12 60 33
12 61 30
12 62 36
12 63 33
12 64 33
12 65 32
12 66 23
12 67 29
12 68 25
12 69 33
12 70 29
12 71 35
12 72 34
12 73 30
12 74 33
12 75 30
12 76 33
12 77 32
12 78 35
12 79 31
12 80 30
12 81 35
12 82 31
12 83 30
12 84 35
12 85 33
12 86 31
12 87 33
12 88 29
12 89 36
12 90 31
12 91 35
12 92 30
12 93 33
12 94 29
12 95 29
12 96 35
12 97 35
12 98 35
12 99 33
12 100 29
12 101 13
13 1 2
13 2 2
13 3 2
13 4 2
13 5 2
13 6 27
13 7 33
13 8 26
13 9 31
13 10 30
13 11 32
13 12 24
13 13 32
13 14 28
13 15 28
13 16 32
13 17 30
13 18 29
13 19 34
13 20 31
13 21 32
13 22 38
13 23 32
13 24 27
13 25 34
13 26 34
13 27 32
13 28 31
13 29 34
13 30 32
13 31 37
13 32 32
13 33 35
13 34 40
13 35 32
13 36 33
13 37 39
13 38 34
13 39 37
13 40 34
13 41 35
13 42 36
13 43 39
13 44 31
13 45 37
13 46 35
13 47 34
13 48 34
13 49 40
13 50 34
13 51 41
13 52 36
13 53 31
13 54 34
13 55 40
13 56 31
13 57 36
13 58 37
13 59 40
13 60 29
13 61 39
13 62 37
13 63 34
13 64 36
13 65 38
13 66 33
13 67 41
13 68 30
13 69 38
13 70 37
13 71 41
13 72 35
13 73 35
13 74 34
13 75 33
13 76 39
13 77 43
13 78 40
13 79 39
13 80 32
13 81 39
13 82 38
13 83 41
13 84 38
13 85 41
13 86 39
13 87 35
13 88 39
13 89 41
13 90 35
13 91 44
13 92 39
13 93 36
13 94 41
13 95 37
13 96 35
13 97 41
13 98 41
13 99 44
13 100 41
13 101 15
14 1 2
14 2 2
14 3 2
14 4 2
14 5 2
14 6 23
14 7 27
14 8 22
14 9 28
14 10 24
14 11 25
14 12 26
14 13 26
14 14 27
14 15 30
14 16 28
14 17 30
14 18 26
14 19 31
14 20 22
14 21 31
14 22 27
14 23 25
14 24 20
14 25 27
14 26 26
14 27 33
14 28 30
14 29 32
14 30 30
14 31 32
14 32 26
14 33 31
14 34 36
14 35 30
14 36 28
14 37 34
14 38 30
14 39 30
14 40 30
14 41 33
14 42 34
14 43 30
14 44 32
14 45 33
14 46 29
14 47 27
14 48 30
14 49 35
14 50 24
14 51 34
14 52 29
14 53 33
14 54 35
14 55 39
14 56 34
14 57 34
14 58 29
14 59 30
14 60 31
14 61 33
14 62 33
14 63 33
14 64 35
14 65 29
14 66 33
14 67 39
14 68 29
14 69 38
14 70 32
14 71 33
14 72 31
14 73 36
14 74 30
14 75 33
14 76 37
14 77 36
14 78 32
14 79 35
14 80 29
14 81 37
14 82 39
14 83 38
14 84 33
14 85 37
14 86 31
14 87 37
14 88 33
14 89 37
14 90 33
14 91 38
14 92 35
14 93 35
14 94 37
14 95 34
14 96 31
14 97 33
14 98 33
14 99 36
14 100 33
14 101 12
15 1 2
15 2 2
15 3 2
15 4 2
15 5 2
15 6 19
15 7 22
15 8 20
15 9 24
15 10 18
15 11 20
15 12 22
15 13 22
15 14 22
15 15 28
15 16 24
15 17 24
15 18 24
15 19 26
15 20 23
15 21 28
15 22 28
15 23 26
15 24 22
15 25 20
15 26 23
15 27 27
15 28 18
15 29 30
15 30 28
15 31 28
15 32 22
15 33 30
15 34 28
15 35 24
15 36 28
15 37 32
15 38 26
15 39 30
15 40 22
15 41 32
15 42 32
15 43 30
15 44 25
15 45 24
15 46 20
15 47 23
15 48 23
15 49 29
15 50 27
15 51 30
15 52 27
15 53 28
15 54 33
15 55 31
15 56 28
15 57 29
15 58 28
15 59 31
15 60 26
15 61 31
15 62 32
15 63 30
15 64 30
15 65 33
15 66 30
15 67 31
15 68 23
15 69 35
15 70 25
15 71 33
15 72 31
15 73 29
15 74 25
15 75 32
15 76 32
15 77 31
15 78 32
15 79 32
15 80 28
15 81 34
15 82 32
15 83 33
15 84 25
15 85 26
15 86 29
15 87 26
15 88 21
15 89 31
15 90 30
15 91 27
15 92 33
15 93 33
15 94 27
15 95 27
15 96 27
15 97 32
15 98 33
15 99 39
15 100 30
15 101 11
16 1 2
16 2 2
16 3 2
16 4 2
16 5 2
16 6 21
16 7 23
16 8 22
16 9 21
16 10 21
16 11 18
16 12 24
16 13 22
16 14 20
16 15 24
16 16 28
16 17 20
16 18 21
16 19 27
16 20 26
16 21 25
16 22 32
16 23 24
16 24 27
16 25 22
16 26 26
16 27 26
16 28 24
16 29 27
16 30 24
16 31 26
16 32 24
16 33 24
16 34 26
16 35 21
16 36 29
16 37 31
16 38 28
16 39 28
16 40 25
16 41 28
16 42 29
16 43 28
16 44 28
16 45 25
16 46 26
16 47 26
16 48 32
16 49 31
16 50 29
16 51 30
16 52 33
16 53 25
16 54 31
16 55 32
16 56 30
16 57 25
16 58 32
16 59 28
16 60 25
16 61 28
16 62 29
16 63 26
16 64 37
16 65 30
16 66 26
16 67 28
16 68 22
16 69 28
16 70 28
16 71 35
16 72 37
16 73 33
16 74 29
16 75 30
16 76 37
16 77 29
16 78 33
16 79 31
16 80 25
16 81 25
16 82 29
16 83 27
16 84 27
16 85 32
16 86 35
16 87 32
16 88 29
16 89 29
16 90 27
16 91 28
16 92 31
16 93 31
16 94 31
16 95 26
16 96 31
16 97 33
16 98 32
16 99 35
16 100 35
16 101 11
17 1 2
17 2 2
17 3 2
17 4 2
17 5 2
17 6 27
17 7 31
17 8 26
17 9 33
17 10 29
17 11 28
17 12 28
17 13 28
17 14 28
17 15 32
17 16 30
17 17 29
17 18 28
17 19 32
17 20 27
17 21 34
17 22 32
17 23 34
17 24 31
17 25 30
17 26 34
17 27 36
17 28 30
17 29 34
17 30 32
17 31 35
17 32 28
17 33 31
17 34 32
17 35 30
17 36 29
17 37 38
17 38 30
17 39 33
17 40 28
17 41 37
17 42 34
17 43 37
17 44 33
17 45 38
17 46 33
17 47 33
17 48 35
17 49 42
17 50 34
17 51 42
17 52 30
17 53 31
17 54 35
17 55 34
17 56 32
17 57 36
17 58 38
17 59 34
17 60 37
17 61 39
17 62 41
17 63 35
17 64 35
17 65 37
17 66 32
17 67 36
17 68 30
17 69 37
17 70 33
17 71 40
17 72 36
17 73 38
17 74 39
17 75 38
17 76 41
17 77 40
17 78 41
17 79 39
17 80 32
17 81 40
17 82 39
17 83 31
17 84 37
17 85 43
17 86 37
17 87 37
17 88 33
17 89 39
17 90 34
17 91 43
17 92 37
17 93 40
17 94 35
17 95 35
17 96 33
17 97 42
17 98 39
17 99 43
17 100 39
17 101 14
18 1 2
18 2 2
18 3 2
18 4 2
18 5 2
18 6 26
18 7 29
18 8 27
18 9 27
18 10 24
18 11 28
18 12 26
18 13 28
18 14 30
18 15 32
18 16 29
18 17 31
18 18 32
18 19 33
18 20 27
18 21 30
18 22 32
18 23 27
18 24 29
18 25 31
18 26 27
18 27 34
18 28 29
18 29 36
18 30 35
18 31 35
18 32 31
18 33 37
18 34 33
18 35 33
18 36 34
18 37 36
18 38 31
18 39 35
18 40 27
18 41 33
18 42 37
18 43 33
18 44 35
18 45 33
18 46 31
18 47 33
18 48 33
18 49 37
18 50 33
18 51 39
18 52 33
18 53 36
18 54 35
18 55 35
18 56 31
18 57 33
18 58 29
18 59 33
18 60 25
18 61 31
18 62 29
18 63 35
18 64 33
18 65 39
18 66 36
18 67 34
18 68 30
18 69 41
18 70 34
18 71 41
18 72 41
18 73 39
18 74 37
18 75 39
18 76 39
18 77 37
18 78 34
18 79 35
18 80 31
18 81 37
18 82 32
18 83 39
18 84 37
18 85 37
18 86 39
18 87 39
18 88 35
18 89 39
18 90 37
18 91 35
18 92 37
18 93 41
18 94 37
18 95 37
18 96 33
18 97 39
18 98 39
18 99 43
18 100 33
18 101 15
19 1 2
19 2 2
19 3 2
19 4 2
19 5 2
19 6 28
19 7 31
19 8 27
19 9 27
19 10 33
19 11 33
19 12 27
19 13 33
19 14 31
19 15 30
19 16 29
19 17 33
19 18 25
19 19 36
19 20 28
19 21 31
19 22 33
19 23 27
19 24 28
19 25 35
19 26 34
19 27 33
19 28 37
19 29 39
19 30 31
19 31 35
19 32 31
19 33 33
19 34 37
19 35 31
19 36 25
19 37 37
19 38 29
19 39 33
19 40 35
19 41 37
19 42 37
19 43 39
19 44 35
19 45 31
19 46 37
19 47 33
19 48 33
19 49 43
19 50 37
19 51 37
19 52 33
19 53 35
19 54 27
19 55 41
19 56 37
19 57 38
19 58 37
19 59 33
19 60 29
19 61 39
19 62 33
19 63 31
19 64 39
19 65 41
19 66 37
19 67 43
19 68 34
19 69 35
19 70 35
19 71 37
19 72 32
19 73 41
19 74 39
19 75 35
19 76 41
19 77 38
19 78 27
19 79 41
19 80 33
19 81 33
19 82 43
19 83 44
19 84 39
19 85 41
19 86 39
19 87 37
19 88 35
19 89 36
19 90 27
19 91 43
19 92 37
19 93 36
19 94 45
19 95 41
19 96 36
19 97 39
19 98 37
19 99 37
19 100 31
19 101 17
20 1 2
20 2 2
20 3 2
20 4 2
20 5 2
20 6 20
20 7 22
20 8 16
20 9 22
20 10 17
20 11 22
20 12 20
20 13 21
20 14 22
20 15 24
20 16 19
20 17 25
20 18 22
20 19 23
20 20 21
20 21 28
20 22 26
20 23 25
20 24 23
20 25 22
20 26 26
20 27 30
20 28 25
20 29 24
20 30 25
20 31 28
20 32 22
20 33 28
20 34 30
20 35 22
20 36 24
20 37 27
20 38 22
20 39 30
20 40 26
20 41 30
20 42 28
20 43 26
20 44 24
20 45 26
20 46 24
20 47 24
20 48 25
20 49 32
20 50 26
20 51 30
20 52 24
20 53 28
20 54 26
20 55 32
20 56 26
20 57 26
20 58 27
20 59 30
20 60 28
20 61 32
20 62 28
20 63 27
20 64 24
20 65 26
20 66 24
20 67 30
20 68 24
20 69 33
20 70 28
20 71 32
20 72 30
20 73 28
20 74 30
20 75 28
20 76 30
20 77 34
20 78 32
20 79 32
20 80 26
20 81 34
20 82 32
20 83 28
20 84 26
20 85 28
20 86 24
20 87 32
20 88 28
20 89 34
20 90 28
20 91 34
20 92 28
20 93 32
20 94 30
20 95 30
20 96 30
20 97 32
20 98 34
20 99 36
20 100 26
20 101 8
21 1 2
21 2 2
21 3 2
21 4 2
21 5 2
21 6 30
21 7 31
21 8 27
21 9 33
21 10 29
21 11 31
21 12 28
21 13 29
21 14 29
21 15 27
21 16 23
21 17 33
21 18 29
21 19 32
21 20 29
21 21 33
21 22 31
21 23 32
21 24 29
21 25 32
21 26 34
21 27 33
21 28 31
21 29 31
21 30 32
21 31 35
21 32 32
21 33 38
21 34 37
21 35 31
21 36 31
21 37 33
21 38 29
21 39 37
21 40 28
21 41 38
21 42 39
21 43 36
21 44 31
21 45 37
21 46 33
21 47 33
21 48 35
21 49 39
21 50 31
21 51 41
21 52 31
21 53 31
21 54 35
21 55 35
21 56 29
21 57 35
21 58 33
21 59 37
21 60 35
21 61 41
21 62 42
21 63 40
21 64 33
21 65 39
21 66 35
21 67 37
21 68 31
21 69 37
21 70 31
21 71 37
21 72 34
21 73 35
21 74 41
21 75 39
21 76 41
21 77 43
21 78 39
21 79 31
21 80 33
21 81 39
21 82 33
21 83 39
21 84 39
21 85 37
21 86 37
21 87 35
21 88 35
21 89 39
21 90 35
21 91 42
21 92 35
21 93 37
21 94 39
21 95 35
21 96 38
21 97 43
21 98 43
21 99 43
21 100 35
21 101 15
22 1 2
22 2 2
22 3 2
22 4 2
22 5 2
22 6 21
22 7 25
22 8 23
22 9 28
22 10 25
22 11 25
22 12 22
22 13 26
22 14 25
22 15 28
22 16 29
22 17 29
22 18 26
22 19 31
22 20 26
22 21 30
22 22 35
22 23 28
22 24 22
22 25 26
22 26 24
22 27 29
22 28 28
22 29 36
22 30 31
22 31 36
22 32 25
22 33 30
22 34 35
22 35 27
22 36 28
22 37 34
22 38 26
22 39 27
22 40 28
22 41 31
22 42 31
22 43 38
22 44 33
22 45 28
22 46 28
22 47 28
22 48 27
22 49 31
22 50 29
22 51 35
22 52 31
22 53 31
22 54 35
22 55 39
22 56 32
22 57 35
22 58 34
22 59 32
22 60 29
22 61 39
22 62 31
22 63 27
22 64 33
22 65 33
22 66 29
22 67 36
22 68 29
22 69 37
22 70 29
22 71 31
22 72 31
22 73 37
22 74 33
22 75 29
22 76 34
22 77 35
22 78 29
22 79 37
22 80 31
22 81 35
22 82 37
22 83 39
22 84 31
22 85 39
22 86 39
22 87 35
22 88 31
22 89 33
22 90 33
22 91 37
22 92 37
22 93 33
22 94 36
22 95 32
22 96 32
22 97 35
22 98 33
22 99 41
22 100 35
22 101 13
23 1 2
23 2 2
23 3 2
23 4 2
23 5 2
23 6 25
23 7 29
23 8 27
23 9 33
23 10 29
23 11 23
23 12 29
23 13 28
23 14 28
23 15 34
23 16 34
23 17 32
23 18 28
23 19 32
23 20 24
23 21 30
23 22 30
23 23 30
23 24 24
23 25 27
23 26 30
23 27 36
23 28 30
23 29 38
23 30 36
23 31 40
23 32 27
23 33 30
23 34 41
23 35 28
23 36 30
23 37 38
23 38 32
23 39 27
23 40 32
23 41 36
23 42 32
23 43 36
23 44 30
23 45 31
23 46 31
23 47 31
23 48 30
23 49 34
23 50 26
23 51 36
23 52 28
23 53 34
23 54 37
23 55 36
23 56 34
23 57 40
23 58 35
23 59 33
23 60 33
23 61 36
23 62 36
23 63 35
23 64 40
23 65 39
23 66 32
23 67 42
23 68 33
23 69 39
23 70 32
23 71 35
23 72 31
23 73 37
23 74 35
23 75 36
23 76 41
23 77 34
23 78 37
23 79 41
23 80 32
23 81 39
23 82 43
23 83 37
23 84 32
23 85 39
23 86 35
23 87 37
23 88 29
23 89 36
23 90 35
23 91 41
23 92 41
23 93 40
23 94 37
23 95 33
23 96 31
23 97 33
23 98 32
23 99 35
23 100 39
23 101 15
24 1 2
24 2 2
24 3 2
24 4 2
24 5 2
24 6 22
24 7 22
24 8 24
24 9 26
24 10 14
24 11 22
24 12 23
24 13 18
24 14 26
24 15 28
24 16 27
24 17 24
24 18 24
24 19 22
24 20 25
24 21 26
24 22 30
24 23 24
24 24 26
24 25 24
24 26 28
24 27 32
24 28 28
24 29 26
24 30 30
24 31 29
24 32 24
24 33 20
24 34 28
24 35 20
24 36 26
24 37 25
24 38 26
24 39 30
24 40 28
24 41 32
24 42 35
24 43 32
24 44 32
24 45 29
24 46 22
24 47 26
24 48 31
24 49 30
24 50 28
24 51 35
24 52 29
24 53 28
24 54 29
24 55 28
24 56 25
24 57 25
24 58 22
24 59 29
24 60 34
24 61 33
24 62 34
24 63 25
24 64 33
24 65 26
24 66 30
24 67 23
24 68 28
24 69 30
24 70 32
24 71 34
24 72 36
24 73 29
24 74 34
24 75 27
24 76 31
24 77 35
24 78 35
24 79 32
24 80 33
24 81 32
24 82 32
24 83 32
24 84 33
24 85 29
24 86 30
24 87 34
24 88 31
24 89 33
24 90 29
24 91 32
24 92 32
24 93 35
24 94 30
24 95 29
24 96 35
24 97 31
24 98 30
24 99 37
24 100 33
24 101 13
25 1 2
25 2 2
25 3 2
25 4 2
25 5 2
25 6 15
25 7 19
25 8 14
25 9 18
25 10 18
25 11 18
25 12 14
25 13 20
25 14 14
25 15 20
25 16 18
25 17 18
25 18 16
25 19 20
25 20 16
25 21 20
25 22 22
25 23 23
25 24 18
25 25 22
25 26 20
25 27 22
25 28 20
25 29 22
25 30 18
25 31 24
25 32 18
25 33 24
25 34 26
25 35 18
25 36 18
25 37 26
25 38 21
25 39 22
25 40 22
25 41 22
25 42 24
25 43 26
25 44 21
25 45 26
25 46 21
25 47 20
25 48 23
25 49 30
25 50 26
25 51 26
25 52 18
25 53 18
25 54 19
25 55 24
25 56 20
25 57 22
25 58 27
25 59 26
25 60 24
25 61 29
25 62 27
25 63 29
25 64 26
25 65 29
25 66 20
25 67 27
25 68 18
25 69 23
25 70 22
25 71 26
25 72 24
25 73 28
25 74 27
25 75 27
25 76 27
25 77 28
25 78 28
25 79 26
25 80 18
25 81 26
25 82 27
25 83 28
25 84 23
25 85 32
25 86 26
25 87 23
25 88 25
25 89 26
25 90 22
25 91 31
25 92 26
25 93 28
25 94 28
25 95 25
25 96 23
25 97 30
25 98 29
25 99 31
25 100 30
25 101 8
26 1 2
26 2 2
26 3 2
26 4 2
26 5 2
26 6 27
26 7 30
26 8 24
26 9 30
26 10 28
26 11 30
26 12 24
26 13 28
26 14 26
26 15 30
26 16 28
26 17 30
26 18 29
26 19 30
26 20 28
26 21 36
26 22 34
26 23 28
26 24 30
26 25 30
26 26 34
26 27 36
26 28 28
26 29 32
26 30 30
26 31 34
26 32 30
26 33 36
26 34 38
26 35 32
26 36 32
26 37 34
26 38 32
26 39 36
26 40 32
26 41 36
26 42 36
26 43 34
26 44 32
26 45 37
26 46 32
26 47 32
26 48 34
26 49 38
26 50 33
26 51 38
26 52 32
26 53 33
26 54 34
26 55 38
26 56 30
26 57 34
26 58 35
26 59 37
26 60 32
26 61 40
26 62 40
26 63 38
26 64 36
26 65 34
26 66 33
26 67 38
26 68 29
26 69 38
26 70 34
26 71 40
26 72 34
26 73 36
26 74 31
26 75 34
26 76 36
26 77 41
26 78 38
26 79 37
26 80 31
26 81 39
26 82 38
26 83 36
26 84 36
26 85 40
26 86 34
26 87 38
26 88 36
26 89 41
26 90 36
26 91 42
26 92 35
26 93 34
26 94 39
26 95 37
26 96 36
26 97 38
26 98 40
26 99 42
26 100 34
26 101 14
27 1 2
27 2 2
27 3 2
27 4 2
27 5 2
27 6 27
27 7 30
27 8 30
27 9 33
27 10 22
27 11 28
27 12 28
27 13 28
27 14 32
27 15 37
27 16 34
27 17 32
27 18 36
27 19 34
27 20 30
27 21 36
27 22 38
27 23 30
27 24 32
27 25 34
27 26 32
27 27 40
27 28 28
27 29 39
27 30 34
27 31 38
27 32 32
27 33 34
27 34 38
27 35 32
27 36 36
27 37 36
27 38 36
27 39 38
27 40 30
27 41 42
27 42 42
27 43 39
27 44 34
27 45 36
27 46 30
27 47 36
27 48 38
27 49 40
27 50 36
27 51 42
27 52 30
27 53 40
27 54 40
27 55 40
27 56 36
27 57 38
27 58 33
27 59 38
27 60 37
27 61 40
27 62 36
27 63 33
27 64 36
27 65 37
27 66 36
27 67 40
27 68 33
27 69 42
27 70 39
27 71 43
27 72 41
27 73 38
27 74 40
27 75 39
27 76 40
27 77 42
27 78 40
27 79 38
27 80 37
27 81 42
27 82 40
27 83 42
27 84 38
27 85 38
27 86 40
27 87 42
27 88 37
27 89 42
27 90 37
27 91 39
27 92 40
27 93 45
27 94 40
27 95 40
27 96 40
27 97 42
27 98 42
27 99 48
27 100 40
27 101 17
28 1 2
28 2 2
28 3 2
28 4 2
28 5 2
28 6 19
28 7 26
28 8 22
28 9 18
28 10 26
28 11 22
28 12 24
28 13 22
28 14 25
28 15 24
28 16 30
28 17 22
28 18 22
28 19 29
28 20 26
28 21 24
28 22 27
28 23 24
28 24 24
28 25 24
28 26 29
28 27 26
28 28 30
28 29 30
28 30 28
28 31 32
28 32 30
28 33 24
28 34 34
28 35 24
28 36 24
28 37 32
28 38 30
28 39 26
28 40 30
28 41 28
28 42 26
28 43 26
28 44 26
28 45 22
28 46 30
28 47 28
28 48 32
28 49 36
28 50 25
28 51 30
28 52 33
28 53 28
28 54 28
28 55 34
28 56 36
28 57 28
28 58 30
28 59 30
28 60 28
28 61 30
28 62 33
28 63 27
28 64 37
28 65 32
28 66 26
28 67 36
28 68 28
28 69 32
28 70 34
28 71 33
28 72 28
28 73 34
28 74 35
28 75 30
28 76 39
28 77 30
28 78 30
28 79 32
28 80 29
28 81 27
28 82 37
28 83 30
28 84 32
28 85 32
28 86 32
28 87 31
28 88 34
28 89 34
28 90 26
28 91 37
28 92 36
28 93 32
28 94 37
28 95 33
28 96 32
28 97 33
28 98 29
28 99 24
28 100 32
28 101 13
29 1 2
29 2 2
29 3 2
29 4 2
29 5 2
29 6 29
29 7 32
29 8 22
29 9 32
29 10 28
29 11 30
29 12 26
29 13 32
29 14 26
29 15 26
29 16 28
29 17 32
29 18 26
29 19 34
29 20 30
29 21 35
29 22 38
29 23 29
29 24 32
29 25 32
29 26 32
29 27 34
29 28 32
29 29 34
29 30 30
29 31 34
29 32 28
29 33 34
29 34 36
29 35 28
29 36 30
29 37 38
29 38 30
29 39 36
29 40 32
29 41 36
29 42 36
29 43 40
29 44 32
29 45 32
29 46 30
29 47 34
29 48 24
29 49 36
29 50 32
29 51 38
29 52 33
29 53 32
29 54 34
29 55 40
29 56 30
29 57 34
29 58 40
29 59 34
29 60 30
29 61 40
29 62 38
29 63 34
29 64 40
29 65 41
29 66 34
29 67 35
29 68 30
29 69 40
29 70 34
29 71 37
29 72 40
29 73 40
29 74 38
29 75 36
29 76 40
29 77 40
29 78 40
29 79 38
29 80 32
29 81 36
29 82 39
29 83 40
29 84 38
29 85 45
29 86 36
29 87 36
29 88 32
29 89 32
29 90 34
29 91 37
29 92 31
29 93 38
29 94 34
29 95 30
29 96 34
29 97 41
29 98 36
29 99 42
29 100 39
29 101 16
30 1 2
30 2 2
30 3 2
30 4 2
30 5 2
30 6 21
30 7 21
30 8 20
30 9 26
30 10 20
30 11 22
30 12 20
30 13 21
30 14 19
30 15 20
30 16 20
30 17 24
30 18 21
30 19 26
30 20 22
30 21 24
30 22 28
30 23 26
30 24 18
30 25 19
30 26 22
30 27 22
30 28 18
30 29 24
30 30 26
30 31 26
30 32 22
30 33 30
30 34 28
30 35 24
30 36 28
30 37 29
30 38 24
30 39 29
30 40 22
30 41 30
30 42 28
30 43 30
30 44 22
30 45 24
30 46 20
30 47 22
30 48 20
30 49 26
30 50 24
30 51 32
30 52 26
30 53 24
30 54 30
30 55 30
30 56 20
30 57 29
30 58 26
30 59 28
30 60 26
30 61 32
30 62 34
30 63 30
30 64 30
30 65 32
30 66 26
30 67 26
30 68 24
30 69 32
30 70 20
30 71 30
30 72 30
30 73 26
30 74 28
30 75 31
30 76 32
30 77 33
30 78 32
30 79 28
30 80 25
30 81 30
30 82 25
30 83 30
30 84 28
30 85 31
30 86 32
30 87 26
30 88 24
30 89 28
30 90 30
30 91 28
30 92 28
30 93 28
30 94 26
30 95 26
30 96 27
30 97 31
30 98 32
30 99 38
30 100 28
30 101 10
31 1 2
31 2 2
31 3 2
31 4 2
31 5 2
31 6 27
31 7 32
31 8 26
31 9 30
31 10 24
31 11 32
31 12 24
31 13 31
31 14 29
31 15 32
31 16 31
31 17 29
31 18 28
31 19 34
31 20 30
31 21 32
31 22 38
31 23 32
31 24 30
31 25 33
31 26 34
31 27 37
31 28 36
31 29 36
31 30 34
31 31 38
31 32 29
31 33 29
31 34 36
31 35 26
31 36 30
31 37 38
31 38 32
31 39 36
31 40 33
31 41 38
31 42 38
31 43 40
31 44 32
31 45 36
31 46 32
31 47 34
31 48 32
31 49 42
31 50 36
31 51 40
31 52 34
31 53 36
31 54 34
31 55 42
31 56 34
31 57 36
31 58 36
31 59 40
31 60 34
31 61 42
31 62 40
31 63 32
31 64 36
31 65 38
31 66 34
31 67 34
31 68 32
31 69 36
31 70 38
31 71 40
31 72 38
31 73 39
31 74 40
31 75 34
31 76 40
31 77 42
31 78 40
31 79 40
31 80 34
31 81 38
31 82 42
31 83 42
31 84 38
31 85 44
31 86 36
31 87 38
31 88 38
31 89 41
31 90 32
31 91 44
31 92 36
31 93 40
31 94 38
31 95 34
31 96 34
31 97 43
31 98 36
31 99 44
31 100 40
31 101 14
32 1 2
32 2 2
32 3 2
32 4 2
32 5 2
32 6 19
32 7 20
32 8 22
32 9 20
32 10 20
32 11 18
32 12 23
32 13 20
32 14 24
32 15 26
32 16 25
32 17 21
32 18 24
32 19 26
32 20 25
32 21 26
32 22 30
32 23 20
32 24 26
32 25 22
32 26 25
32 27 27
32 28 26
32 29 26
32 30 25
32 31 24
32 32 24
32 33 23
32 34 24
32 35 22
32 36 28
32 37 30
32 38 24
32 39 30
32 40 28
32 41 30
32 42 32
32 43 28
32 44 30
32 45 26
32 46 26
32 47 22
32 48 32
32 49 32
32 50 28
32 51 30
32 52 32
32 53 26
32 54 30
32 55 32
32 56 32
32 57 26
32 58 30
32 59 26
32 60 26
32 61 26
32 62 26
32 63 28
32 64 36
32 65 28
32 66 28
32 67 30
32 68 24
32 69 26
32 70 30
32 71 34
32 72 36
32 73 30
32 74 30
32 75 30
32 76 36
32 77 30
32 78 30
32 79 31
32 80 30
32 81 32
32 82 34
32 83 30
32 84 28
32 85 24
32 86 29
32 87 28
32 88 26
32 89 30
32 90 26
32 91 28
32 92 32
32 93 30
32 94 33
32 95 29
32 96 33
32 97 28
32 98 33
32 99 35
32 100 30
32 101 10
33 1 2
33 2 2
33 3 2
33 4 2
33 5 2
33 6 29
33 7 32
33 8 30
33 9 34
33 10 24
33 11 30
33 12 29
33 13 31
33 14 35
33 15 36
33 16 32
33 17 34
33 18 37
33 19 36
33 20 30
33 21 32
33 22 35
33 23 26
33 24 32
33 25 36
33 26 33
33 27 39
33 28 34
33 29 40
33 30 38
33 31 40
33 32 34
33 33 36
33 34 34
33 35 35
33 36 36
33 37 38
33 38 32
33 39 35
33 40 26
33 41 34
33 42 39
33 43 37
33 44 36
33 45 36
33 46 32
33 47 38
33 48 38
33 49 40
33 50 37
33 51 41
33 52 34
33 53 42
33 54 42
33 55 43
33 56 36
33 57 40
33 58 30
33 59 36
33 60 34
33 61 40
33 62 38
33 63 38
33 64 40
33 65 40
33 66 42
33 67 36
33 68 36
33 69 44
33 70 40
33 71 42
33 72 42
33 73 44
33 74 42
33 75 38
33 76 38
33 77 38
33 78 32
33 79 34
33 80 36
33 81 40
33 82 42
33 83 44
33 84 40
33 85 38
33 86 40
33 87 44
33 88 36
33 89 42
33 90 39
33 91 41
33 92 38
33 93 44
33 94 42
33 95 42
33 96 39
33 97 42
33 98 42
33 99 46
33 100 34
33 101 20
34 1 2
34 2 2
34 3 2
34 4 2
34 5 2
34 6 23
34 7 30
34 8 24
34 9 30
34 10 28
34 11 25
34 12 26
34 13 26
34 14 24
34 15 29
34 16 29
34 17 26
34 18 24
34 19 32
34 20 26
34 21 31
34 22 28
34 23 32
34 24 28
34 25 28
34 26 32
34 27 34
34 28 29
34 29 34
34 30 30
34 31 34
34 32 26
34 33 26
34 34 34
34 35 27
34 36 26
34 37 36
34 38 29
34 39 30
34 40 31
34 41 34
34 42 34
34 43 36
34 44 28
34 45 35
34 46 32
34 47 32
34 48 32
34 49 40
34 50 32
34 51 38
34 52 30
34 53 28
34 54 30
34 55 30
34 56 32
34 57 34
34 58 36
34 59 36
34 60 34
34 61 36
34 62 38
34 63 32
34 64 34
34 65 36
34 66 26
34 67 36
34 68 24
34 69 30
34 70 32
34 71 34
34 72 30
34 73 36
34 74 38
34 75 36
34 76 40
34 77 36
34 78 38
34 79 38
34 80 29
34 81 38
34 82 38
34 83 36
34 84 34
34 85 42
34 86 36
34 87 34
34 88 30
34 89 36
34 90 31
34 91 42
34 92 36
34 93 37
34 94 34
34 95 32
34 96 30
34 97 40
34 98 36
34 99 38
34 100 38
34 101 12
35 1 2
35 2 2
35 3 2
35 4 2
35 5 2
35 6 19
35 7 22
35 8 20
35 9 24
35 10 18
35 11 20
35 12 24
35 13 22
35 14 25
35 15 27
35 16 24
35 17 26
35 18 27
35 19 27
35 20 22
35 21 31
35 22 28
35 23 23
35 24 24
35 25 26
35 26 25
35 27 31
35 28 26
35 29 30
35 30 25
35 31 28
35 32 20
35 33 26
35 34 27
35 35 28
35 36 26
35 37 30
35 38 28
35 39 30
35 40 26
35 41 34
35 42 34
35 43 30
35 44 28
35 45 28
35 46 24
35 47 28
35 48 27
35 49 30
35 50 22
35 51 30
35 52 20
35 53 32
35 54 32
35 55 34
35 56 32
35 57 30
35 58 28
35 59 28
35 60 26
35 61 30
35 62 28
35 63 28
35 64 30
35 65 30
35 66 32
35 67 36
35 68 22
35 69 32
35 70 31
35 71 30
35 72 28
35 73 34
35 74 32
35 75 30
35 76 32
35 77 34
35 78 30
35 79 32
35 80 30
35 81 38
35 82 36
35 83 34
35 84 30
35 85 30
35 86 32
35 87 34
35 88 26
35 89 32
35 90 28
35 91 28
35 92 30
35 93 36
35 94 34
35 95 29
35 96 28
35 97 30
35 98 30
35 99 34
35 100 31
35 101 10
36 1 2
36 2 2
36 3 2
36 4 2
36 5 2
36 6 20
36 7 20
36 8 22
36 9 27
36 10 18
36 11 21
36 12 23
36 13 20
36 14 22
36 15 28
36 16 27
36 17 28
36 18 22
36 19 23
36 20 20
36 21 26
36 22 26
36 23 27
36 24 24
36 25 24
36 26 26
36 27 33
36 28 24
36 29 30
36 30 28
36 31 30
36 32 23
36 33 29
36 34 32
36 35 23
36 36 24
36 37 28
36 38 24
36 39 26
36 40 26
36 41 34
36 42 32
36 43 33
36 44 32
36 45 28
36 46 22
36 47 27
36 48 32
36 49 30
36 50 28
36 51 36
36 52 26
36 53 26
36 54 30
36 55 30
36 56 28
36 57 32
36 58 26
36 59 30
36 60 26
36 61 31
36 62 28
36 63 26
36 64 30
36 65 32
36 66 30
36 67 32
36 68 26
36 69 34
36 70 26
36 71 32
36 72 30
36 73 30
36 74 31
36 75 30
36 76 32
36 77 34
36 78 33
36 79 36
36 80 30
36 81 36
36 82 32
36 83 34
36 84 28
36 85 32
36 86 30
36 87 32
36 88 24
36 89 30
36 90 28
36 91 32
36 92 34
36 93 37
36 94 32
36 95 32
36 96 36
36 97 34
36 98 32
36 99 40
36 100 30
36 101 10
37 1 2
37 2 2
37 3 2
37 4 2
37 5 2
37 6 25
37 7 32
37 8 30
37 9 28
37 10 30
37 11 29
37 12 31
37 13 33
37 14 32
37 15 36
37 16 38
37 17 32
37 18 29
37 19 38
37 20 30
37 21 34
37 22 39
37 23 32
37 24 25
37 25 32
37 26 30
37 27 32
37 28 32
37 29 42
37 30 38
37 31 43
37 32 32
37 33 36
37 34 42
37 35 34
37 36 30
37 37 44
37 38 35
37 39 30
37 40 30
37 41 36
37 42 34
37 43 40
37 44 37
37 45 30
37 46 34
37 47 35
37 48 36
37 49 40
37 50 36
37 51 38
37 52 38
37 53 40
37 54 38
37 55 46
37 56 40
37 57 40
37 58 38
37 59 38
37 60 32
37 61 42
37 62 36
37 63 34
37 64 44
37 65 42
37 66 38
37 67 45
37 68 34
37 69 42
37 70 38
37 71 40
37 72 34
37 73 43
37 74 38
37 75 36
37 76 40
37 77 36
37 78 32
37 79 39
37 80 32
37 81 32
37 82 42
37 83 42
37 84 34
37 85 44
37 86 46
37 87 41
37 88 38
37 89 42
37 90 36
37 91 42
37 92 45
37 93 42
37 94 40
37 95 36
37 96 32
37 97 40
37 98 36
37 99 41
37 100 42
37 101 18
38 1 2
38 2 2
38 3 2
38 4 2
38 5 2
38 6 26
38 7 26
38 8 24
38 9 30
38 10 28
38 11 28
38 12 22
38 13 29
38 14 25
38 15 29
38 16 26
38 17 28
38 18 24
38 19 28
38 20 22
38 21 28
38 22 30
38 23 23
38 24 23
38 25 28
38 26 29
38 27 31
38 28 26
38 29 33
38 30 30
38 31 32
38 32 28
38 33 34
38 34 38
38 35 27
38 36 29
38 37 34
38 38 26
38 39 30
38 40 28
38 41 31
38 42 32
38 43 34
38 44 32
38 45 36
38 46 32
38 47 24
38 48 30
38 49 34
38 50 30
38 51 36
38 52 30
38 53 28
38 54 28
38 55 36
38 56 28
38 57 34
38 58 34
38 59 34
38 60 28
38 61 38
38 62 32
38 63 36
38 64 38
38 65 34
38 66 32
38 67 38
38 68 28
38 69 30
38 70 28
38 71 34
38 72 32
38 73 34
38 74 28
38 75 32
38 76 36
38 77 32
38 78 30
38 79 36
38 80 26
38 81 34
38 82 38
38 83 36
38 84 36
38 85 39
38 86 32
38 87 34
38 88 34
38 89 36
38 90 32
38 91 42
38 92 36
38 93 28
38 94 36
38 95 32
38 96 28
38 97 30
38 98 36
38 99 40
38 100 32
38 101 12
39 1 2
39 2 2
39 3 2
39 4 2
39 5 2
39 6 32
39 7 32
39 8 32
39 9 38
39 10 30
39 11 34
39 12 34
39 13 28
39 14 33
39 15 34
39 16 29
39 17 34
39 18 33
39 19 36
39 20 35
39 21 39
39 22 38
39 23 40
39 24 34
39 25 34
39 26 36
39 27 38
39 28 34
39 29 34
39 30 38
39 31 36
39 32 36
39 33 40
39 34 43
39 35 32
39 36 40
39 37 38
39 38 36
39 39 41
39 40 36
39 41 42
39 42 42
39 43 42
39 44 36
39 45 44
39 46 36
39 47 38
39 48 38
39 49 45
39 50 36
39 51 48
39 52 38
39 53 36
39 54 38
39 55 40
39 56 34
39 57 38
39 58 38
39 59 44
39 60 42
39 61 40
39 62 46
39 63 44
39 64 42
39 65 45
39 66 38
39 67 40
39 68 32
39 69 44
39 70 40
39 71 48
39 72 44
39 73 36
39 74 40
39 75 41
39 76 42
39 77 46
39 78 46
39 79 41
39 80 38
39 81 46
39 82 40
39 83 41
39 84 42
39 85 44
39 86 42
39 87 38
39 88 40
39 89 48
39 90 42
39 91 46
39 92 34
39 93 46
39 94 38
39 95 40
39 96 42
39 97 46
39 98 46
39 99 48
39 100 42
39 101 20
40 1 2
40 2 2
40 3 2
40 4 2
40 5 2
40 6 14
40 7 18
40 8 14
40 9 16
40 10 16
40 11 16
40 12 15
40 13 15
40 14 18
40 15 16
40 16 21
40 17 18
40 18 16
40 19 18
40 20 17
40 21 18
40 22 22
40 23 16
40 24 18
40 25 19
40 26 18
40 27 22
40 28 26
40 29 22
40 30 22
40 31 26
40 32 22
40 33 18
40 34 25
40 35 14
40 36 16
40 37 18
40 38 18
40 39 18
40 40 26
40 41 24
40 42 26
40 43 26
40 44 24
40 45 18
40 46 22
40 47 21
40 48 24
40 49 24
40 50 20
40 51 22
40 52 22
40 53 18
40 54 22
40 55 26
40 56 24
40 57 22
40 58 24
40 59 22
40 60 24
40 61 28
40 62 26
40 63 22
40 64 30
40 65 22
40 66 22
40 67 26
40 68 20
40 69 22
40 70 22
40 71 20
40 72 24
40 73 26
40 74 28
40 75 21
40 76 30
40 77 28
40 78 22
40 79 28
40 80 25
40 81 24
40 82 28
40 83 28
40 84 26
40 85 26
40 86 26
40 87 22
40 88 24
40 89 20
40 90 21
40 91 28
40 92 28
40 93 23
40 94 32
40 95 26
40 96 30
40 97 26
40 98 25
40 99 27
40 100 24
40 101 10
41 1 2
41 2 2
41 3 2
41 4 2
41 5 2
41 6 26
41 7 30
41 8 22
41 9 28
41 10 28
41 11 28
41 12 24
41 13 28
41 14 28
41 15 28
41 16 27
41 17 32
41 18 30
41 19 34
41 20 28
41 21 34
41 22 34
41 23 28
41 24 26
41 25 30
41 26 30
41 27 34
41 28 33
41 29 33
41 30 28
41 31 36
41 32 28
41 33 34
41 34 36
41 35 30
41 36 30
41 37 36
41 38 28
41 39 36
41 40 34
41 41 36
41 42 34
41 43 34
41 44 30
41 45 30
41 46 32
41 47 30
41 48 24
41 49 34
41 50 28
41 51 34
41 52 28
41 53 34
41 54 32
41 55 40
41 56 34
41 57 34
41 58 34
41 59 30
41 60 32
41 61 40
41 62 38
41 63 36
41 64 36
41 65 36
41 66 34
41 67 38
41 68 30
41 69 39
41 70 34
41 71 36
41 72 36
41 73 40
41 74 36
41 75 36
41 76 40
41 77 40
41 78 36
41 79 39
41 80 32
41 81 38
41 82 38
41 83 32
41 84 32
41 85 36
41 86 32
41 87 38
41 88 36
41 89 34
41 90 34
41 91 42
41 92 34
41 93 36
41 94 40
41 95 34
41 96 34
41 97 38
41 98 36
41 99 38
41 100 34
41 101 12
42 1 2
42 2 2
42 3 2
42 4 2
42 5 2
42 6 28
42 7 30
42 8 24
42 9 28
42 10 26
42 11 30
42 12 26
42 13 28
42 14 28
42 15 25
42 16 25
42 17 31
42 18 27
42 19 30
42 20 24
42 21 25
42 22 28
42 23 28
42 24 26
42 25 30
42 26 29
42 27 31
42 28 29
42 29 29
42 30 30
42 31 32
42 32 30
42 33 36
42 34 36
42 35 30
42 36 30
42 37 32
42 38 28
42 39 32
42 40 28
42 41 30
42 42 34
42 43 32
42 44 30
42 45 36
42 46 30
42 47 32
42 48 34
42 49 38
42 50 26
42 51 40
42 52 28
42 53 28
42 54 32
42 55 32
42 56 26
42 57 34
42 58 28
42 59 33
42 60 32
42 61 38
42 62 34
42 63 38
42 64 34
42 65 38
42 66 34
42 67 32
42 68 30
42 69 36
42 70 29
42 71 36
42 72 32
42 73 29
42 74 34
42 75 34
42 76 34
42 77 39
42 78 34
42 79 31
42 80 29
42 81 35
42 82 28
42 83 36
42 84 37
42 85 34
42 86 35
42 87 34
42 88 33
42 89 37
42 90 34
42 91 37
42 92 34
42 93 36
42 94 38
42 95 38
42 96 34
42 97 38
42 98 38
42 99 39
42 100 30
42 101 14
43 1 2
43 2 2
43 3 2
43 4 2
43 5 2
43 6 25
43 7 27
43 8 22
43 9 28
43 10 20
43 11 28
43 12 23
43 13 26
43 14 24
43 15 28
43 16 22
43 17 26
43 18 24
43 19 28
43 20 26
43 21 30
43 22 30
43 23 27
43 24 28
43 25 28
43 26 32
43 27 34
43 28 28
43 29 26
43 30 28
43 31 32
43 32 28
43 33 30
43 34 34
43 35 24
43 36 30
43 37 32
43 38 28
43 39 34
43 40 26
43 41 34
43 42 34
43 43 32
43 44 24
43 45 32
43 46 24
43 47 30
43 48 26
43 49 38
43 50 32
43 51 38
43 52 28
43 53 31
43 54 30
43 55 34
43 56 26
43 57 28
43 58 30
43 59 35
43 60 34
43 61 37
43 62 38
43 63 33
43 64 32
43 65 35
43 66 31
43 67 30
43 68 28
43 69 34
43 70 31
43 71 38
43 72 36
43 73 34
43 74 36
43 75 32
43 76 34
43 77 39
43 78 36
43 79 32
43 80 29
43 81 34
43 82 35
43 83 34
43 84 34
43 85 38
43 86 30
43 87 33
43 88 30
43 89 36
43 90 31
43 91 36
43 92 28
43 93 36
43 94 33
43 95 32
43 96 34
43 97 38
43 98 38
43 99 40
43 100 33
43 101 11
44 1 2
44 2 2
44 3 2
44 4 2
44 5 2
44 6 18
44 7 20
44 8 20
44 9 22
44 10 18
44 11 18
44 12 20
44 13 21
44 14 20
44 15 23
44 16 25
44 17 22
44 18 22
44 19 26
44 20 24
44 21 26
44 22 28
44 23 21
44 24 26
44 25 21
44 26 22
44 27 26
44 28 24
44 29 28
44 30 26
44 31 28
44 32 24
44 33 28
44 34 24
44 35 22
44 36 28
44 37 30
44 38 20
44 39 24
44 40 22
44 41 26
44 42 26
44 43 28
44 44 28
44 45 23
44 46 24
44 47 24
44 48 28
44 49 29
44 50 26
44 51 30
44 52 30
44 53 28
44 54 32
44 55 32
44 56 26
44 57 27
44 58 30
44 59 27
44 60 24
44 61 30
44 62 27
44 63 24
44 64 30
44 65 28
44 66 22
44 67 28
44 68 22
44 69 32
44 70 26
44 71 32
44 72 34
44 73 32
44 74 26
44 75 26
44 76 31
44 77 26
44 78 26
44 79 28
44 80 29
44 81 30
44 82 30
44 83 30
44 84 30
44 85 32
44 86 32
44 87 30
44 88 30
44 89 29
44 90 28
44 91 30
44 92 31
44 93 32
44 94 30
44 95 27
44 96 32
44 97 33
44 98 30
44 99 36
44 100 30
44 101 10
45 1 2
45 2 2
45 3 2
45 4 2
45 5 2
45 6 21
45 7 25
45 8 20
45 9 26
45 10 22
45 11 22
45 12 24
45 13 21
45 14 26
45 15 28
45 16 24
45 17 26
45 18 28
45 19 28
45 20 24
45 21 32
45 22 24
45 23 28
45 24 24
45 25 22
45 26 28
45 27 32
45 28 22
45 29 30
45 30 26
45 31 28
45 32 23
45 33 24
45 34 30
45 35 28
45 36 28
45 37 32
45 38 28
45 39 31
45 40 28
45 41 34
45 42 34
45 43 32
45 44 26
45 45 34
45 46 26
45 47 25
45 48 28
45 49 32
45 50 24
45 51 32
45 52 26
45 53 32
45 54 32
45 55 29
45 56 32
45 57 32
45 58 28
45 59 30
45 60 29
45 61 28
45 62 33
45 63 31
45 64 30
45 65 33
45 66 28
45 67 35
45 68 28
45 69 36
45 70 28
45 71 33
45 72 29
45 73 31
45 74 32
45 75 34
45 76 34
45 77 33
45 78 35
45 79 34
45 80 30
45 81 38
45 82 32
45 83 32
45 84 32
45 85 34
45 86 33
45 87 35
45 88 24
45 89 34
45 90 25
45 91 29
45 92 26
45 93 29
45 94 26
45 95 32
45 96 32
45 97 34
45 98 37
45 99 34
45 100 30
45 101 11
46 1 2
46 2 2
46 3 2
46 4 2
46 5 2
46 6 24
46 7 30
46 8 26
46 9 28
46 10 28
46 11 30
46 12 28
46 13 30
46 14 30
46 15 32
46 16 34
46 17 32
46 18 28
46 19 34
46 20 28
46 21 36
46 22 38
46 23 32
46 24 24
46 25 30
46 26 30
46 27 30
46 28 34
46 29 38
46 30 34
46 31 40
46 32 30
46 33 32
46 34 40
46 35 32
46 36 27
46 37 40
46 38 34
46 39 34
46 40 36
46 41 38
46 42 34
46 43 38
46 44 32
46 45 28
46 46 32
46 47 32
46 48 32
46 49 38
46 50 32
46 51 37
46 52 34
46 53 36
46 54 34
46 55 42
46 56 39
46 57 38
46 58 37
46 59 38
46 60 34
46 61 42
46 62 38
46 63 32
46 64 40
46 65 39
46 66 35
46 67 43
46 68 32
46 69 39
46 70 36
46 71 36
46 72 30
46 73 39
46 74 34
46 75 31
46 76 36
46 77 39
46 78 33
46 79 44
46 80 34
46 81 37
46 82 43
46 83 39
46 84 32
46 85 39
46 86 39
46 87 37
46 88 36
46 89 39
46 90 32
46 91 42
46 92 41
46 93 38
46 94 41
46 95 37
46 96 34
46 97 39
46 98 36
46 99 40
46 100 40
46 101 15
47 1 2
47 2 2
47 3 2
47 4 2
47 5 2
47 6 29
47 7 35
47 8 26
47 9 32
47 10 27
47 11 34
47 12 25
47 13 34
47 14 29
47 15 32
47 16 32
47 17 30
47 18 32
47 19 36
47 20 30
47 21 34
47 22 32
47 23 26
47 24 30
47 25 36
47 26 36
47 27 34
47 28 34
47 29 36
47 30 34
47 31 40
47 32 34
47 33 35
47 34 43
47 35 31
47 36 34
47 37 40
47 38 32
47 39 38
47 40 31
47 41 36
47 42 36
47 43 37
47 44 32
47 45 40
47 46 34
47 47 36
47 48 34
47 49 39
47 50 31
47 51 36
47 52 33
47 53 32
47 54 36
47 55 43
47 56 32
47 57 38
47 58 35
47 59 39
47 60 32
47 61 43
47 62 39
47 63 34
47 64 41
47 65 38
47 66 36
47 67 41
47 68 32
47 69 38
47 70 39
47 71 42
47 72 40
47 73 45
47 74 39
47 75 37
47 76 45
47 77 42
47 78 38
47 79 37
47 80 27
47 81 36
47 82 43
47 83 42
47 84 41
47 85 45
47 86 36
47 87 41
47 88 41
47 89 43
47 90 35
47 91 43
47 92 36
47 93 38
47 94 44
47 95 36
47 96 32
47 97 37
47 98 37
47 99 37
47 100 37
47 101 17
48 1 2
48 2 2
48 3 2
48 4 2
48 5 2
48 6 23
48 7 23
48 8 25
48 9 26
48 10 18
48 11 22
48 12 26
48 13 20
48 14 26
48 15 26
48 16 28
48 17 26
48 18 25
48 19 22
48 20 26
48 21 30
48 22 31
48 23 27
48 24 24
48 25 24
48 26 28
48 27 33
48 28 30
48 29 24
48 30 28
48 31 28
48 32 22
48 33 21
48 34 27
48 35 23
48 36 26
48 37 26
48 38 24
48 39 27
48 40 25
48 41 29
48 42 33
48 43 33
48 44 35
48 45 30
48 46 26
48 47 24
48 48 32
48 49 31
48 50 29
48 51 35
48 52 31
48 53 29
48 54 32
48 55 34
48 56 32
48 57 29
48 58 30
48 59 27
48 60 31
48 61 31
48 62 29
48 63 25
48 64 33
48 65 26
48 66 31
48 67 27
48 68 29
48 69 33
48 70 33
48 71 32
48 72 37
48 73 30
48 74 35
48 75 25
48 76 25
48 77 33
48 78 33
48 79 33
48 80 33
48 81 35
48 82 35
48 83 33
48 84 33
48 85 32
48 86 33
48 87 31
48 88 29
48 89 31
48 90 30
48 91 30
48 92 32
48 93 36
48 94 28
48 95 29
48 96 35
48 97 31
48 98 31
48 99 38
48 100 34
48 101 14
49 1 2
49 2 2
49 3 2
49 4 2
49 5 2
49 6 25
49 7 33
49 8 27
49 9 31
49 10 29
49 11 30
49 12 31
49 13 32
49 14 33
49 15 31
49 16 35
49 17 33
49 18 34
49 19 38
49 20 32
49 21 35
49 22 39
49 23 32
49 24 28
49 25 37
49 26 33
49 27 35
49 28 37
49 29 37
49 30 36
49 31 43
49 32 33
49 33 36
49 34 41
49 35 35
49 36 33
49 37 41
49 38 37
49 39 37
49 40 37
49 41 41
49 42 41
49 43 40
49 44 32
49 45 35
49 46 35
49 47 37
49 48 37
49 49 44
49 50 31
49 51 38
49 52 35
49 53 37
49 54 39
49 55 45
49 56 39
49 57 37
49 58 35
49 59 41
49 60 36
49 61 43
49 62 39
49 63 39
49 64 41
49 65 41
49 66 39
49 67 47
49 68 33
49 69 43
49 70 41
49 71 41
49 72 39
49 73 43
49 74 41
49 75 37
49 76 43
49 77 43
49 78 37
49 79 39
49 80 37
49 81 45
49 82 43
49 83 45
49 84 35
49 85 35
49 86 39
49 87 35
49 88 35
49 89 43
49 90 39
49 91 43
49 92 43
49 93 43
49 94 45
49 95 41
49 96 39
49 97 45
49 98 41
49 99 43
49 100 41
49 101 17
50 1 2
50 2 2
50 3 2
50 4 2
50 5 2
50 6 19
50 7 24
50 8 20
50 9 24
50 10 20
50 11 24
50 12 18
50 13 24
50 14 19
50 15 23
50 16 26
50 17 20
50 18 18
50 19 27
50 20 20
50 21 20
50 22 25
50 23 22
50 24 21
50 25 26
50 26 26
50 27 28
50 28 27
50 29 29
50 30 24
50 31 29
50 32 27
50 33 25
50 34 32
50 35 19
50 36 23
50 37 32
50 38 24
50 39 24
50 40 22
50 41 25
50 42 25
50 43 29
50 44 24
50 45 29
50 46 24
50 47 26
50 48 28
50 49 36
50 50 28
50 51 33
50 52 28
50 53 24
50 54 25
50 55 30
50 56 25
50 57 28
50 58 26
50 59 30
50 60 26
50 61 32
50 62 30
50 63 27
50 64 35
50 65 34
50 66 24
50 67 30
50 68 22
50 69 25
50 70 26
50 71 31
50 72 30
50 73 32
50 74 32
50 75 30
50 76 36
50 77 32
50 78 30
50 79 28
50 80 24
50 81 26
50 82 32
50 83 32
50 84 32
50 85 36
50 86 28
50 87 28
50 88 30
50 89 32
50 90 22
50 91 36
50 92 30
50 93 32
50 94 33
50 95 30
50 96 28
50 97 34
50 98 30
50 99 34
50 100 30
50 101 10
51 1 2
51 2 2
51 3 2
51 4 2
51 5 2
51 6 30
51 7 25
51 8 28
51 9 34
51 10 29
51 11 30
51 12 28
51 13 29
51 14 26
51 15 31
51 16 26
51 17 33
51 18 27
51 19 32
51 20 29
51 21 32
51 22 34
51 23 31
51 24 33
51 25 29
51 26 34
51 27 36
51 28 27
51 29 35
51 30 34
51 31 31
51 32 31
51 33 38
51 34 37
51 35 28
51 36 33
51 37 35
51 38 27
51 39 35
51 40 31
51 41 38
51 42 35
51 43 38
51 44 37
51 45 36
51 46 31
51 47 31
51 48 35
51 49 36
51 50 37
51 51 43
51 52 33
51 53 33
51 54 33
51 55 35
51 56 28
51 57 37
51 58 37
51 59 37
51 60 35
51 61 41
51 62 39
51 63 37
51 64 37
51 65 41
51 66 35
51 67 35
51 68 32
51 69 35
51 70 27
51 71 39
51 72 39
51 73 37
51 74 37
51 75 39
51 76 41
51 77 41
51 78 37
51 79 41
51 80 33
51 81 38
51 82 35
51 83 39
51 84 35
51 85 37
51 86 39
51 87 39
51 88 33
51 89 37
51 90 35
51 91 39
51 92 37
51 93 37
51 94 37
51 95 37
51 96 39
51 97 39
51 98 39
51 99 47
51 100 33
51 101 15
52 1 2
52 2 2
52 3 2
52 4 2
52 5 2
52 6 17
52 7 24
52 8 19
52 9 21
52 10 19
52 11 20
52 12 19
52 13 23
52 14 18
52 15 21
52 16 24
52 17 20
52 18 20
52 19 28
52 20 22
52 21 25
52 22 26
52 23 20
52 24 22
52 25 24
52 26 20
52 27 23
52 28 24
52 29 28
52 30 24
52 31 28
52 32 26
52 33 28
52 34 26
52 35 24
52 36 26
52 37 31
52 38 24
52 39 26
52 40 22
52 41 25
52 42 25
52 43 25
52 44 25
52 45 24
52 46 26
52 47 25
52 48 27
52 49 32
52 50 27
52 51 30
52 52 29
52 53 25
52 54 28
52 55 31
52 56 28
52 57 25
52 58 27
52 59 26
52 60 22
52 61 29
52 62 27
52 63 30
52 64 35
52 65 33
52 66 24
52 67 30
52 68 19
52 69 30
52 70 26
52 71 31
52 72 33
52 73 33
52 74 29
52 75 29
52 76 35
52 77 29
52 78 25
52 79 27
52 80 23
52 81 27
52 82 29
52 83 31
52 84 30
52 85 33
52 86 33
52 87 31
52 88 32
52 89 31
52 90 27
52 91 33
52 92 29
52 93 29
52 94 30
52 95 26
52 96 26
52 97 33
52 98 29
52 99 33
52 100 27
52 101 9
53 1 2
53 2 2
53 3 2
53 4 2
53 5 2
53 6 27
53 7 30
53 8 28
53 9 34
53 10 28
53 11 30
53 12 30
53 13 29
53 14 32
53 15 32
53 16 34
53 17 35
53 18 28
53 19 32
53 20 26
53 21 36
53 22 32
53 23 34
53 24 24
53 25 30
53 26 31
53 27 38
53 28 33
53 29 34
53 30 36
53 31 36
53 32 30
53 33 36
53 34 40
53 35 32
53 36 31
53 37 37
53 38 32
53 39 34
53 40 32
53 41 40
53 42 41
53 43 38
53 44 38
53 45 38
53 46 32
53 47 28
53 48 34
53 49 38
53 50 32
53 51 40
53 52 31
53 53 35
53 54 35
53 55 36
53 56 32
53 57 36
53 58 34
53 59 37
53 60 38
53 61 39
53 62 36
53 63 38
53 64 40
53 65 36
53 66 38
53 67 43
53 68 34
53 69 40
53 70 33
53 71 33
53 72 34
53 73 37
53 74 34
53 75 37
53 76 37
53 77 43
53 78 40
53 79 43
53 80 36
53 81 44
53 82 43
53 83 40
53 84 36
53 85 42
53 86 35
53 87 35
53 88 34
53 89 39
53 90 36
53 91 42
53 92 41
53 93 41
53 94 37
53 95 39
53 96 38
53 97 38
53 98 41
53 99 47
53 100 40
53 101 16
54 1 2
54 2 2
54 3 2
54 4 2
54 5 2
54 6 26
54 7 30
54 8 24
54 9 28
54 10 18
54 11 28
54 12 26
54 13 28
54 14 30
54 15 32
54 16 30
54 17 28
54 18 32
54 19 33
54 20 30
54 21 34
54 22 30
54 23 28
54 24 32
54 25 30
54 26 32
54 27 32
54 28 28
54 29 34
54 30 32
54 31 34
54 32 30
54 33 34
54 34 35
54 35 30
54 36 32
54 37 36
54 38 30
54 39 38
54 40 28
54 41 38
54 42 40
54 43 34
54 44 30
54 45 36
54 46 28
54 47 32
54 48 36
54 49 40
54 50 34
54 51 36
54 52 32
54 53 32
54 54 38
54 55 38
54 56 34
54 57 34
54 58 30
54 59 38
54 60 30
54 61 34
54 62 34
54 63 29
54 64 32
54 65 38
54 66 36
54 67 36
54 68 30
54 69 38
54 70 36
54 71 40
54 72 38
54 73 38
54 74 36
54 75 34
54 76 39
54 77 40
54 78 37
54 79 34
54 80 31
54 81 40
54 82 37
54 83 39
54 84 37
54 85 35
54 86 35
54 87 40
54 88 36
54 89 42
54 90 34
54 91 34
54 92 35
54 93 40
54 94 38
54 95 37
54 96 36
54 97 41
54 98 41
54 99 43
54 100 33
54 101 14
55 1 2
55 2 2
55 3 2
55 4 2
55 5 2
55 6 20
55 7 26
55 8 20
55 9 22
55 10 24
55 11 26
55 12 20
55 13 26
55 14 22
55 15 22
55 16 24
55 17 23
55 18 16
55 19 28
55 20 22
55 21 26
55 22 30
55 23 27
55 24 23
55 25 28
55 26 26
55 27 24
55 28 28
55 29 30
55 30 26
55 31 31
55 32 24
55 33 26
55 34 30
55 35 24
55 36 18
55 37 32
55 38 24
55 39 28
55 40 28
55 41 30
55 42 30
55 43 32
55 44 28
55 45 24
55 46 28
55 47 28
55 48 26
55 49 36
55 50 30
55 51 34
55 52 28
55 53 26
55 54 22
55 55 32
55 56 26
55 57 30
55 58 34
55 59 32
55 60 26
55 61 36
55 62 34
55 63 24
55 64 30
55 65 32
55 66 26
55 67 30
55 68 24
55 69 28
55 70 26
55 71 30
55 72 24
55 73 30
55 74 30
55 75 28
55 76 32
55 77 36
55 78 31
55 79 36
55 80 26
55 81 27
55 82 32
55 83 34
55 84 32
55 85 38
55 86 34
55 87 29
55 88 30
55 89 31
55 90 23
55 91 38
55 92 31
55 93 31
55 94 32
55 95 28
55 96 26
55 97 38
55 98 29
55 99 34
55 100 32
55 101 12
56 1 2
56 2 2
56 3 2
56 4 2
56 5 2
56 6 23
56 7 28
56 8 22
56 9 24
56 10 24
56 11 21
56 12 24
56 13 23
56 14 24
56 15 24
56 16 29
56 17 19
56 18 25
56 19 30
56 20 26
56 21 24
56 22 26
56 23 22
56 24 27
56 25 24
56 26 30
56 27 30
56 28 30
56 29 28
56 30 28
56 31 32
56 32 31
56 33 22
56 34 35
56 35 22
56 36 30
56 37 32
56 38 30
56 39 28
56 40 27
56 41 28
56 42 30
56 43 28
56 44 24
56 45 32
56 46 28
56 47 28
56 48 34
56 49 36
56 50 26
56 51 34
56 52 34
56 53 26
56 54 32
56 55 30
56 56 32
56 57 28
56 58 28
56 59 30
56 60 32
56 61 30
56 62 34
56 63 30
56 64 38
56 65 30
56 66 24
56 67 30
56 68 26
56 69 28
56 70 34
56 71 36
56 72 34
56 73 36
56 74 36
56 75 32
56 76 40
56 77 28
56 78 34
56 79 29
56 80 28
56 81 28
56 82 36
56 83 30
56 84 38
56 85 36
56 86 33
56 87 34
56 88 33
56 89 36
56 90 26
56 91 34
56 92 28
56 93 28
56 94 32
56 95 32
56 96 34
56 97 34
56 98 34
56 99 28
56 100 34
56 101 14
57 1 2
57 2 2
57 3 2
57 4 2
57 5 2
57 6 33
57 7 32
57 8 30
57 9 36
57 10 31
57 11 32
57 12 30
57 13 32
57 14 32
57 15 35
57 16 36
57 17 38
57 18 29
57 19 32
57 20 29
57 21 34
57 22 30
57 23 33
57 24 30
57 25 33
57 26 39
57 27 43
57 28 32
57 29 37
57 30 39
57 31 36
57 32 34
57 33 40
57 34 42
57 35 32
57 36 36
57 37 37
57 38 34
57 39 36
57 40 30
57 41 40
57 42 40
57 43 37
57 44 42
57 45 40
57 46 34
57 47 34
57 48 40
57 49 39
57 50 40
57 51 46
57 52 35
57 53 36
57 54 41
57 55 40
57 56 34
57 57 42
57 58 38
57 59 40
57 60 34
57 61 38
57 62 38
57 63 42
57 64 40
57 65 38
57 66 40
57 67 42
57 68 36
57 69 42
57 70 36
57 71 40
57 72 42
57 73 40
57 74 34
57 75 42
57 76 40
57 77 42
57 78 43
57 79 42
57 80 36
57 81 42
57 82 44
57 83 44
57 84 40
57 85 46
57 86 34
57 87 38
57 88 36
57 89 42
57 90 38
57 91 44
57 92 44
57 93 44
57 94 40
57 95 42
57 96 40
57 97 40
57 98 42
57 99 46
57 100 38
57 101 18
58 1 2
58 2 2
58 3 2
58 4 2
58 5 2
58 6 28
58 7 32
58 8 27
58 9 32
58 10 29
58 11 31
58 12 28
58 13 32
58 14 29
58 15 34
58 16 30
58 17 33
58 18 28
58 19 35
58 20 32
58 21 34
58 22 39
58 23 36
58 24 31
58 25 32
58 26 35
58 27 38
58 28 35
58 29 37
58 30 32
58 31 37
58 32 28
58 33 33
58 34 38
58 35 26
58 36 34
58 37 38
58 38 32
58 39 36
58 40 35
58 41 38
58 42 38
58 43 42
58 44 34
58 45 32
58 46 30
58 47 35
58 48 30
58 49 42
58 50 38
58 51 42
58 52 36
58 53 36
58 54 34
58 55 44
58 56 36
58 57 36
58 58 40
58 59 38
58 60 32
58 61 40
58 62 38
58 63 34
58 64 40
58 65 42
58 66 36
58 67 40
58 68 33
58 69 40
58 70 38
58 71 42
58 72 40
58 73 38
58 74 40
58 75 36
58 76 40
58 77 42
58 78 40
58 79 44
58 80 30
58 81 36
58 82 40
58 83 40
58 84 34
58 85 46
58 86 40
58 87 36
58 88 32
58 89 34
58 90 34
58 91 37
58 92 34
58 93 42
58 94 40
58 95 36
58 96 38
58 97 44
58 98 40
58 99 44
58 100 41
58 101 16
59 1 2
59 2 2
59 3 2
59 4 2
59 5 2
59 6 28
59 7 28
59 8 28
59 9 31
59 10 26
59 11 28
59 12 30
59 13 29
59 14 30
59 15 33
59 16 34
59 17 33
59 18 30
59 19 32
59 20 26
59 21 28
59 22 35
59 23 34
59 24 26
59 25 32
59 26 31
59 27 37
59 28 34
59 29 35
59 30 36
59 31 38
59 32 28
59 33 36
59 34 40
59 35 30
59 36 31
59 37 37
59 38 27
59 39 30
59 40 31
59 41 34
59 42 36
59 43 41
59 44 36
59 45 36
59 46 30
59 47 34
59 48 37
59 49 39
59 50 29
59 51 44
59 52 30
59 53 32
59 54 34
59 55 36
59 56 28
59 57 36
59 58 30
59 59 36
59 60 32
59 61 39
59 62 34
59 63 32
59 64 36
59 65 39
59 66 36
59 67 38
59 68 34
59 69 40
59 70 34
59 71 40
59 72 38
59 73 35
59 74 38
59 75 34
59 76 36
59 77 38
59 78 38
59 79 38
59 80 34
59 81 42
59 82 36
59 83 42
59 84 34
59 85 40
59 86 38
59 87 34
59 88 32
59 89 38
59 90 36
59 91 36
59 92 42
59 93 44
59 94 42
59 95 40
59 96 40
59 97 42
59 98 40
59 99 46
59 100 40
59 101 16
60 1 2
60 2 2
60 3 2
60 4 2
60 5 2
60 6 18
60 7 18
60 8 18
60 9 21
60 10 16
60 11 18
60 12 20
60 13 16
60 14 18
60 15 20
60 16 21
60 17 19
60 18 19
60 19 21
60 20 21
60 21 24
60 22 24
60 23 23
60 24 17
60 25 16
60 26 21
60 27 22
60 28 18
60 29 22
60 30 19
60 31 21
60 32 24
60 33 25
60 34 26
60 35 21
60 36 25
60 37 26
60 38 23
60 39 26
60 40 22
60 41 25
60 42 27
60 43 24
60 44 26
60 45 26
60 46 21
60 47 18
60 48 22
60 49 25
60 50 22
60 51 27
60 52 27
60 53 22
60 54 24
60 55 24
60 56 26
60 57 24
60 58 24
60 59 22
60 60 28
60 61 28
60 62 30
60 63 26
60 64 30
60 65 28
60 66 22
60 67 26
60 68 20
60 69 27
60 70 22
60 71 28
60 72 30
60 73 24
60 74 26
60 75 26
60 76 30
60 77 30
60 78 32
60 79 26
60 80 24
60 81 28
60 82 24
60 83 22
60 84 28
60 85 28
60 86 30
60 87 28
60 88 28
60 89 26
60 90 26
60 91 28
60 92 28
60 93 26
60 94 25
60 95 24
60 96 27
60 97 26
60 98 30
60 99 34
60 100 28
60 101 8
61 1 2
61 2 2
61 3 2
61 4 2
61 5 2
61 6 25
61 7 34
61 8 28
61 9 28
61 10 30
61 11 29
61 12 32
61 13 31
61 14 33
61 15 36
61 16 36
61 17 32
61 18 36
61 19 38
61 20 30
61 21 34
61 22 35
61 23 30
61 24 27
61 25 32
61 26 27
61 27 37
61 28 32
61 29 41
61 30 33
61 31 40
61 32 31
61 33 33
61 34 38
61 35 36
61 36 34
61 37 42
61 38 38
61 39 34
61 40 35
61 41 36
61 42 40
61 43 38
61 44 34
61 45 37
61 46 36
61 47 35
61 48 36
61 49 42
61 50 28
61 51 36
61 52 36
61 53 40
61 54 41
61 55 44
61 56 42
61 57 38
61 58 36
61 59 36
61 60 32
61 61 36
61 62 27
61 63 34
61 64 38
61 65 38
61 66 34
61 67 44
61 68 34
61 69 44
61 70 40
61 71 40
61 72 35
61 73 43
61 74 39
61 75 40
61 76 44
61 77 39
61 78 36
61 79 40
61 80 35
61 81 44
61 82 44
61 83 44
61 84 38
61 85 42
61 86 44
61 87 42
61 88 35
61 89 40
61 90 37
61 91 37
61 92 40
61 93 42
61 94 40
61 95 38
61 96 34
61 97 40
61 98 40
61 99 42
61 100 38
61 101 18
62 1 2
62 2 2
62 3 2
62 4 2
62 5 2
62 6 26
62 7 24
62 8 26
62 9 32
62 10 21
62 11 27
62 12 26
62 13 21
62 14 29
62 15 31
62 16 26
62 17 33
62 18 29
62 19 27
62 20 26
62 21 35
62 22 33
62 23 29
62 24 28
62 25 30
62 26 26
62 27 36
62 28 32
62 29 33
62 30 34
62 31 31
62 32 25
62 33 30
62 34 32
62 35 29
62 36 28
62 37 30
62 38 27
62 39 35
62 40 32
62 41 38
62 42 39
62 43 38
62 44 36
62 45 33
62 46 28
62 47 32
62 48 30
62 49 34
62 50 32
62 51 41
62 52 31
62 53 36
62 54 34
62 55 38
62 56 31
62 57 35
62 58 32
62 59 33
62 60 34
62 61 36
62 62 38
62 63 32
62 64 33
62 65 34
62 66 36
62 67 31
62 68 28
62 69 40
62 70 33
62 71 38
62 72 38
62 73 35
62 74 34
62 75 32
62 76 33
62 77 41
62 78 36
62 79 40
62 80 34
62 81 40
62 82 36
62 83 38
62 84 34
62 85 38
62 86 36
62 87 35
62 88 33
62 89 36
62 90 36
62 91 38
62 92 30
62 93 40
62 94 34
62 95 34
62 96 35
62 97 38
62 98 36
62 99 44
62 100 34
62 101 14
63 1 2
63 2 2
63 3 2
63 4 2
63 5 2
63 6 32
63 7 31
63 8 31
63 9 37
63 10 28
63 11 34
63 12 30
63 13 32
63 14 36
63 15 37
63 16 31
63 17 40
63 18 35
63 19 34
63 20 34
63 21 43
63 22 32
63 23 29
63 24 35
63 25 37
63 26 37
63 27 39
63 28 35
63 29 41
63 30 39
63 31 35
63 32 35
63 33 41
63 34 42
63 35 39
63 36 37
63 37 36
63 38 31
63 39 42
63 40 39
63 41 45
63 42 46
63 43 40
63 44 42
63 45 40
63 46 35
63 47 36
63 48 40
63 49 38
63 50 36
63 51 46
63 52 36
63 53 39
63 54 41
63 55 44
63 56 38
63 57 43
63 58 38
63 59 40
63 60 38
63 61 43
63 62 42
63 63 40
63 64 41
63 65 36
63 66 42
63 67 44
63 68 39
63 69 44
63 70 40
63 71 43
63 72 43
63 73 45
63 74 39
63 75 39
63 76 43
63 77 48
63 78 38
63 79 46
63 80 37
63 81 46
63 82 42
63 83 46
63 84 42
63 85 40
63 86 38
63 87 46
63 88 40
63 89 44
63 90 43
63 91 42
63 92 42
63 93 39
63 94 46
63 95 46
63 96 46
63 97 39
63 98 46
63 99 48
63 100 36
63 101 20
64 1 2
64 2 2
64 3 2
64 4 2
64 5 2
64 6 20
64 7 24
64 8 22
64 9 19
64 10 24
64 11 22
64 12 23
64 13 23
64 14 20
64 15 22
64 16 29
64 17 20
64 18 17
64 19 28
64 20 27
64 21 24
64 22 32
64 23 28
64 24 25
64 25 23
64 26 28
64 27 23
64 28 28
64 29 28
64 30 24
64 31 27
64 32 25
64 33 22
64 34 30
64 35 21
64 36 24
64 37 32
64 38 29
64 39 27
64 40 28
64 41 27
64 42 24
64 43 28
64 44 26
64 45 20
64 46 27
64 47 27
64 48 31
64 49 32
64 50 30
64 51 31
64 52 34
64 53 23
64 54 26
64 55 33
64 56 31
64 57 27
64 58 33
64 59 28
64 60 25
64 61 31
64 62 32
64 63 22
64 64 38
64 65 31
64 66 25
64 67 30
64 68 24
64 69 26
64 70 29
64 71 34
64 72 32
64 73 34
64 74 32
64 75 29
64 76 38
64 77 32
64 78 34
64 79 34
64 80 28
64 81 24
64 82 34
64 83 28
64 84 29
64 85 32
64 86 33
64 87 30
64 88 30
64 89 28
64 90 22
64 91 32
64 92 32
64 93 30
64 94 34
64 95 28
64 96 32
64 97 34
64 98 30
64 99 30
64 100 36
64 101 12
65 1 2
65 2 2
65 3 2
65 4 2
65 5 2
65 6 22
65 7 24
65 8 20
65 9 26
65 10 24
65 11 23
65 12 22
65 13 25
65 14 19
65 15 25
65 16 25
65 17 25
65 18 21
65 19 30
65 20 23
65 21 28
65 22 31
65 23 27
65 24 24
65 25 25
65 26 28
65 27 29
65 28 25
65 29 29
65 30 27
65 31 31
65 32 20
65 33 27
65 34 31
65 35 24
65 36 25
65 37 35
65 38 27
65 39 29
65 40 26
65 41 30
65 42 29
65 43 32
65 44 28
65 45 30
65 46 26
65 47 26
65 48 29
65 49 35
65 50 29
65 51 35
65 52 29
65 53 27
65 54 27
65 55 30
65 56 24
65 57 27
65 58 29
65 59 32
65 60 28
65 61 36
65 62 34
65 63 27
65 64 30
65 65 31
65 66 27
65 67 30
65 68 24
65 69 32
65 70 28
65 71 36
65 72 34
65 73 36
65 74 28
65 75 28
65 76 32
65 77 30
65 78 30
65 79 34
65 80 25
65 81 32
65 82 34
65 83 33
65 84 30
65 85 38
65 86 34
65 87 32
65 88 30
65 89 34
65 90 30
65 91 36
65 92 32
65 93 34
65 94 30
65 95 26
65 96 27
65 97 37
65 98 30
65 99 38
65 100 34
65 101 11
66 1 2
66 2 2
66 3 2
66 4 2
66 5 2
66 6 25
66 7 29
66 8 28
66 9 31
66 10 21
66 11 27
66 12 25
66 13 27
66 14 31
66 15 33
66 16 31
66 17 29
66 18 33
66 19 32
66 20 26
66 21 32
66 22 33
66 23 23
66 24 27
66 25 32
66 26 29
66 27 35
66 28 31
66 29 37
66 30 36
66 31 37
66 32 30
66 33 33
66 34 34
66 35 31
66 36 33
66 37 35
66 38 32
66 39 34
66 40 26
66 41 37
66 42 38
66 43 35
66 44 33
66 45 33
66 46 27
66 47 34
66 48 35
66 49 37
66 50 35
66 51 41
66 52 30
66 53 38
66 54 40
66 55 40
66 56 33
66 57 37
66 58 30
66 59 32
66 60 31
66 61 36
66 62 31
66 63 31
66 64 34
66 65 35
66 66 34
66 67 36
66 68 31
66 69 40
66 70 35
66 71 40
66 72 40
66 73 40
66 74 38
66 75 37
66 76 38
66 77 38
66 78 33
66 79 34
66 80 33
66 81 36
66 82 38
66 83 41
66 84 32
66 85 34
66 86 34
66 87 37
66 88 31
66 89 39
66 90 35
66 91 37
66 92 36
66 93 42
66 94 38
66 95 38
66 96 35
66 97 38
66 98 38
66 99 44
66 100 34
66 101 16
67 1 2
67 2 2
67 3 2
67 4 2
67 5 2
67 6 28
67 7 38
67 8 31
67 9 34
67 10 31
67 11 30
67 12 33
67 13 35
67 14 35
67 15 35
67 16 36
67 17 33
67 18 33
67 19 39
67 20 36
67 21 40
67 22 39
67 23 37
67 24 31
67 25 36
67 26 37
67 27 40
67 28 37
67 29 38
67 30 39
67 31 44
67 32 37
67 33 36
67 34 43
67 35 35
67 36 38
67 37 44
67 38 37
67 39 39
67 40 35
67 41 43
67 42 43
67 43 44
67 44 34
67 45 39
67 46 40
67 47 36
67 48 37
67 49 48
67 50 39
67 51 43
67 52 41
67 53 41
67 54 40
67 55 43
67 56 41
67 57 38
67 58 44
67 59 44
67 60 38
67 61 41
67 62 40
67 63 42
67 64 45
67 65 46
67 66 36
67 67 46
67 68 31
67 69 41
67 70 44
67 71 39
67 72 38
67 73 44
67 74 43
67 75 40
67 76 42
67 77 41
67 78 42
67 79 46
67 80 39
67 81 46
67 82 48
67 83 46
67 84 43
67 85 47
67 86 44
67 87 40
67 88 40
67 89 46
67 90 36
67 91 43
67 92 40
67 93 42
67 94 34
67 95 40
67 96 40
67 97 48
67 98 45
67 99 44
67 100 46
67 101 20
68 1 2
68 2 2
68 3 2
68 4 2
68 5 2
68 6 18
68 7 23
68 8 17
68 9 22
68 10 20
68 11 21
68 12 20
68 13 22
68 14 18
68 15 19
68 16 22
68 17 23
68 18 18
68 19 25
68 20 19
68 21 22
68 22 23
68 23 24
68 24 18
68 25 21
68 26 22
68 27 22
68 28 22
68 29 21
68 30 21
68 31 27
68 32 24
68 33 27
68 34 30
68 35 21
68 36 21
68 37 28
68 38 21
68 39 27
68 40 25
68 41 28
68 42 28
68 43 28
68 44 22
68 45 29
68 46 25
68 47 21
68 48 26
68 49 31
68 50 19
68 51 27
68 52 25
68 53 20
68 54 23
68 55 28
68 56 22
68 57 26
68 58 25
68 59 29
68 60 28
68 61 33
68 62 31
68 63 30
68 64 32
68 65 29
68 66 24
68 67 31
68 68 21
68 69 28
68 70 21
68 71 27
68 72 26
68 73 24
68 74 26
68 75 29
68 76 34
68 77 33
68 78 30
68 79 27
68 80 25
68 81 31
68 82 28
68 83 30
68 84 30
68 85 30
68 86 26
68 87 25
68 88 28
68 89 30
68 90 24
68 91 34
68 92 28
68 93 27
68 94 28
68 95 26
68 96 28
68 97 32
68 98 32
68 99 34
68 100 28
68 101 8
69 1 2
69 2 2
69 3 2
69 4 2
69 5 2
69 6 30
69 7 30
69 8 31
69 9 35
69 10 27
69 11 31
69 12 32
69 13 33
69 14 31
69 15 37
69 16 29
69 17 34
69 18 31
69 19 34
69 20 35
69 21 39
69 22 39
69 23 34
69 24 30
69 25 31
69 26 33
69 27 36
69 28 27
69 29 36
69 30 34
69 31 35
69 32 34
69 33 40
69 34 40
69 35 33
69 36 39
69 37 41
69 38 32
69 39 41
69 40 31
69 41 41
69 42 37
69 43 36
69 44 34
69 45 36
69 46 35
69 47 30
69 48 32
69 49 40
69 50 38
69 51 42
69 52 38
69 53 39
69 54 31
69 55 41
69 56 35
69 57 36
69 58 40
69 59 39
69 60 37
69 61 41
69 62 40
69 63 42
69 64 41
69 65 45
69 66 39
69 67 38
69 68 28
69 69 37
69 70 34
69 71 41
69 72 39
69 73 38
69 74 37
69 75 39
69 76 41
69 77 43
69 78 41
69 79 41
69 80 37
69 81 44
69 82 40
69 83 35
69 84 37
69 85 36
69 86 38
69 87 44
69 88 39
69 89 42
69 90 42
69 91 42
69 92 40
69 93 40
69 94 34
69 95 33
69 96 35
69 97 40
69 98 45
69 99 50
69 100 39
69 101 19
70 1 2
70 2 2
70 3 2
70 4 2
70 5 2
70 6 20
70 7 24
70 8 17
70 9 23
70 10 19
70 11 23
70 12 17
70 13 23
70 14 22
70 15 25
70 16 23
70 17 23
70 18 21
70 19 25
70 20 20
70 21 23
70 22 25
70 23 22
70 24 23
70 25 25
70 26 27
70 27 31
70 28 27
70 29 28
70 30 25
70 31 31
70 32 23
70 33 25
70 34 31
70 35 19
70 36 22
70 37 29
70 38 20
70 39 24
70 40 21
70 41 27
70 42 28
70 43 31
70 44 25
70 45 30
70 46 23
70 47 25
70 48 24
70 49 31
70 50 21
70 51 29
70 52 20
70 53 26
70 54 27
70 55 31
70 56 25
70 57 29
70 58 26
70 59 31
70 60 28
70 61 34
70 62 32
70 63 28
70 64 30
70 65 31
70 66 28
70 67 32
70 68 24
70 69 28
70 70 28
70 71 30
70 72 28
70 73 31
70 74 32
70 75 27
70 76 30
70 77 31
70 78 28
70 79 27
70 80 26
70 81 32
70 82 34
70 83 34
70 84 29
70 85 34
70 86 26
70 87 29
70 88 27
70 89 31
70 90 23
70 91 36
70 92 28
70 93 32
70 94 35
70 95 28
70 96 28
70 97 32
70 98 30
70 99 30
70 100 30
70 101 8
71 1 2
71 2 2
71 3 2
71 4 2
71 5 2
71 6 30
71 7 29
71 8 30
71 9 33
71 10 29
71 11 29
71 12 32
71 13 29
71 14 31
71 15 35
71 16 35
71 17 35
71 18 33
71 19 39
71 20 30
71 21 33
71 22 37
71 23 33
71 24 29
71 25 33
71 26 31
71 27 37
71 28 33
71 29 37
71 30 38
71 31 37
71 32 32
71 33 40
71 34 39
71 35 34
71 36 37
71 37 43
71 38 36
71 39 37
71 40 31
71 41 39
71 42 39
71 43 38
71 44 35
71 45 37
71 46 35
71 47 36
71 48 39
71 49 43
71 50 36
71 51 43
71 52 37
71 53 35
71 54 39
71 55 41
71 56 31
71 57 36
71 58 32
71 59 39
71 60 33
71 61 36
71 62 39
71 63 40
71 64 41
71 65 43
71 66 39
71 67 43
71 68 30
71 69 44
71 70 39
71 71 46
71 72 40
71 73 37
71 74 30
71 75 38
71 76 40
71 77 38
71 78 40
71 79 37
71 80 35
71 81 41
71 82 42
71 83 42
71 84 39
71 85 41
71 86 42
71 87 36
71 88 38
71 89 43
71 90 40
71 91 42
71 92 40
71 93 46
71 94 41
71 95 39
71 96 37
71 97 42
71 98 40
71 99 46
71 100 39
71 101 17
72 1 2
72 2 2
72 3 2
72 4 2
72 5 2
72 6 22
72 7 21
72 8 22
72 9 27
72 10 21
72 11 19
72 12 27
72 13 18
72 14 25
72 15 25
72 16 31
72 17 25
72 18 24
72 19 23
72 20 24
72 21 25
72 22 27
72 23 24
72 24 28
72 25 21
72 26 29
72 27 33
72 28 26
72 29 31
72 30 32
72 31 30
72 32 27
72 33 26
72 34 33
72 35 22
72 36 24
72 37 27
72 38 27
72 39 25
72 40 30
72 41 33
72 42 35
72 43 33
72 44 30
72 45 25
72 46 21
72 47 28
72 48 32
72 49 29
72 50 27
72 51 36
72 52 29
72 53 27
72 54 34
72 55 29
72 56 31
72 57 33
72 58 29
72 59 31
72 60 30
72 61 29
72 62 32
72 63 27
72 64 33
72 65 31
72 66 29
72 67 31
72 68 30
72 69 32
72 70 29
72 71 30
72 72 33
72 73 30
72 74 34
72 75 31
72 76 35
72 77 32
72 78 36
72 79 33
72 80 34
72 81 34
72 82 33
72 83 31
72 84 32
72 85 32
72 86 30
72 87 29
72 88 23
72 89 26
72 90 31
72 91 28
72 92 38
72 93 36
72 94 30
72 95 34
72 96 39
72 97 32
72 98 33
72 99 36
72 100 34
72 101 14
73 1 2
73 2 2
73 3 2
73 4 2
73 5 2
73 6 30
73 7 36
73 8 30
73 9 31
73 10 28
73 11 35
73 12 26
73 13 35
73 14 31
73 15 31
73 16 33
73 17 30
73 18 29
73 19 41
73 20 35
73 21 36
73 22 38
73 23 34
73 24 33
73 25 37
73 26 35
73 27 29
73 28 37
73 29 40
73 30 35
73 31 41
73 32 36
73 33 35
73 34 41
73 35 33
73 36 33
73 37 43
73 38 33
73 39 40
73 40 35
73 41 39
73 42 39
73 43 43
73 44 31
73 45 31
73 46 32
73 47 37
73 48 33
73 49 45
73 50 40
73 51 43
73 52 38
73 53 34
73 54 35
73 55 44
73 56 35
73 57 39
73 58 40
73 59 41
73 60 36
73 61 46
73 62 44
73 63 31
73 64 43
73 65 45
73 66 36
73 67 40
73 68 34
73 69 38
73 70 38
73 71 43
73 72 39
73 73 46
73 74 40
73 75 33
73 76 42
73 77 42
73 78 37
73 79 42
73 80 32
73 81 34
73 82 42
73 83 44
73 84 41
73 85 48
73 86 43
73 87 38
73 88 39
73 89 40
73 90 32
73 91 41
73 92 38
73 93 40
73 94 45
73 95 41
73 96 38
73 97 47
73 98 42
73 99 44
73 100 42
73 101 18
74 1 2
74 2 2
74 3 2
74 4 2
74 5 2
74 6 26
74 7 31
74 8 26
74 9 32
74 10 29
74 11 29
74 12 27
74 13 30
74 14 29
74 15 31
74 16 33
74 17 33
74 18 29
74 19 33
74 20 26
74 21 35
74 22 36
74 23 31
74 24 29
74 25 34
74 26 29
74 27 36
74 28 33
74 29 39
74 30 29
74 31 37
74 32 27
74 33 31
74 34 36
74 35 29
74 36 29
74 37 32
74 38 27
74 39 31
74 40 33
74 41 35
74 42 36
74 43 42
74 44 37
74 45 33
74 46 33
74 47 34
74 48 34
74 49 39
74 50 34
74 51 41
74 52 28
74 53 33
74 54 36
74 55 41
74 56 34
74 57 40
74 58 38
74 59 32
74 60 31
74 61 40
74 62 35
74 63 33
74 64 40
74 65 39
74 66 37
74 67 42
74 68 32
74 69 38
74 70 35
74 71 35
74 72 35
74 73 37
74 74 40
74 75 33
74 76 38
74 77 39
74 78 33
74 79 41
74 80 30
74 81 36
74 82 38
74 83 38
74 84 34
74 85 43
74 86 39
74 87 36
74 88 32
74 89 32
74 90 31
74 91 40
74 92 36
74 93 41
74 94 44
74 95 39
74 96 38
74 97 42
74 98 39
74 99 44
74 100 39
74 101 16
75 1 2
75 2 2
75 3 2
75 4 2
75 5 2
75 6 16
75 7 17
75 8 15
75 9 20
75 10 15
75 11 17
75 12 15
75 13 18
75 14 19
75 15 23
75 16 19
75 17 23
75 18 23
75 19 17
75 20 15
75 21 23
75 22 19
75 23 15
75 24 16
75 25 23
75 26 21
75 27 27
75 28 19
75 29 23
75 30 23
75 31 25
75 32 18
75 33 25
75 34 27
75 35 23
75 36 20
75 37 21
75 38 25
75 39 23
75 40 21
75 41 26
75 42 27
75 43 25
75 44 25
75 45 27
75 46 19
75 47 22
75 48 26
75 49 24
75 50 24
75 51 27
75 52 17
75 53 26
75 54 25
75 55 28
75 56 23
75 57 26
75 58 20
75 59 23
75 60 22
75 61 27
75 62 25
75 63 30
75 64 24
75 65 23
75 66 26
75 67 29
75 68 23
75 69 31
75 70 27
75 71 28
75 72 26
75 73 29
75 74 25
75 75 28
75 76 25
75 77 27
75 78 24
75 79 25
75 80 21
75 81 29
75 82 29
75 83 31
75 84 24
75 85 28
75 86 24
75 87 29
75 88 26
75 89 29
75 90 28
75 91 28
75 92 28
75 93 28
75 94 30
75 95 31
75 96 26
75 97 22
75 98 28
75 99 30
75 100 23
75 101 10
76 1 2
76 2 2
76 3 2
76 4 2
76 5 2
76 6 18
76 7 23
76 8 22
76 9 24
76 10 21
76 11 22
76 12 23
76 13 21
76 14 23
76 15 25
76 16 30
76 17 25
76 18 21
76 19 25
76 20 19
76 21 23
76 22 27
76 23 23
76 24 18
76 25 23
76 26 23
76 27 27
76 28 28
76 29 31
76 30 28
76 31 31
76 32 27
76 33 25
76 34 32
76 35 22
76 36 23
76 37 29
76 38 25
76 39 22
76 40 29
76 41 27
76 42 29
76 43 31
76 44 31
76 45 27
76 46 26
76 47 24
76 48 24
76 49 27
76 50 21
76 51 27
76 52 25
76 53 26
76 54 27
76 55 33
76 56 32
76 57 31
76 58 28
76 59 27
76 60 28
76 61 33
76 62 29
76 63 28
76 64 37
76 65 32
76 66 26
76 67 36
76 68 26
76 69 30
76 70 27
76 71 26
76 72 27
76 73 29
76 74 31
76 75 27
76 76 35
76 77 32
76 78 29
76 79 33
76 80 28
76 81 31
76 82 35
76 83 35
76 84 31
76 85 35
76 86 33
76 87 28
76 88 30
76 89 29
76 90 26
76 91 34
76 92 36
76 93 31
76 94 34
76 95 26
76 96 26
76 97 25
76 98 24
76 99 30
76 100 32
76 101 12
77 1 2
77 2 2
77 3 2
77 4 2
77 5 2
77 6 32
77 7 36
77 8 28
77 9 34
77 10 29
77 11 35
77 12 27
77 13 35
77 14 31
77 15 31
77 16 27
77 17 31
77 18 31
77 19 37
77 20 33
77 21 33
77 22 39
77 23 31
77 24 35
77 25 37
77 26 35
77 27 37
77 28 37
77 29 35
77 30 32
77 31 37
77 32 31
77 33 34
77 34 35
77 35 28
77 36 36
77 37 37
77 38 32
77 39 41
77 40 35
77 41 36
77 42 41
77 43 41
77 44 33
77 45 39
77 46 35
77 47 37
77 48 34
77 49 45
77 50 35
77 51 43
77 52 37
77 53 37
77 54 30
77 55 40
77 56 28
77 57 33
77 58 35
77 59 36
77 60 31
77 61 40
77 62 37
77 63 33
77 64 38
77 65 42
77 66 37
77 67 33
77 68 33
77 69 39
77 70 38
77 71 42
77 72 42
77 73 40
77 74 43
77 75 39
77 76 43
77 77 45
77 78 41
77 79 40
77 80 35
77 81 38
77 82 42
77 83 43
77 84 42
77 85 46
77 86 36
77 87 43
77 88 36
77 89 40
77 90 34
77 91 45
77 92 27
77 93 40
77 94 42
77 95 38
77 96 40
77 97 47
77 98 44
77 99 45
77 100 40
77 101 18
78 1 2
78 2 2
78 3 2
78 4 2
78 5 2
78 6 26
78 7 30
78 8 28
78 9 32
78 10 26
78 11 23
78 12 31
78 13 27
78 14 27
78 15 31
78 16 31
78 17 29
78 18 30
78 19 35
78 20 31
78 21 33
78 22 32
78 23 33
78 24 30
78 25 29
78 26 33
78 27 33
78 28 25
78 29 33
78 30 34
78 31 34
78 32 31
78 33 34
78 34 37
78 35 33
78 36 36
78 37 40
78 38 35
78 39 36
78 40 28
78 41 38
78 42 37
78 43 35
78 44 27
78 45 35
78 46 31
78 47 34
78 48 37
78 49 40
78 50 33
78 51 41
78 52 35
78 53 31
78 54 39
78 55 33
78 56 31
78 57 35
78 58 34
78 59 40
78 60 34
78 61 35
78 62 40
78 63 39
78 64 39
78 65 41
78 66 31
78 67 37
78 68 29
78 69 41
78 70 34
78 71 44
78 72 40
78 73 37
78 74 36
78 75 40
78 76 41
78 77 35
78 78 40
78 79 35
78 80 34
78 81 40
78 82 34
78 83 36
78 84 37
78 85 35
78 86 41
78 87 38
78 88 32
78 89 42
78 90 34
78 91 34
78 92 35
78 93 38
78 94 29
78 95 35
78 96 36
78 97 43
78 98 42
78 99 42
78 100 38
78 101 16
79 1 2
79 2 2
79 3 2
79 4 2
79 5 2
79 6 30
79 7 33
79 8 31
79 9 37
79 10 30
79 11 33
79 12 30
79 13 33
79 14 33
79 15 35
79 16 39
79 17 35
79 18 35
79 19 39
79 20 33
79 21 33
79 22 43
79 23 35
79 24 27
79 25 36
79 26 37
79 27 40
79 28 39
79 29 40
79 30 35
79 31 43
79 32 30
79 33 33
79 34 41
79 35 32
79 36 33
79 37 44
79 38 39
79 39 38
79 40 36
79 41 43
79 42 42
79 43 45
79 44 35
79 45 38
79 46 33
79 47 39
79 48 36
79 49 44
79 50 36
79 51 46
79 52 38
79 53 37
79 54 40
79 55 47
79 56 36
79 57 43
79 58 36
79 59 38
79 60 39
79 61 47
79 62 43
79 63 33
79 64 41
79 65 41
79 66 40
79 67 40
79 68 37
79 69 43
79 70 41
79 71 44
79 72 42
79 73 44
79 74 43
79 75 40
79 76 45
79 77 45
79 78 43
79 79 42
79 80 35
79 81 38
79 82 41
79 83 40
79 84 34
79 85 44
79 86 44
79 87 41
79 88 39
79 89 38
79 90 38
79 91 45
79 92 43
79 93 46
79 94 43
79 95 39
79 96 40
79 97 46
79 98 39
79 99 49
79 100 45
79 101 19
80 1 2
80 2 2
80 3 2
80 4 2
80 5 2
80 6 16
80 7 18
80 8 17
80 9 18
80 10 17
80 11 16
80 12 19
80 13 15
80 14 19
80 15 21
80 16 19
80 17 19
80 18 19
80 19 21
80 20 17
80 21 19
80 22 23
80 23 19
80 24 19
80 25 17
80 26 23
80 27 25
80 28 24
80 29 21
80 30 23
80 31 25
80 32 22
80 33 21
80 34 25
80 35 17
80 36 23
80 37 25
80 38 21
80 39 22
80 40 19
80 41 21
80 42 25
80 43 23
80 44 27
80 45 23
80 46 21
80 47 19
80 48 27
80 49 27
80 50 23
80 51 27
80 52 25
80 53 21
80 54 28
80 55 27
80 56 27
80 57 24
80 58 23
80 59 21
80 60 24
80 61 24
80 62 27
80 63 25
80 64 26
80 65 23
80 66 22
80 67 26
80 68 21
80 69 25
80 70 26
80 71 29
80 72 27
80 73 26
80 74 27
80 75 24
80 76 30
80 77 25
80 78 27
80 79 22
80 80 23
80 81 25
80 82 28
80 83 24
80 84 27
80 85 28
80 86 28
80 87 26
80 88 27
80 89 27
80 90 24
80 91 28
80 92 29
80 93 28
80 94 30
80 95 23
80 96 28
80 97 24
80 98 26
80 99 27
80 100 25
80 101 8
81 1 2
81 2 2
81 3 2
81 4 2
81 5 2
81 6 36
81 7 30
81 8 30
81 9 39
81 10 31
81 11 37
81 12 35
81 13 31
81 14 35
81 15 35
81 16 31
81 17 39
81 18 35
81 19 37
81 20 37
81 21 43
81 22 41
81 23 35
81 24 39
81 25 37
81 26 38
81 27 43
81 28 37
81 29 39
81 30 39
81 31 33
81 32 38
81 33 43
81 34 45
81 35 37
81 36 37
81 37 43
81 38 31
81 39 42
81 40 34
81 41 41
81 42 41
81 43 43
81 44 42
81 45 45
81 46 38
81 47 37
81 48 40
81 49 47
81 50 43
81 51 49
81 52 40
81 53 41
81 54 39
81 55 43
81 56 39
81 57 41
81 58 42
81 59 45
81 60 43
81 61 43
81 62 45
81 63 46
81 64 43
81 65 47
81 66 41
81 67 42
81 68 34
81 69 43
81 70 41
81 71 46
81 72 48
81 73 43
81 74 42
81 75 40
81 76 40
81 77 46
81 78 42
81 79 39
81 80 39
81 81 47
81 82 42
81 83 44
81 84 44
81 85 43
81 86 40
81 87 43
81 88 43
81 89 49
81 90 44
81 91 48
81 92 38
81 93 44
81 94 38
81 95 42
81 96 44
81 97 45
81 98 48
81 99 52
81 100 41
81 101 21
82 1 2
82 2 2
82 3 2
82 4 2
82 5 2
82 6 28
82 7 31
82 8 26
82 9 27
82 10 33
82 11 33
82 12 29
82 13 33
82 14 29
82 15 29
82 16 29
82 17 31
82 18 25
82 19 39
82 20 33
82 21 37
82 22 38
82 23 33
82 24 31
82 25 35
82 26 36
82 27 33
82 28 35
82 29 37
82 30 33
82 31 36
82 32 34
82 33 36
82 34 42
82 35 34
82 36 29
82 37 42
82 38 33
82 39 39
82 40 36
82 41 37
82 42 34
82 43 36
82 44 31
82 45 31
82 46 37
82 47 33
82 48 33
82 49 42
82 50 33
82 51 35
82 52 33
82 53 35
82 54 28
82 55 42
82 56 39
82 57 36
82 58 39
82 59 41
82 60 36
82 61 45
82 62 39
82 63 35
82 64 40
82 65 41
82 66 35
82 67 43
82 68 32
82 69 36
82 70 38
82 71 41
82 72 35
82 73 44
82 74 42
82 75 39
82 76 44
82 77 44
82 78 36
82 79 41
82 80 34
82 81 36
82 82 42
82 83 39
82 84 36
82 85 38
82 86 39
82 87 39
82 88 40
82 89 44
82 90 32
82 91 46
82 92 39
82 93 36
82 94 43
82 95 36
82 96 33
82 97 39
82 98 37
82 99 36
82 100 36
82 101 17
83 1 2
83 2 2
83 3 2
83 4 2
83 5 2
83 6 26
83 7 35
83 8 29
83 9 29
83 10 31
83 11 29
83 12 31
83 13 33
83 14 33
83 15 37
83 16 37
83 17 31
83 18 35
83 19 39
83 20 33
83 21 35
83 22 39
83 23 35
83 24 31
83 25 31
83 26 29
83 27 36
83 28 28
83 29 41
83 30 35
83 31 42
83 32 34
83 33 37
83 34 41
83 35 35
83 36 37
83 37 41
83 38 36
83 39 38
83 40 37
83 41 38
83 42 42
83 43 41
83 44 35
83 45 38
83 46 37
83 47 33
83 48 35
83 49 43
83 50 30
83 51 39
83 52 35
83 53 39
83 54 40
83 55 43
83 56 41
83 57 39
83 58 42
83 59 41
83 60 37
83 61 41
83 62 34
83 63 38
83 64 39
83 65 40
83 66 33
83 67 43
83 68 33
83 69 44
83 70 39
83 71 42
83 72 38
83 73 38
83 74 37
83 75 41
83 76 45
83 77 40
83 78 41
83 79 44
83 80 37
83 81 45
83 82 42
83 83 42
83 84 38
83 85 41
83 86 40
83 87 38
83 88 36
83 89 44
83 90 39
83 91 41
83 92 43
83 93 42
83 94 39
83 95 37
83 96 36
83 97 44
83 98 44
83 99 46
83 100 43
83 101 18
84 1 2
84 2 2
84 3 2
84 4 2
84 5 2
84 6 22
84 7 26
84 8 23
84 9 25
84 10 21
84 11 24
84 12 21
84 13 25
84 14 27
84 15 27
84 16 27
84 17 27
84 18 28
84 19 27
84 20 29
84 21 33
84 22 29
84 23 21
84 24 27
84 25 25
84 26 23
84 27 27
84 28 23
84 29 31
84 30 30
84 31 32
84 32 31
84 33 33
84 34 25
84 35 29
84 36 30
84 37 27
84 38 27
84 39 34
84 40 25
84 41 35
84 42 32
84 43 31
84 44 31
84 45 30
84 46 28
84 47 26
84 48 30
84 49 28
84 50 25
84 51 31
84 52 32
84 53 33
84 54 34
84 55 35
84 56 30
84 57 31
84 58 30
84 59 28
84 60 27
84 61 34
84 62 35
84 63 35
84 64 35
84 65 31
84 66 32
84 67 34
84 68 27
84 69 37
84 70 28
84 71 32
84 72 31
84 73 28
84 74 23
84 75 31
84 76 33
84 77 36
84 78 32
84 79 33
84 80 34
84 81 37
84 82 33
84 83 32
84 84 36
84 85 33
84 86 31
84 87 36
84 88 35
84 89 36
84 90 33
84 91 34
84 92 34
84 93 29
84 94 32
84 95 31
84 96 34
84 97 32
84 98 37
84 99 38
84 100 30
84 101 14
85 1 2
85 2 2
85 3 2
85 4 2
85 5 2
85 6 20
85 7 24
85 8 21
85 9 27
85 10 23
85 11 23
85 12 21
85 13 25
85 14 23
85 15 27
85 16 27
85 17 27
85 18 23
85 19 27
85 20 19
85 21 24
85 22 29
85 23 23
85 24 21
85 25 27
85 26 25
85 27 31
85 28 29
85 29 34
85 30 30
85 31 35
85 32 24
85 33 29
85 34 33
85 35 23
85 36 24
85 37 31
85 38 22
85 39 20
85 40 24
85 41 27
85 42 27
85 43 34
85 44 31
85 45 26
85 46 26
85 47 29
85 48 28
85 49 33
85 50 30
85 51 36
85 52 27
85 53 27
85 54 31
85 55 35
85 56 28
85 57 33
85 58 30
85 59 28
85 60 24
85 61 35
85 62 31
85 63 29
85 64 35
85 65 35
85 66 30
85 67 35
85 68 28
85 69 33
85 70 28
85 71 30
85 72 30
85 73 35
85 74 34
85 75 27
85 76 32
85 77 31
85 78 26
85 79 33
85 80 27
85 81 30
85 82 36
85 83 38
85 84 29
85 85 38
85 86 35
85 87 31
85 88 28
85 89 28
85 90 28
85 91 36
85 92 35
85 93 34
85 94 37
85 95 33
85 96 30
85 97 34
85 98 25
85 99 33
85 100 27
85 101 12
86 1 2
86 2 2
86 3 2
86 4 2
86 5 2
86 6 24
86 7 27
86 8 25
86 9 29
86 10 21
86 11 25
86 12 27
86 13 27
86 14 25
86 15 31
86 16 25
86 17 27
86 18 25
86 19 29
86 20 28
86 21 33
86 22 33
86 23 31
86 24 30
86 25 27
86 26 31
86 27 33
86 28 25
86 29 30
86 30 31
86 31 32
86 32 25
86 33 32
86 34 31
86 35 27
86 36 30
86 37 34
86 38 29
86 39 35
86 40 25
86 41 35
86 42 34
86 43 33
86 44 28
86 45 29
86 46 25
86 47 31
86 48 28
86 49 37
86 50 34
86 51 38
86 52 32
86 53 33
86 54 33
86 55 35
86 56 29
86 57 30
86 58 34
86 59 37
86 60 31
86 61 36
86 62 37
86 63 33
86 64 32
86 65 35
86 66 33
86 67 29
86 68 26
86 69 38
86 70 31
86 71 41
86 72 39
86 73 35
86 74 33
86 75 34
86 76 35
86 77 36
86 78 37
86 79 35
86 80 31
86 81 37
86 82 36
86 83 35
86 84 34
86 85 37
86 86 35
86 87 35
86 88 30
86 89 36
86 90 35
86 91 32
86 92 34
86 93 39
86 94 27
86 95 26
86 96 30
86 97 40
86 98 35
86 99 44
86 100 36
86 101 13
87 1 2
87 2 2
87 3 2
87 4 2
87 5 2
87 6 26
87 7 28
87 8 27
87 9 33
87 10 25
87 11 28
87 12 25
87 13 26
87 14 30
87 15 35
87 16 31
87 17 33
87 18 30
87 19 25
87 20 25
87 21 31
87 22 32
87 23 29
87 24 29
87 25 31
87 26 33
87 27 39
87 28 29
87 29 36
87 30 32
87 31 32
87 32 25
87 33 31
87 34 31
87 35 30
87 36 30
87 37 31
87 38 31
87 39 33
87 40 33
87 41 35
87 42 37
87 43 35
87 44 34
87 45 33
87 46 29
87 47 33
87 48 36
87 49 35
87 50 34
87 51 42
87 52 27
87 53 34
87 54 37
87 55 36
87 56 31
87 57 38
87 58 33
87 59 33
87 60 31
87 61 37
87 62 36
87 63 34
87 64 36
87 65 34
87 66 36
87 67 36
87 68 33
87 69 39
87 70 34
87 71 38
87 72 36
87 73 36
87 74 36
87 75 36
87 76 37
87 77 42
87 78 39
87 79 41
87 80 34
87 81 42
87 82 38
87 83 36
87 84 32
87 85 34
87 86 31
87 87 37
87 88 25
87 89 34
87 90 31
87 91 36
87 92 37
87 93 39
87 94 40
87 95 40
87 96 39
87 97 36
87 98 39
87 99 45
87 100 37
87 101 14
88 1 2
88 2 2
88 3 2
88 4 2
88 5 2
88 6 22
88 7 26
88 8 26
88 9 25
88 10 21
88 11 23
88 12 25
88 13 24
88 14 27
88 15 25
88 16 29
88 17 25
88 18 26
88 19 27
88 20 29
88 21 27
88 22 36
88 23 25
88 24 25
88 25 28
88 26 25
88 27 27
88 28 33
88 29 28
88 30 33
88 31 35
88 32 31
88 33 28
88 34 32
88 35 24
88 36 31
88 37 29
88 38 28
88 39 31
88 40 33
88 41 33
88 42 37
88 43 34
88 44 31
88 45 26
88 46 31
88 47 30
88 48 28
88 49 30
88 50 25
88 51 31
88 52 32
88 53 27
88 54 34
88 55 39
88 56 31
88 57 28
88 58 32
88 59 31
88 60 31
88 61 35
88 62 30
88 63 29
88 64 38
88 65 29
88 66 28
88 67 32
88 68 28
88 69 35
88 70 35
88 71 34
88 72 38
88 73 32
88 74 35
88 75 29
88 76 37
88 77 35
88 78 32
88 79 34
88 80 34
88 81 34
88 82 34
88 83 38
88 84 34
88 85 31
88 86 37
88 87 32
88 88 36
88 89 32
88 90 34
88 91 35
88 92 36
88 93 35
88 94 36
88 95 28
88 96 34
88 97 32
88 98 28
88 99 32
88 100 33
88 101 16
89 1 2
89 2 2
89 3 2
89 4 2
89 5 2
89 6 30
89 7 33
89 8 30
89 9 36
89 10 28
89 11 29
89 12 31
89 13 30
89 14 35
89 15 37
89 16 31
89 17 34
89 18 35
89 19 35
89 20 30
89 21 37
89 22 33
89 23 33
89 24 34
89 25 34
89 26 37
89 27 44
89 28 37
89 29 39
89 30 38
89 31 42
89 32 34
89 33 33
89 34 43
89 35 33
89 36 33
89 37 38
89 38 35
89 39 36
89 40 32
89 41 44
89 42 45
89 43 42
89 44 34
89 45 41
89 46 32
89 47 38
89 48 41
89 49 44
89 50 35
89 51 44
89 52 32
89 53 39
89 54 40
89 55 38
89 56 36
89 57 42
89 58 35
89 59 41
89 60 42
89 61 41
89 62 44
89 63 39
89 64 37
89 65 41
89 66 37
89 67 43
89 68 38
89 69 41
89 70 39
89 71 41
89 72 34
89 73 42
89 74 44
89 75 41
89 76 43
89 77 43
89 78 42
89 79 38
89 80 40
89 81 45
89 82 46
89 83 42
89 84 40
89 85 43
89 86 38
89 87 42
89 88 32
89 89 42
89 90 33
89 91 41
89 92 37
89 93 42
89 94 40
89 95 41
89 96 44
89 97 44
89 98 44
89 99 44
89 100 40
89 101 20
90 1 2
90 2 2
90 3 2
90 4 2
90 5 2
90 6 22
90 7 24
90 8 18
90 9 21
90 10 21
90 11 23
90 12 22
90 13 21
90 14 21
90 15 23
90 16 21
90 17 25
90 18 23
90 19 27
90 20 21
90 21 27
90 22 23
90 23 23
90 24 22
90 25 24
90 26 28
90 27 30
90 28 23
90 29 25
90 30 21
90 31 23
90 32 21
90 33 27
90 34 28
90 35 26
90 36 26
90 37 30
90 38 26
90 39 29
90 40 21
90 41 27
90 42 28
90 43 26
90 44 27
90 45 28
90 46 25
90 47 26
90 48 29
90 49 33
90 50 28
90 51 34
90 52 25
90 53 27
90 54 29
90 55 29
90 56 28
90 57 28
90 58 24
90 59 26
90 60 24
90 61 28
90 62 29
90 63 29
90 64 28
90 65 32
90 66 28
90 67 31
90 68 24
90 69 32
90 70 27
90 71 34
90 72 28
90 73 32
90 74 32
90 75 32
90 76 32
90 77 33
90 78 30
90 79 28
90 80 23
90 81 27
90 82 28
90 83 30
90 84 30
90 85 32
90 86 31
90 87 33
90 88 26
90 89 28
90 90 27
90 91 31
90 92 26
90 93 32
90 94 31
90 95 31
90 96 28
90 97 32
90 98 28
90 99 34
90 100 26
90 101 11
91 1 2
91 2 2
91 3 2
91 4 2
91 5 2
91 6 32
91 7 38
91 8 26
91 9 27
91 10 36
91 11 37
91 12 33
91 13 37
91 14 33
91 15 30
91 16 35
91 17 35
91 18 27
91 19 40
91 20 34
91 21 35
91 22 39
91 23 35
91 24 32
91 25 36
91 26 34
91 27 33
91 28 37
91 29 40
91 30 36
91 31 43
91 32 38
91 33 40
91 34 46
91 35 35
91 36 26
91 37 43
91 38 37
91 39 40
91 40 39
91 41 38
91 42 41
91 43 43
91 44 37
91 45 38
91 46 40
91 47 37
91 48 37
91 49 46
91 50 33
91 51 41
91 52 37
91 53 37
91 54 32
91 55 43
91 56 40
91 57 40
91 58 43
91 59 45
91 60 40
91 61 48
91 62 43
91 63 38
91 64 44
91 65 45
91 66 38
91 67 43
91 68 36
91 69 40
91 70 37
91 71 36
91 72 33
91 73 42
91 74 43
91 75 42
91 76 48
91 77 48
91 78 43
91 79 42
91 80 37
91 81 40
91 82 43
91 83 46
91 84 44
91 85 48
91 86 40
91 87 40
91 88 42
91 89 44
91 90 34
91 91 46
91 92 43
91 93 40
91 94 40
91 95 40
91 96 38
91 97 46
91 98 40
91 99 37
91 100 40
91 101 20
92 1 2
92 2 2
92 3 2
92 4 2
92 5 2
92 6 16
92 7 18
92 8 18
92 9 20
92 10 18
92 11 16
92 12 20
92 13 17
92 14 20
92 15 22
92 16 27
92 17 21
92 18 21
92 19 22
92 20 20
92 21 24
92 22 28
92 23 20
92 24 18
92 25 18
92 26 19
92 27 23
92 28 25
92 29 25
92 30 25
92 31 27
92 32 22
92 33 22
92 34 29
92 35 20
92 36 23
92 37 27
92 38 23
92 39 24
92 40 28
92 41 26
92 42 29
92 43 29
92 44 28
92 45 23
92 46 23
92 47 19
92 48 25
92 49 26
92 50 20
92 51 26
92 52 27
92 53 24
92 54 29
92 55 31
92 56 30
92 57 27
92 58 27
92 59 24
92 60 28
92 61 30
92 62 28
92 63 24
92 64 34
92 65 26
92 66 24
92 67 31
92 68 22
92 69 28
92 70 26
92 71 26
92 72 27
92 73 27
92 74 22
92 75 20
92 76 28
92 77 26
92 78 25
92 79 32
92 80 26
92 81 30
92 82 32
92 83 29
92 84 28
92 85 30
92 86 31
92 87 28
92 88 28
92 89 27
92 90 26
92 91 30
92 92 32
92 93 27
92 94 31
92 95 25
92 96 29
92 97 26
92 98 28
92 99 32
92 100 31
92 101 8
93 1 2
93 2 2
93 3 2
93 4 2
93 5 2
93 6 36
93 7 36
93 8 34
93 9 40
93 10 31
93 11 36
93 12 33
93 13 35
93 14 35
93 15 41
93 16 39
93 17 38
93 18 32
93 19 38
93 20 34
93 21 37
93 22 36
93 23 39
93 24 38
93 25 36
93 26 42
93 27 46
93 28 34
93 29 43
93 30 35
93 31 37
93 32 30
93 33 35
93 34 35
93 35 33
93 36 36
93 37 39
93 38 37
93 39 41
93 40 31
93 41 46
93 42 41
93 43 42
93 44 42
93 45 44
93 46 34
93 47 40
93 48 43
93 49 45
93 50 43
93 51 49
93 52 34
93 53 41
93 54 44
93 55 44
93 56 36
93 57 46
93 58 40
93 59 38
93 60 39
93 61 41
93 62 45
93 63 36
93 64 40
93 65 40
93 66 44
93 67 39
93 68 40
93 69 43
93 70 39
93 71 47
93 72 45
93 73 40
93 74 41
93 75 46
93 76 46
93 77 48
93 78 48
93 79 46
93 80 42
93 81 45
93 82 46
93 83 43
93 84 42
93 85 48
93 86 38
93 87 44
93 88 36
93 89 42
93 90 36
93 91 43
93 92 42
93 93 50
93 94 42
93 95 42
93 96 43
93 97 48
93 98 44
93 99 52
93 100 44
93 101 22
94 1 2
94 2 2
94 3 2
94 4 2
94 5 2
94 6 26
94 7 30
94 8 24
94 9 30
94 10 31
94 11 30
94 12 24
94 13 29
94 14 27
94 15 29
94 16 27
94 17 28
94 18 29
94 19 34
94 20 29
94 21 33
94 22 32
94 23 25
94 24 28
94 25 31
94 26 34
94 27 35
94 28 29
94 29 35
94 30 31
94 31 34
94 32 32
94 33 33
94 34 40
94 35 32
94 36 32
94 37 37
94 38 32
94 39 32
94 40 32
94 41 33
94 42 34
94 43 35
94 44 30
94 45 37
94 46 35
94 47 31
94 48 31
94 49 37
94 50 30
94 51 36
94 52 32
94 53 34
94 54 31
94 55 38
94 56 34
94 57 34
94 58 35
94 59 37
94 60 30
94 61 38
94 62 35
94 63 38
94 64 39
94 65 36
94 66 31
94 67 41
94 68 30
94 69 35
94 70 36
94 71 40
94 72 36
94 73 42
94 74 38
94 75 37
94 76 42
94 77 38
94 78 33
94 79 37
94 80 30
94 81 36
94 82 40
94 83 38
94 84 38
94 85 40
94 86 38
94 87 38
94 88 36
94 89 42
94 90 36
94 91 44
94 92 38
94 93 32
94 94 40
94 95 34
94 96 30
94 97 32
94 98 30
94 99 30
94 100 30
94 101 16
95 1 2
95 2 2
95 3 2
95 4 2
95 5 2
95 6 22
95 7 28
95 8 22
95 9 26
95 10 23
95 11 24
95 12 22
95 13 27
95 14 23
95 15 22
95 16 25
95 17 25
95 18 26
95 19 32
95 20 23
95 21 30
95 22 31
95 23 23
95 24 21
95 25 28
95 26 26
95 27 28
95 28 26
95 29 27
95 30 28
95 31 32
95 32 26
95 33 32
95 34 31
95 35 28
95 36 30
95 37 35
95 38 26
95 39 31
95 40 20
95 41 30
95 42 30
95 43 29
95 44 28
95 45 29
95 46 30
95 47 25
95 48 29
95 49 36
95 50 32
95 51 35
95 52 31
95 53 30
95 54 33
95 55 36
95 56 29
95 57 30
95 58 32
95 59 29
95 60 22
95 61 29
95 62 24
95 63 31
95 64 32
95 65 36
95 66 30
95 67 34
95 68 24
95 69 34
95 70 30
95 71 32
95 72 36
95 73 38
95 74 32
95 75 34
95 76 34
95 77 32
95 78 30
95 79 32
95 80 22
95 81 28
95 82 30
95 83 30
95 84 30
95 85 38
95 86 36
95 87 32
95 88 34
95 89 36
95 90 32
95 91 36
95 92 32
95 93 34
95 94 30
95 95 31
95 96 28
95 97 36
95 98 34
95 99 38
95 100 30
95 101 12
96 1 2
96 2 2
96 3 2
96 4 2
96 5 2
96 6 29
96 7 28
96 8 27
96 9 28
96 10 22
96 11 28
96 12 25
96 13 25
96 14 30
96 15 29
96 16 25
96 17 28
96 18 26
96 19 28
96 20 32
96 21 30
96 22 30
96 23 26
96 24 33
96 25 28
96 26 32
96 27 34
96 28 33
96 29 29
96 30 33
96 31 30
96 32 31
96 33 27
96 34 31
96 35 22
96 36 30
96 37 26
96 38 26
96 39 33
96 40 29
96 41 33
96 42 36
96 43 32
96 44 34
96 45 34
96 46 29
96 47 31
96 48 34
96 49 34
96 50 32
96 51 36
96 52 36
96 53 33
96 54 32
96 55 36
96 56 31
96 57 32
96 58 30
96 59 34
96 60 36
96 61 34
96 62 41
96 63 32
96 64 36
96 65 28
96 66 34
96 67 26
96 68 32
96 69 34
96 70 34
96 71 38
96 72 41
96 73 30
96 74 36
96 75 30
96 76 34
96 77 36
96 78 34
96 79 32
96 80 37
96 81 34
96 82 36
96 83 36
96 84 40
96 85 34
96 86 30
96 87 38
96 88 38
96 89 38
96 90 34
96 91 38
96 92 30
96 93 36
96 94 34
96 95 32
96 96 40
96 97 38
96 98 37
96 99 38
96 100 32
96 101 18
97 1 2
97 2 2
97 3 2
97 4 2
97 5 2
97 6 29
97 7 32
97 8 26
97 9 32
97 10 30
97 11 32
97 12 29
97 13 31
97 14 30
97 15 28
97 16 34
97 17 34
97 18 32
97 19 36
97 20 31
97 21 34
97 22 38
97 23 35
97 24 25
97 25 33
97 26 35
97 27 36
97 28 36
97 29 32
97 30 35
97 31 39
97 32 32
97 33 37
97 34 40
97 35 32
97 36 34
97 37 42
97 38 34
97 39 38
97 40 32
97 41 39
97 42 40
97 43 40
97 44 34
97 45 38
97 46 34
97 47 30
97 48 36
97 49 42
97 50 34
97 51 42
97 52 36
97 53 34
97 54 38
97 55 42
97 56 36
97 57 38
97 58 36
97 59 40
97 60 36
97 61 42
97 62 38
97 63 38
97 64 40
97 65 40
97 66 36
97 67 42
97 68 32
97 69 42
97 70 38
97 71 40
97 72 37
97 73 36
97 74 36
97 75 34
97 76 34
97 77 42
97 78 42
97 79 40
97 80 34
97 81 42
97 82 40
97 83 42
97 84 38
97 85 42
97 86 42
97 87 34
97 88 38
97 89 42
97 90 36
97 91 44
97 92 41
97 93 42
97 94 40
97 95 40
97 96 40
97 97 44
97 98 38
97 99 42
97 100 36
97 101 14
98 1 2
98 2 2
98 3 2
98 4 2
98 5 2
98 6 25
98 7 28
98 8 24
98 9 30
98 10 26
98 11 27
98 12 28
98 13 26
98 14 29
98 15 32
98 16 30
98 17 32
98 18 32
98 19 32
98 20 26
98 21 36
98 22 34
98 23 30
98 24 28
98 25 30
98 26 32
98 27 38
98 28 34
98 29 34
98 30 28
98 31 36
98 32 28
98 33 30
98 34 38
98 35 32
98 36 30
98 37 36
98 38 32
98 39 34
98 40 34
98 41 38
98 42 38
98 43 37
98 44 34
98 45 35
98 46 30
98 47 32
98 48 34
98 49 34
98 50 30
98 51 38
98 52 30
98 53 36
98 54 36
98 55 40
98 56 36
98 57 36
98 58 33
98 59 31
98 60 36
98 61 40
98 62 38
98 63 36
98 64 36
98 65 35
98 66 36
98 67 40
98 68 32
98 69 40
98 70 36
98 71 38
98 72 36
98 73 40
98 74 38
98 75 35
98 76 38
98 77 41
98 78 36
98 79 40
98 80 34
98 81 42
98 82 40
98 83 38
98 84 30
98 85 34
98 86 33
98 87 35
98 88 30
98 89 39
98 90 36
98 91 40
98 92 37
98 93 40
98 94 41
98 95 39
98 96 38
98 97 35
98 98 38
98 99 41
98 100 34
98 101 14
99 1 2
99 2 2
99 3 2
99 4 2
99 5 2
99 6 33
99 7 33
99 8 31
99 9 34
99 10 32
99 11 32
99 12 32
99 13 32
99 14 30
99 15 34
99 16 28
99 17 36
99 18 32
99 19 38
99 20 32
99 21 37
99 22 36
99 23 34
99 24 30
99 25 28
99 26 34
99 27 36
99 28 30
99 29 38
99 30 37
99 31 38
99 32 32
99 33 42
99 34 40
99 35 36
99 36 39
99 37 41
99 38 36
99 39 36
99 40 27
99 41 39
99 42 38
99 43 38
99 44 40
99 45 35
99 46 32
99 47 34
99 48 36
99 49 36
99 50 38
99 51 44
99 52 38
99 53 37
99 54 42
99 55 40
99 56 35
99 57 41
99 58 37
99 59 38
99 60 33
99 61 42
99 62 43
99 63 42
99 64 37
99 65 44
99 66 39
99 67 37
99 68 35
99 69 44
99 70 32
99 71 42
99 72 35
99 73 41
99 74 36
99 75 43
99 76 44
99 77 42
99 78 41
99 79 37
99 80 34
99 81 33
99 82 38
99 83 41
99 84 40
99 85 45
99 86 44
99 87 44
99 88 37
99 89 39
99 90 41
99 91 44
99 92 40
99 93 40
99 94 38
99 95 33
99 96 36
99 97 41
99 98 36
99 99 47
99 100 37
99 101 19
100 1 2
100 2 2
100 3 2
100 4 2
100 5 2
100 6 27
100 7 31
100 8 28
100 9 31
100 10 26
100 11 29
100 12 30
100 13 29
100 14 29
100 15 30
100 16 30
100 17 30
100 18 31
100 19 34
100 20 31
100 21 37
100 22 35
100 23 33
100 24 29
100 25 32
100 26 33
100 27 35
100 28 29
100 29 32
100 30 27
100 31 32
100 32 26
100 33 28
100 34 30
100 35 34
100 36 32
100 37 39
100 38 34
100 39 39
100 40 26
100 41 38
100 42 38
100 43 35
100 44 34
100 45 37
100 46 32
100 47 30
100 48 36
100 49 37
100 50 37
100 51 40
100 52 32
100 53 35
100 54 38
100 55 38
100 56 35
100 57 35
100 58 37
100 59 32
100 60 32
100 61 36
100 62 33
100 63 34
100 64 34
100 65 38
100 66 35
100 67 36
100 68 29
100 69 40
100 70 35
100 71 40
100 72 42
100 73 40
100 74 38
100 75 40
100 76 36
100 77 40
100 78 40
100 79 38
100 80 33
100 81 42
100 82 38
100 83 38
100 84 38
100 85 40
100 86 40
100 87 38
100 88 34
100 89 40
100 90 34
100 91 36
100 92 36
100 93 42
100 94 30
100 95 34
100 96 32
100 97 38
100 98 40
100 99 46
100 100 38
100 101 16
