1 1 2
1 2 4
1 3 4
1 4 4
1 5 4
1 6 4
1 7 4
1 8 4
1 9 4
1 10 4
1 11 5
1 12 5
1 13 5
1 14 5
1 15 5
1 16 5
1 17 5
1 18 5
1 19 5
1 20 5
1 21 5
1 22 5
1 23 5
1 24 5
1 25 5
1 26 5
1 27 5
1 28 5
1 29 5
1 30 5
1 31 5
1 32 5
1 33 5
1 34 5
1 35 5
1 36 5
1 37 5
1 38 5
1 39 5
1 40 5
1 41 5
1 42 5
1 43 5
1 44 5
1 45 5
1 46 5
1 47 5
1 48 5
1 49 5
1 50 5
1 51 5
1 52 5
1 53 5
1 54 5
1 55 5
1 56 5
1 57 5
1 58 5
1 59 5
1 60 5
1 61 5
1 62 5
1 63 5
1 64 5
1 65 5
1 66 5
1 67 5
1 68 5
1 69 5
1 70 5
1 71 5
1 72 5
1 73 5
1 74 5
1 75 5
1 76 5
1 77 5
1 78 5
1 79 5
1 80 5
1 81 5
1 82 5
1 83 5
1 84 5
1 85 5
1 86 5
1 87 5
1 88 5
1 89 5
1 90 5
1 91 5
1 92 5
1 93 5
1 94 5
1 95 5
1 96 5
1 97 5
1 98 5
1 99 5
1 100 5
1 101 2
2 1 2
2 2 6
2 3 7
2 4 7
2 5 8
2 6 9
2 7 9
2 8 9
2 9 9
2 10 9
2 11 9
2 12 9
2 13 9
2 14 9
2 15 9
2 16 10
2 17 10
2 18 10
2 19 10
2 20 10
2 21 10
2 22 10
2 23 10
2 24 10
2 25 10
2 26 10
2 27 10
2 28 10
2 29 10
2 30 10
2 31 10
2 32 10
2 33 10
2 34 10
2 35 10
2 36 10
2 37 10
2 38 10
2 39 10
2 40 10
2 41 11
2 42 11
2 43 11
2 44 11
2 45 11
2 46 12
2 47 12
2 48 12
2 49 12
2 50 12
2 51 12
2 52 12
2 53 12
2 54 12
2 55 12
2 56 12
2 57 12
2 58 12
2 59 12
2 60 12
2 61 12
2 62 12
2 63 12
2 64 12
2 65 12
2 66 12
2 67 12
2 68 12
2 69 12
2 70 12
2 71 12
2 72 12
2 73 12
2 74 12
2 75 12
2 76 12
2 77 12
2 78 12
2 79 12
2 80 12
2 81 12
2 82 12
2 83 12
2 84 12
2 85 12
2 86 12
2 87 12
2 88 12
2 89 12
2 90 12
2 91 12
2 92 12
2 93 12
2 94 12
2 95 12
2 96 12
2 97 12
2 98 12
2 99 12
2 100 12
2 101 2
3 1 2
3 2 2
3 3 15
3 4 15
3 5 15
3 6 17
3 7 17
3 8 17
3 9 17
3 10 16
3 11 17
3 12 19
3 13 17
3 14 18
3 15 19
3 16 18
3 17 18
3 18 19
3 19 15
3 20 18
3 21 20
3 22 19
3 23 19
3 24 20
3 25 19
3 26 19
3 27 20
3 28 18
3 29 18
3 30 20
3 31 20
3 32 20
3 33 20
3 34 20
3 35 20
3 36 18
3 37 19
3 38 19
3 39 21
3 40 20
3 41 20
3 42 22
3 43 20
3 44 20
3 45 22
3 46 20
3 47 20
3 48 22
3 49 20
3 50 20
3 51 22
3 52 20
3 53 18
3 54 22
3 55 20
3 56 20
3 57 22
3 58 21
3 59 22
3 60 22
3 61 22
3 62 22
3 63 22
3 64 20
3 65 20
3 66 22
3 67 22
3 68 22
3 69 22
3 70 18
3 71 22
3 72 22
3 73 20
3 74 20
3 75 22
3 76 22
3 77 22
3 78 22
3 79 22
3 80 22
3 81 22
3 82 20
3 83 20
3 84 22
3 85 22
3 86 22
3 87 20
3 88 22
3 89 22
3 90 23
3 91 21
3 92 21
3 93 23
3 94 22
3 95 22
3 96 23
3 97 22
3 98 22
3 99 23
3 100 22
3 101 4
4 1 2
4 2 2
4 3 2
4 4 17
4 5 17
4 6 18
4 7 18
4 8 19
4 9 19
4 10 17
4 11 19
4 12 20
4 13 20
4 14 19
4 15 19
4 16 20
4 17 19
4 18 18
4 19 19
4 20 20
4 21 21
4 22 23
4 23 22
4 24 22
4 25 22
4 26 22
4 27 20
4 28 22
4 29 20
4 30 22
4 31 22
4 32 22
4 33 23
4 34 23
4 35 21
4 36 22
4 37 21
4 38 22
4 39 23
4 40 23
4 41 22
4 42 22
4 43 24
4 44 26
4 45 22
4 46 25
4 47 24
4 48 24
4 49 24
4 50 24
4 51 24
4 52 22
4 53 20
4 54 20
4 55 22
4 56 26
4 57 24
4 58 25
4 59 24
4 60 26
4 61 22
4 62 26
4 63 26
4 64 26
4 65 26
4 66 20
4 67 24
4 68 24
4 69 24
4 70 20
4 71 24
4 72 26
4 73 24
4 74 26
4 75 24
4 76 28
4 77 26
4 78 26
4 79 24
4 80 24
4 81 24
4 82 26
4 83 26
4 84 26
4 85 26
4 86 24
4 87 22
4 88 25
4 89 26
4 90 24
4 91 26
4 92 26
4 93 24
4 94 24
4 95 26
4 96 28
4 97 26
4 98 26
4 99 26
4 100 28
4 101 6
5 1 2
5 2 2
5 3 2
5 4 2
5 5 22
5 6 22
5 7 23
5 8 20
5 9 23
5 10 23
5 11 23
5 12 24
5 13 27
5 14 26
5 15 23
5 16 23
5 17 26
5 18 26
5 19 26
5 20 24
5 21 28
5 22 27
5 23 25
5 24 24
5 25 27
5 26 29
5 27 30
5 28 26
5 29 28
5 30 27
5 31 29
5 32 24
5 33 30
5 34 29
5 35 31
5 36 26
5 37 27
5 38 28
5 39 28
5 40 29
5 41 30
5 42 26
5 43 26
5 44 26
5 45 27
5 46 30
5 47 28
5 48 30
5 49 32
5 50 30
5 51 29
5 52 27
5 53 26
5 54 28
5 55 32
5 56 28
5 57 30
5 58 30
5 59 32
5 60 30
5 61 26
5 62 30
5 63 30
5 64 26
5 65 28
5 66 30
5 67 30
5 68 32
5 69 34
5 70 26
5 71 30
5 72 30
5 73 32
5 74 30
5 75 33
5 76 32
5 77 34
5 78 32
5 79 32
5 80 26
5 81 32
5 82 34
5 83 30
5 84 29
5 85 30
5 86 29
5 87 30
5 88 26
5 89 34
5 90 28
5 91 34
5 92 31
5 93 30
5 94 32
5 95 34
5 96 34
5 97 34
5 98 34
5 99 30
5 100 30
5 101 9
6 1 2
6 2 2
6 3 2
6 4 2
6 5 2
6 6 32
6 7 34
6 8 30
6 9 34
6 10 32
6 11 34
6 12 34
6 13 36
6 14 36
6 15 35
6 16 35
6 17 37
6 18 33
6 19 34
6 20 35
6 21 37
6 22 34
6 23 35
6 24 36
6 25 39
6 26 38
6 27 42
6 28 36
6 29 38
6 30 36
6 31 33
6 32 34
6 33 38
6 34 38
6 35 40
6 36 35
6 37 38
6 38 37
6 39 38
6 40 38
6 41 40
6 42 41
6 43 42
6 44 36
6 45 42
6 46 40
6 47 38
6 48 42
6 49 43
6 50 40
6 51 42
6 52 38
6 53 38
6 54 34
6 55 36
6 56 34
6 57 36
6 58 38
6 59 38
6 60 40
6 61 38
6 62 42
6 63 44
6 64 40
6 65 40
6 66 44
6 67 38
6 68 42
6 69 44
6 70 36
6 71 42
6 72 36
6 73 40
6 74 42
6 75 44
6 76 44
6 77 46
6 78 45
6 79 44
6 80 38
6 81 46
6 82 42
6 83 42
6 84 44
6 85 39
6 86 40
6 87 44
6 88 36
6 89 40
6 90 38
6 91 44
6 92 40
6 93 44
6 94 44
6 95 44
6 96 42
6 97 48
6 98 44
6 99 44
6 100 42
6 101 10
7 1 2
7 2 2
7 3 2
7 4 2
7 5 2
7 6 2
7 7 43
7 8 41
7 9 44
7 10 44
7 11 44
7 12 42
7 13 44
7 14 44
7 15 42
7 16 42
7 17 44
7 18 46
7 19 44
7 20 45
7 21 48
7 22 49
7 23 45
7 24 42
7 25 46
7 26 46
7 27 44
7 28 44
7 29 46
7 30 48
7 31 48
7 32 44
7 33 51
7 34 48
7 35 52
7 36 44
7 37 48
7 38 44
7 39 48
7 40 46
7 41 48
7 42 46
7 43 50
7 44 48
7 45 50
7 46 52
7 47 46
7 48 48
7 49 52
7 50 48
7 51 50
7 52 50
7 53 50
7 54 48
7 55 46
7 56 50
7 57 50
7 58 50
7 59 52
7 60 52
7 61 49
7 62 56
7 63 56
7 64 54
7 65 52
7 66 54
7 67 48
7 68 50
7 69 52
7 70 46
7 71 48
7 72 44
7 73 54
7 74 54
7 75 51
7 76 52
7 77 56
7 78 52
7 79 50
7 80 46
7 81 54
7 82 52
7 83 53
7 84 54
7 85 54
7 86 55
7 87 54
7 88 52
7 89 54
7 90 50
7 91 58
7 92 50
7 93 51
7 94 50
7 95 54
7 96 52
7 97 54
7 98 54
7 99 55
7 100 54
7 101 15
8 1 2
8 2 2
8 3 2
8 4 2
8 5 2
8 6 2
8 7 2
8 8 39
8 9 39
8 10 39
8 11 40
8 12 40
8 13 38
8 14 38
8 15 38
8 16 40
8 17 40
8 18 38
8 19 38
8 20 38
8 21 40
8 22 40
8 23 38
8 24 40
8 25 40
8 26 40
8 27 44
8 28 43
8 29 40
8 30 45
8 31 44
8 32 44
8 33 44
8 34 40
8 35 44
8 36 42
8 37 42
8 38 44
8 39 42
8 40 42
8 41 42
8 42 42
8 43 44
8 44 44
8 45 44
8 46 46
8 47 46
8 48 50
8 49 44
8 50 46
8 51 48
8 52 46
8 53 46
8 54 48
8 55 42
8 56 46
8 57 44
8 58 42
8 59 44
8 60 48
8 61 43
8 62 50
8 63 48
8 64 51
8 65 48
8 66 50
8 67 43
8 68 48
8 69 44
8 70 40
8 71 46
8 72 44
8 73 48
8 74 48
8 75 48
8 76 54
8 77 52
8 78 50
8 79 44
8 80 50
8 81 48
8 82 46
8 83 45
8 84 49
8 85 46
8 86 50
8 87 50
8 88 52
8 89 52
8 90 46
8 91 50
8 92 46
8 93 48
8 94 50
8 95 48
8 96 52
8 97 48
8 98 46
8 99 53
8 100 50
8 101 14
9 1 2
9 2 2
9 3 2
9 4 2
9 5 2
9 6 2
9 7 2
9 8 2
9 9 58
9 10 58
9 11 59
9 12 58
9 13 59
9 14 59
9 15 56
9 16 57
9 17 61
9 18 62
9 19 57
9 20 59
9 21 58
9 22 58
9 23 60
9 24 60
9 25 62
9 26 60
9 27 64
9 28 62
9 29 60
9 30 63
9 31 60
9 32 62
9 33 66
9 34 60
9 35 62
9 36 60
9 37 62
9 38 66
9 39 62
9 40 64
9 41 64
9 42 64
9 43 68
9 44 62
9 45 64
9 46 66
9 47 60
9 48 70
9 49 68
9 50 66
9 51 70
9 52 67
9 53 68
9 54 70
9 55 60
9 56 64
9 57 68
9 58 66
9 59 64
9 60 64
9 61 66
9 62 66
9 63 66
9 64 68
9 65 65
9 66 72
9 67 63
9 68 70
9 69 74
9 70 64
9 71 65
9 72 64
9 73 68
9 74 70
9 75 73
9 76 74
9 77 73
9 78 72
9 79 66
9 80 68
9 81 71
9 82 66
9 83 66
9 84 68
9 85 69
9 86 72
9 87 72
9 88 66
9 89 67
9 90 68
9 91 71
9 92 71
9 93 68
9 94 70
9 95 68
9 96 70
9 97 72
9 98 69
9 99 74
9 100 72
9 101 20
10 1 2
10 2 2
10 3 2
10 4 2
10 5 2
10 6 2
10 7 2
10 8 2
10 9 2
10 10 44
10 11 46
10 12 45
10 13 47
10 14 47
10 15 43
10 16 45
10 17 49
10 18 45
10 19 45
10 20 48
10 21 49
10 22 45
10 23 44
10 24 47
10 25 50
10 26 46
10 27 50
10 28 50
10 29 48
10 30 54
10 31 50
10 32 44
10 33 54
10 34 47
10 35 47
10 36 46
10 37 52
10 38 52
10 39 50
10 40 50
10 41 50
10 42 44
10 43 54
10 44 54
10 45 48
10 46 53
10 47 46
10 48 52
10 49 54
10 50 53
10 51 59
10 52 52
10 53 56
10 54 58
10 55 46
10 56 53
10 57 55
10 58 55
10 59 56
10 60 52
10 61 52
10 62 56
10 63 49
10 64 51
10 65 52
10 66 58
10 67 49
10 68 52
10 69 53
10 70 48
10 71 52
10 72 46
10 73 54
10 74 50
10 75 54
10 76 54
10 77 59
10 78 57
10 79 52
10 80 54
10 81 62
10 82 55
10 83 53
10 84 54
10 85 59
10 86 54
10 87 55
10 88 55
10 89 57
10 90 50
10 91 58
10 92 58
10 93 57
10 94 54
10 95 58
10 96 58
10 97 60
10 98 55
10 99 59
10 100 60
10 101 18
11 1 2
11 2 2
11 3 2
11 4 2
11 5 2
11 6 2
11 7 2
11 8 2
11 9 2
11 10 2
11 11 73
11 12 72
11 13 74
11 14 73
11 15 71
11 16 73
11 17 73
11 18 75
11 19 73
11 20 74
11 21 75
11 22 73
11 23 71
11 24 77
11 25 81
11 26 77
11 27 75
11 28 80
11 29 77
11 30 80
11 31 78
11 32 74
11 33 84
11 34 80
11 35 78
11 36 73
11 37 83
11 38 78
11 39 80
11 40 74
11 41 79
11 42 79
11 43 81
11 44 78
11 45 78
11 46 76
11 47 76
11 48 82
11 49 79
11 50 82
11 51 82
11 52 80
11 53 76
11 54 82
11 55 74
11 56 76
11 57 81
11 58 88
11 59 85
11 60 84
11 61 80
11 62 88
11 63 82
11 64 87
11 65 82
11 66 86
11 67 82
11 68 85
11 69 90
11 70 84
11 71 82
11 72 78
11 73 84
11 74 80
11 75 80
11 76 80
11 77 88
11 78 81
11 79 74
11 80 75
11 81 80
11 82 80
11 83 76
11 84 80
11 85 84
11 86 86
11 87 78
11 88 84
11 89 86
11 90 84
11 91 91
11 92 86
11 93 89
11 94 88
11 95 82
11 96 85
11 97 86
11 98 77
11 99 88
11 100 88
11 101 26
12 1 2
12 2 2
12 3 2
12 4 2
12 5 2
12 6 2
12 7 2
12 8 2
12 9 2
12 10 2
12 11 2
12 12 61
12 13 61
12 14 60
12 15 60
12 16 62
12 17 60
12 18 60
12 19 59
12 20 59
12 21 61
12 22 59
12 23 59
12 24 59
12 25 59
12 26 62
12 27 61
12 28 61
12 29 61
12 30 61
12 31 62
12 32 63
12 33 63
12 34 63
12 35 60
12 36 62
12 37 63
12 38 66
12 39 62
12 40 62
12 41 66
12 42 65
12 43 65
12 44 65
12 45 66
12 46 67
12 47 65
12 48 72
12 49 69
12 50 67
12 51 68
12 52 70
12 53 64
12 54 64
12 55 61
12 56 65
12 57 65
12 58 64
12 59 60
12 60 64
12 61 65
12 62 66
12 63 69
12 64 70
12 65 66
12 66 68
12 67 62
12 68 69
12 69 73
12 70 66
12 71 68
12 72 69
12 73 69
12 74 66
12 75 73
12 76 69
12 77 74
12 78 71
12 79 60
12 80 75
12 81 76
12 82 70
12 83 75
12 84 78
12 85 72
12 86 73
12 87 66
12 88 73
12 89 73
12 90 70
12 91 73
12 92 68
12 93 66
12 94 69
12 95 68
12 96 67
12 97 66
12 98 66
12 99 71
12 100 69
12 101 24
13 1 2
13 2 2
13 3 2
13 4 2
13 5 2
13 6 2
13 7 2
13 8 2
13 9 2
13 10 2
13 11 2
13 12 2
13 13 87
13 14 85
13 15 84
13 16 86
13 17 88
13 18 88
13 19 86
13 20 85
13 21 87
13 22 85
13 23 87
13 24 82
13 25 89
13 26 91
13 27 89
13 28 87
13 29 86
13 30 87
13 31 89
13 32 85
13 33 91
13 34 89
13 35 93
13 36 88
13 37 93
13 38 87
13 39 87
13 40 89
13 41 91
13 42 92
13 43 95
13 44 91
13 45 93
13 46 90
13 47 89
13 48 95
13 49 95
13 50 93
13 51 94
13 52 99
13 53 90
13 54 87
13 55 89
13 56 90
13 57 93
13 58 89
13 59 95
13 60 91
13 61 87
13 62 92
13 63 86
13 64 90
13 65 88
13 66 93
13 67 93
13 68 92
13 69 99
13 70 86
13 71 94
13 72 89
13 73 94
13 74 89
13 75 97
13 76 94
13 77 100
13 78 93
13 79 87
13 80 95
13 81 99
13 82 93
13 83 101
13 84 101
13 85 98
13 86 95
13 87 90
13 88 94
13 89 101
13 90 95
13 91 102
13 92 95
13 93 97
13 94 92
13 95 96
13 96 91
13 97 97
13 98 98
13 99 98
13 100 98
13 101 32
14 1 2
14 2 2
14 3 2
14 4 2
14 5 2
14 6 2
14 7 2
14 8 2
14 9 2
14 10 2
14 11 2
14 12 2
14 13 2
14 14 84
14 15 83
14 16 83
14 17 88
14 18 85
14 19 86
14 20 84
14 21 87
14 22 82
14 23 86
14 24 82
14 25 85
14 26 85
14 27 87
14 28 89
14 29 87
14 30 86
14 31 89
14 32 87
14 33 95
14 34 91
14 35 91
14 36 85
14 37 97
14 38 87
14 39 85
14 40 87
14 41 89
14 42 93
14 43 91
14 44 86
14 45 93
14 46 88
14 47 84
14 48 91
14 49 95
14 50 89
14 51 93
14 52 95
14 53 91
14 54 91
14 55 89
14 56 88
14 57 97
14 58 95
14 59 94
14 60 97
14 61 95
14 62 97
14 63 94
14 64 93
14 65 93
14 66 98
14 67 94
14 68 100
14 69 102
14 70 84
14 71 98
14 72 97
14 73 101
14 74 93
14 75 95
14 76 94
14 77 99
14 78 93
14 79 87
14 80 93
14 81 98
14 82 96
14 83 101
14 84 100
14 85 101
14 86 97
14 87 92
14 88 100
14 89 103
14 90 99
14 91 105
14 92 100
14 93 97
14 94 98
14 95 104
14 96 96
14 97 96
14 98 97
14 99 98
14 100 103
14 101 28
15 1 2
15 2 2
15 3 2
15 4 2
15 5 2
15 6 2
15 7 2
15 8 2
15 9 2
15 10 2
15 11 2
15 12 2
15 13 2
15 14 2
15 15 78
15 16 79
15 17 82
15 18 83
15 19 80
15 20 80
15 21 81
15 22 78
15 23 80
15 24 80
15 25 81
15 26 83
15 27 83
15 28 82
15 29 81
15 30 78
15 31 78
15 32 83
15 33 85
15 34 85
15 35 83
15 36 80
15 37 85
15 38 85
15 39 81
15 40 81
15 41 87
15 42 82
15 43 91
15 44 81
15 45 81
15 46 81
15 47 82
15 48 83
15 49 83
15 50 85
15 51 91
15 52 87
15 53 87
15 54 83
15 55 79
15 56 83
15 57 91
15 58 93
15 59 88
15 60 91
15 61 93
15 62 90
15 63 85
15 64 80
15 65 85
15 66 91
15 67 85
15 68 91
15 69 95
15 70 78
15 71 85
15 72 87
15 73 95
15 74 86
15 75 92
15 76 87
15 77 101
15 78 93
15 79 85
15 80 92
15 81 101
15 82 87
15 83 91
15 84 89
15 85 96
15 86 88
15 87 81
15 88 82
15 89 89
15 90 87
15 91 84
15 92 87
15 93 87
15 94 87
15 95 85
15 96 89
15 97 83
15 98 86
15 99 95
15 100 97
15 101 34
16 1 2
16 2 2
16 3 2
16 4 2
16 5 2
16 6 2
16 7 2
16 8 2
16 9 2
16 10 2
16 11 2
16 12 2
16 13 2
16 14 2
16 15 2
16 16 85
16 17 84
16 18 83
16 19 83
16 20 83
16 21 82
16 22 82
16 23 84
16 24 86
16 25 84
16 26 84
16 27 88
16 28 82
16 29 84
16 30 85
16 31 82
16 32 82
16 33 85
16 34 84
16 35 84
16 36 86
16 37 84
16 38 85
16 39 81
16 40 87
16 41 85
16 42 83
16 43 87
16 44 83
16 45 85
16 46 83
16 47 91
16 48 85
16 49 83
16 50 93
16 51 87
16 52 87
16 53 87
16 54 92
16 55 83
16 56 89
16 57 91
16 58 89
16 59 89
16 60 85
16 61 87
16 62 90
16 63 85
16 64 89
16 65 81
16 66 89
16 67 91
16 68 89
16 69 89
16 70 89
16 71 83
16 72 87
16 73 93
16 74 87
16 75 97
16 76 91
16 77 95
16 78 95
16 79 92
16 80 96
16 81 97
16 82 89
16 83 92
16 84 95
16 85 97
16 86 96
16 87 89
16 88 91
16 89 87
16 90 95
16 91 94
16 92 93
16 93 92
16 94 87
16 95 91
16 96 91
16 97 87
16 98 84
16 99 94
16 100 91
16 101 34
17 1 2
17 2 2
17 3 2
17 4 2
17 5 2
17 6 2
17 7 2
17 8 2
17 9 2
17 10 2
17 11 2
17 12 2
17 13 2
17 14 2
17 15 2
17 16 2
17 17 118
17 18 117
17 19 116
17 20 116
17 21 117
17 22 115
17 23 117
17 24 117
17 25 117
17 26 120
17 27 121
17 28 118
17 29 115
17 30 122
17 31 116
17 32 115
17 33 122
17 34 119
17 35 121
17 36 122
17 37 124
17 38 116
17 39 121
17 40 115
17 41 117
17 42 117
17 43 114
17 44 117
17 45 115
17 46 117
17 47 116
17 48 115
17 49 115
17 50 119
17 51 119
17 52 115
17 53 117
17 54 119
17 55 117
17 56 119
17 57 123
17 58 125
17 59 123
17 60 123
17 61 123
17 62 131
17 63 121
17 64 125
17 65 123
17 66 131
17 67 123
17 68 130
17 69 130
17 70 121
17 71 127
17 72 124
17 73 135
17 74 121
17 75 133
17 76 127
17 77 129
17 78 127
17 79 124
17 80 129
17 81 133
17 82 127
17 83 125
17 84 125
17 85 135
17 86 131
17 87 121
17 88 123
17 89 128
17 90 128
17 91 131
17 92 127
17 93 125
17 94 124
17 95 123
17 96 125
17 97 121
17 98 117
17 99 131
17 100 130
17 101 44
18 1 2
18 2 2
18 3 2
18 4 2
18 5 2
18 6 2
18 7 2
18 8 2
18 9 2
18 10 2
18 11 2
18 12 2
18 13 2
18 14 2
18 15 2
18 16 2
18 17 2
18 18 114
18 19 113
18 20 112
18 21 114
18 22 112
18 23 111
18 24 108
18 25 113
18 26 113
18 27 116
18 28 111
18 29 114
18 30 114
18 31 112
18 32 114
18 33 116
18 34 112
18 35 112
18 36 114
18 37 118
18 38 112
18 39 111
18 40 112
18 41 117
18 42 121
18 43 116
18 44 110
18 45 113
18 46 113
18 47 115
18 48 112
18 49 118
18 50 119
18 51 119
18 52 120
18 53 113
18 54 114
18 55 110
18 56 119
18 57 120
18 58 120
18 59 115
18 60 113
18 61 113
18 62 115
18 63 116
18 64 123
18 65 117
18 66 119
18 67 117
18 68 119
18 69 123
18 70 111
18 71 115
18 72 121
18 73 125
18 74 117
18 75 125
18 76 119
18 77 131
18 78 127
18 79 117
18 80 121
18 81 131
18 82 119
18 83 125
18 84 125
18 85 127
18 86 129
18 87 119
18 88 121
18 89 123
18 90 125
18 91 123
18 92 125
18 93 117
18 94 125
18 95 127
18 96 124
18 97 123
18 98 117
18 99 135
18 100 127
18 101 38
19 1 2
19 2 2
19 3 2
19 4 2
19 5 2
19 6 2
19 7 2
19 8 2
19 9 2
19 10 2
19 11 2
19 12 2
19 13 2
19 14 2
19 15 2
19 16 2
19 17 2
19 18 2
19 19 131
19 20 130
19 21 131
19 22 130
19 23 130
19 24 126
19 25 130
19 26 132
19 27 133
19 28 131
19 29 129
19 30 131
19 31 130
19 32 130
19 33 132
19 34 132
19 35 132
19 36 130
19 37 130
19 38 134
19 39 128
19 40 132
19 41 136
19 42 136
19 43 136
19 44 132
19 45 130
19 46 128
19 47 132
19 48 134
19 49 135
19 50 138
19 51 136
19 52 138
19 53 131
19 54 133
19 55 128
19 56 136
19 57 133
19 58 138
19 59 134
19 60 135
19 61 129
19 62 136
19 63 135
19 64 134
19 65 139
19 66 141
19 67 133
19 68 141
19 69 143
19 70 129
19 71 136
19 72 139
19 73 145
19 74 132
19 75 145
19 76 137
19 77 143
19 78 141
19 79 133
19 80 135
19 81 149
19 82 141
19 83 141
19 84 141
19 85 147
19 86 145
19 87 139
19 88 141
19 89 137
19 90 143
19 91 143
19 92 145
19 93 137
19 94 139
19 95 143
19 96 141
19 97 145
19 98 139
19 99 145
19 100 141
19 101 49
20 1 2
20 2 2
20 3 2
20 4 2
20 5 2
20 6 2
20 7 2
20 8 2
20 9 2
20 10 2
20 11 2
20 12 2
20 13 2
20 14 2
20 15 2
20 16 2
20 17 2
20 18 2
20 19 2
20 20 77
20 21 78
20 22 77
20 23 77
20 24 76
20 25 75
20 26 78
20 27 78
20 28 78
20 29 77
20 30 78
20 31 77
20 32 77
20 33 77
20 34 77
20 35 81
20 36 76
20 37 78
20 38 79
20 39 78
20 40 77
20 41 80
20 42 76
20 43 76
20 44 82
20 45 72
20 46 76
20 47 76
20 48 83
20 49 78
20 50 81
20 51 83
20 52 80
20 53 75
20 54 82
20 55 74
20 56 78
20 57 80
20 58 82
20 59 85
20 60 84
20 61 78
20 62 82
20 63 78
20 64 83
20 65 83
20 66 85
20 67 81
20 68 88
20 69 88
20 70 75
20 71 84
20 72 77
20 73 85
20 74 77
20 75 91
20 76 78
20 77 88
20 78 85
20 79 78
20 80 81
20 81 91
20 82 81
20 83 84
20 84 89
20 85 92
20 86 88
20 87 81
20 88 89
20 89 87
20 90 85
20 91 91
20 92 89
20 93 85
20 94 85
20 95 85
20 96 87
20 97 89
20 98 81
20 99 91
20 100 85
20 101 38
21 1 2
21 2 2
21 3 2
21 4 2
21 5 2
21 6 2
21 7 2
21 8 2
21 9 2
21 10 2
21 11 2
21 12 2
21 13 2
21 14 2
21 15 2
21 16 2
21 17 2
21 18 2
21 19 2
21 20 2
21 21 146
21 22 144
21 23 144
21 24 141
21 25 145
21 26 145
21 27 146
21 28 144
21 29 142
21 30 144
21 31 143
21 32 145
21 33 149
21 34 145
21 35 145
21 36 143
21 37 147
21 38 142
21 39 146
21 40 142
21 41 148
21 42 150
21 43 148
21 44 146
21 45 149
21 46 144
21 47 142
21 48 147
21 49 150
21 50 148
21 51 154
21 52 146
21 53 142
21 54 150
21 55 142
21 56 146
21 57 150
21 58 155
21 59 153
21 60 152
21 61 148
21 62 148
21 63 151
21 64 150
21 65 148
21 66 151
21 67 155
21 68 152
21 69 154
21 70 148
21 71 149
21 72 150
21 73 157
21 74 146
21 75 157
21 76 146
21 77 163
21 78 153
21 79 145
21 80 157
21 81 166
21 82 155
21 83 159
21 84 156
21 85 160
21 86 155
21 87 156
21 88 155
21 89 154
21 90 161
21 91 157
21 92 157
21 93 153
21 94 159
21 95 158
21 96 157
21 97 160
21 98 149
21 99 167
21 100 159
21 101 56
22 1 2
22 2 2
22 3 2
22 4 2
22 5 2
22 6 2
22 7 2
22 8 2
22 9 2
22 10 2
22 11 2
22 12 2
22 13 2
22 14 2
22 15 2
22 16 2
22 17 2
22 18 2
22 19 2
22 20 2
22 21 2
22 22 138
22 23 139
22 24 135
22 25 140
22 26 140
22 27 143
22 28 139
22 29 138
22 30 139
22 31 140
22 32 136
22 33 140
22 34 138
22 35 142
22 36 137
22 37 140
22 38 139
22 39 137
22 40 137
22 41 141
22 42 137
22 43 140
22 44 139
22 45 141
22 46 140
22 47 133
22 48 138
22 49 138
22 50 138
22 51 144
22 52 137
22 53 140
22 54 142
22 55 142
22 56 138
22 57 142
22 58 142
22 59 144
22 60 144
22 61 142
22 62 143
22 63 144
22 64 134
22 65 144
22 66 144
22 67 142
22 68 147
22 69 154
22 70 137
22 71 145
22 72 144
22 73 148
22 74 136
22 75 148
22 76 144
22 77 144
22 78 142
22 79 145
22 80 138
22 81 147
22 82 143
22 83 147
22 84 139
22 85 153
22 86 141
22 87 149
22 88 138
22 89 143
22 90 147
22 91 151
22 92 150
22 93 138
22 94 145
22 95 146
22 96 142
22 97 144
22 98 141
22 99 149
22 100 151
22 101 47
23 1 2
23 2 2
23 3 2
23 4 2
23 5 2
23 6 2
23 7 2
23 8 2
23 9 2
23 10 2
23 11 2
23 12 2
23 13 2
23 14 2
23 15 2
23 16 2
23 17 2
23 18 2
23 19 2
23 20 2
23 21 2
23 22 2
23 23 160
23 24 156
23 25 160
23 26 162
23 27 164
23 28 159
23 29 157
23 30 163
23 31 160
23 32 158
23 33 160
23 34 160
23 35 159
23 36 158
23 37 164
23 38 160
23 39 162
23 40 161
23 41 165
23 42 159
23 43 159
23 44 163
23 45 160
23 46 165
23 47 158
23 48 163
23 49 158
23 50 158
23 51 166
23 52 154
23 53 160
23 54 166
23 55 157
23 56 156
23 57 166
23 58 168
23 59 168
23 60 168
23 61 160
23 62 168
23 63 162
23 64 158
23 65 162
23 66 172
23 67 168
23 68 168
23 69 174
23 70 162
23 71 164
23 72 164
23 73 167
23 74 160
23 75 176
23 76 161
23 77 174
23 78 173
23 79 166
23 80 166
23 81 181
23 82 166
23 83 168
23 84 165
23 85 181
23 86 169
23 87 166
23 88 168
23 89 171
23 90 163
23 91 173
23 92 170
23 93 160
23 94 170
23 95 166
23 96 165
23 97 175
23 98 164
23 99 169
23 100 170
23 101 60
24 1 2
24 2 2
24 3 2
24 4 2
24 5 2
24 6 2
24 7 2
24 8 2
24 9 2
24 10 2
24 11 2
24 12 2
24 13 2
24 14 2
24 15 2
24 16 2
24 17 2
24 18 2
24 19 2
24 20 2
24 21 2
24 22 2
24 23 2
24 24 127
24 25 126
24 26 129
24 27 128
24 28 128
24 29 128
24 30 127
24 31 127
24 32 127
24 33 127
24 34 127
24 35 127
24 36 128
24 37 128
24 38 126
24 39 129
24 40 129
24 41 128
24 42 128
24 43 125
24 44 127
24 45 132
24 46 125
24 47 127
24 48 131
24 49 129
24 50 129
24 51 135
24 52 130
24 53 124
24 54 131
24 55 125
24 56 135
24 57 137
24 58 137
24 59 128
24 60 128
24 61 129
24 62 129
24 63 130
24 64 131
24 65 128
24 66 134
24 67 132
24 68 128
24 69 132
24 70 126
24 71 130
24 72 132
24 73 138
24 74 127
24 75 136
24 76 128
24 77 140
24 78 141
24 79 130
24 80 137
24 81 138
24 82 131
24 83 142
24 84 134
24 85 142
24 86 142
24 87 138
24 88 141
24 89 139
24 90 139
24 91 136
24 92 138
24 93 138
24 94 133
24 95 132
24 96 140
24 97 143
24 98 133
24 99 139
24 100 139
24 101 51
25 1 2
25 2 2
25 3 2
25 4 2
25 5 2
25 6 2
25 7 2
25 8 2
25 9 2
25 10 2
25 11 2
25 12 2
25 13 2
25 14 2
25 15 2
25 16 2
25 17 2
25 18 2
25 19 2
25 20 2
25 21 2
25 22 2
25 23 2
25 24 2
25 25 103
25 26 102
25 27 99
25 28 99
25 29 97
25 30 98
25 31 97
25 32 97
25 33 99
25 34 101
25 35 100
25 36 97
25 37 98
25 38 97
25 39 100
25 40 100
25 41 100
25 42 98
25 43 98
25 44 99
25 45 101
25 46 99
25 47 96
25 48 103
25 49 101
25 50 103
25 51 105
25 52 93
25 53 97
25 54 99
25 55 96
25 56 100
25 57 106
25 58 103
25 59 100
25 60 104
25 61 94
25 62 101
25 63 101
25 64 98
25 65 104
25 66 108
25 67 102
25 68 105
25 69 104
25 70 98
25 71 100
25 72 102
25 73 108
25 74 96
25 75 104
25 76 102
25 77 106
25 78 108
25 79 106
25 80 102
25 81 106
25 82 108
25 83 104
25 84 102
25 85 112
25 86 104
25 87 110
25 88 104
25 89 108
25 90 108
25 91 104
25 92 105
25 93 102
25 94 102
25 95 104
25 96 108
25 97 113
25 98 106
25 99 108
25 100 114
25 101 61
26 1 2
26 2 2
26 3 2
26 4 2
26 5 2
26 6 2
26 7 2
26 8 2
26 9 2
26 10 2
26 11 2
26 12 2
26 13 2
26 14 2
26 15 2
26 16 2
26 17 2
26 18 2
26 19 2
26 20 2
26 21 2
26 22 2
26 23 2
26 24 2
26 25 2
26 26 168
26 27 165
26 28 166
26 29 165
26 30 169
26 31 164
26 32 160
26 33 168
26 34 166
26 35 167
26 36 163
26 37 165
26 38 167
26 39 170
26 40 168
26 41 174
26 42 168
26 43 164
26 44 172
26 45 170
26 46 162
26 47 165
26 48 177
26 49 172
26 50 169
26 51 173
26 52 161
26 53 164
26 54 171
26 55 163
26 56 167
26 57 173
26 58 177
26 59 172
26 60 167
26 61 167
26 62 166
26 63 169
26 64 167
26 65 172
26 66 173
26 67 168
26 68 168
26 69 174
26 70 167
26 71 169
26 72 167
26 73 172
26 74 169
26 75 176
26 76 161
26 77 174
26 78 175
26 79 167
26 80 172
26 81 186
26 82 168
26 83 176
26 84 168
26 85 178
26 86 178
26 87 168
26 88 180
26 89 176
26 90 172
26 91 180
26 92 168
26 93 176
26 94 174
26 95 174
26 96 174
26 97 186
26 98 175
26 99 178
26 100 178
26 101 58
27 1 2
27 2 2
27 3 2
27 4 2
27 5 2
27 6 2
27 7 2
27 8 2
27 9 2
27 10 2
27 11 2
27 12 2
27 13 2
27 14 2
27 15 2
27 16 2
27 17 2
27 18 2
27 19 2
27 20 2
27 21 2
27 22 2
27 23 2
27 24 2
27 25 2
27 26 2
27 27 188
27 28 189
27 29 188
27 30 189
27 31 188
27 32 183
27 33 190
27 34 192
27 35 190
27 36 188
27 37 189
27 38 189
27 39 187
27 40 185
27 41 193
27 42 187
27 43 184
27 44 192
27 45 191
27 46 190
27 47 186
27 48 194
27 49 190
27 50 188
27 51 194
27 52 180
27 53 186
27 54 195
27 55 185
27 56 187
27 57 189
27 58 192
27 59 186
27 60 193
27 61 191
27 62 189
27 63 189
27 64 183
27 65 191
27 66 195
27 67 185
27 68 193
27 69 202
27 70 192
27 71 196
27 72 192
27 73 198
27 74 191
27 75 200
27 76 190
27 77 197
27 78 204
27 79 195
27 80 193
27 81 200
27 82 191
27 83 195
27 84 187
27 85 207
27 86 194
27 87 197
27 88 196
27 89 200
27 90 200
27 91 206
27 92 194
27 93 198
27 94 200
27 95 198
27 96 191
27 97 198
27 98 192
27 99 198
27 100 198
27 101 74
28 1 2
28 2 2
28 3 2
28 4 2
28 5 2
28 6 2
28 7 2
28 8 2
28 9 2
28 10 2
28 11 2
28 12 2
28 13 2
28 14 2
28 15 2
28 16 2
28 17 2
28 18 2
28 19 2
28 20 2
28 21 2
28 22 2
28 23 2
28 24 2
28 25 2
28 26 2
28 27 2
28 28 151
28 29 150
28 30 149
28 31 150
28 32 149
28 33 148
28 34 149
28 35 152
28 36 148
28 37 149
28 38 148
28 39 146
28 40 146
28 41 153
28 42 149
28 43 149
28 44 149
28 45 151
28 46 149
28 47 150
28 48 151
28 49 150
28 50 150
28 51 150
28 52 148
28 53 144
28 54 152
28 55 144
28 56 148
28 57 148
28 58 149
28 59 150
28 60 159
28 61 149
28 62 155
28 63 154
28 64 147
28 65 147
28 66 153
28 67 149
28 68 153
28 69 165
28 70 155
28 71 155
28 72 161
28 73 161
28 74 143
28 75 161
28 76 150
28 77 158
28 78 160
28 79 156
28 80 156
28 81 157
28 82 150
28 83 155
28 84 147
28 85 154
28 86 154
28 87 154
28 88 151
28 89 150
28 90 153
28 91 158
28 92 156
28 93 162
28 94 158
28 95 154
28 96 144
28 97 151
28 98 143
28 99 147
28 100 151
28 101 62
29 1 2
29 2 2
29 3 2
29 4 2
29 5 2
29 6 2
29 7 2
29 8 2
29 9 2
29 10 2
29 11 2
29 12 2
29 13 2
29 14 2
29 15 2
29 16 2
29 17 2
29 18 2
29 19 2
29 20 2
29 21 2
29 22 2
29 23 2
29 24 2
29 25 2
29 26 2
29 27 2
29 28 2
29 29 203
29 30 202
29 31 203
29 32 199
29 33 206
29 34 200
29 35 203
29 36 203
29 37 202
29 38 200
29 39 203
29 40 204
29 41 206
29 42 203
29 43 203
29 44 202
29 45 199
29 46 199
29 47 202
29 48 199
29 49 204
29 50 198
29 51 202
29 52 197
29 53 204
29 54 206
29 55 198
29 56 202
29 57 198
29 58 206
29 59 204
29 60 202
29 61 201
29 62 206
29 63 203
29 64 200
29 65 203
29 66 203
29 67 205
29 68 206
29 69 209
29 70 203
29 71 207
29 72 205
29 73 213
29 74 201
29 75 211
29 76 201
29 77 215
29 78 217
29 79 205
29 80 217
29 81 219
29 82 207
29 83 217
29 84 208
29 85 219
29 86 213
29 87 209
29 88 211
29 89 218
29 90 212
29 91 214
29 92 213
29 93 216
29 94 206
29 95 213
29 96 210
29 97 216
29 98 200
29 99 224
29 100 214
29 101 79
30 1 2
30 2 2
30 3 2
30 4 2
30 5 2
30 6 2
30 7 2
30 8 2
30 9 2
30 10 2
30 11 2
30 12 2
30 13 2
30 14 2
30 15 2
30 16 2
30 17 2
30 18 2
30 19 2
30 20 2
30 21 2
30 22 2
30 23 2
30 24 2
30 25 2
30 26 2
30 27 2
30 28 2
30 29 2
30 30 150
30 31 151
30 32 146
30 33 153
30 34 149
30 35 152
30 36 149
30 37 150
30 38 151
30 39 151
30 40 148
30 41 154
30 42 149
30 43 152
30 44 150
30 45 148
30 46 146
30 47 146
30 48 155
30 49 153
30 50 151
30 51 154
30 52 147
30 53 150
30 54 148
30 55 147
30 56 148
30 57 153
30 58 156
30 59 154
30 60 150
30 61 150
30 62 148
30 63 150
30 64 149
30 65 154
30 66 154
30 67 148
30 68 149
30 69 158
30 70 142
30 71 152
30 72 150
30 73 159
30 74 149
30 75 155
30 76 153
30 77 156
30 78 155
30 79 153
30 80 147
30 81 159
30 82 151
30 83 151
30 84 148
30 85 163
30 86 157
30 87 148
30 88 153
30 89 155
30 90 147
30 91 153
30 92 151
30 93 158
30 94 149
30 95 156
30 96 152
30 97 156
30 98 149
30 99 161
30 100 158
30 101 58
31 1 2
31 2 2
31 3 2
31 4 2
31 5 2
31 6 2
31 7 2
31 8 2
31 9 2
31 10 2
31 11 2
31 12 2
31 13 2
31 14 2
31 15 2
31 16 2
31 17 2
31 18 2
31 19 2
31 20 2
31 21 2
31 22 2
31 23 2
31 24 2
31 25 2
31 26 2
31 27 2
31 28 2
31 29 2
31 30 2
31 31 218
31 32 213
31 33 221
31 34 217
31 35 218
31 36 216
31 37 218
31 38 216
31 39 216
31 40 217
31 41 217
31 42 220
31 43 214
31 44 214
31 45 216
31 46 216
31 47 216
31 48 219
31 49 223
31 50 221
31 51 220
31 52 211
31 53 221
31 54 215
31 55 215
31 56 221
31 57 219
31 58 222
31 59 216
31 60 212
31 61 214
31 62 216
31 63 214
31 64 218
31 65 222
31 66 218
31 67 216
31 68 218
31 69 224
31 70 218
31 71 219
31 72 221
31 73 232
31 74 224
31 75 226
31 76 217
31 77 225
31 78 227
31 79 219
31 80 223
31 81 228
31 82 219
31 83 233
31 84 224
31 85 233
31 86 227
31 87 221
31 88 227
31 89 233
31 90 227
31 91 229
31 92 223
31 93 229
31 94 229
31 95 231
31 96 224
31 97 237
31 98 209
31 99 239
31 100 229
31 101 85
32 1 2
32 2 2
32 3 2
32 4 2
32 5 2
32 6 2
32 7 2
32 8 2
32 9 2
32 10 2
32 11 2
32 12 2
32 13 2
32 14 2
32 15 2
32 16 2
32 17 2
32 18 2
32 19 2
32 20 2
32 21 2
32 22 2
32 23 2
32 24 2
32 25 2
32 26 2
32 27 2
32 28 2
32 29 2
32 30 2
32 31 2
32 32 170
32 33 173
32 34 172
32 35 174
32 36 172
32 37 171
32 38 170
32 39 170
32 40 174
32 41 170
32 42 169
32 43 171
32 44 168
32 45 168
32 46 171
32 47 169
32 48 170
32 49 170
32 50 173
32 51 176
32 52 171
32 53 173
32 54 173
32 55 169
32 56 171
32 57 167
32 58 173
32 59 169
32 60 171
32 61 167
32 62 164
32 63 166
32 64 168
32 65 168
32 66 170
32 67 166
32 68 172
32 69 174
32 70 168
32 71 174
32 72 170
32 73 176
32 74 172
32 75 178
32 76 172
32 77 181
32 78 177
32 79 176
32 80 175
32 81 173
32 82 169
32 83 178
32 84 167
32 85 179
32 86 173
32 87 171
32 88 176
32 89 175
32 90 173
32 91 180
32 92 171
32 93 179
32 94 181
32 95 177
32 96 169
32 97 177
32 98 169
32 99 185
32 100 185
32 101 71
33 1 2
33 2 2
33 3 2
33 4 2
33 5 2
33 6 2
33 7 2
33 8 2
33 9 2
33 10 2
33 11 2
33 12 2
33 13 2
33 14 2
33 15 2
33 16 2
33 17 2
33 18 2
33 19 2
33 20 2
33 21 2
33 22 2
33 23 2
33 24 2
33 25 2
33 26 2
33 27 2
33 28 2
33 29 2
33 30 2
33 31 2
33 32 2
33 33 237
33 34 234
33 35 235
33 36 234
33 37 234
33 38 231
33 39 233
33 40 231
33 41 232
33 42 232
33 43 230
33 44 231
33 45 230
33 46 231
33 47 231
33 48 233
33 49 230
33 50 232
33 51 234
33 52 228
33 53 233
33 54 236
33 55 230
33 56 231
33 57 227
33 58 229
33 59 231
33 60 239
33 61 232
33 62 239
33 63 234
33 64 232
33 65 229
33 66 232
33 67 232
33 68 232
33 69 239
33 70 236
33 71 240
33 72 234
33 73 240
33 74 230
33 75 237
33 76 237
33 77 235
33 78 236
33 79 238
33 80 232
33 81 238
33 82 232
33 83 236
33 84 234
33 85 239
33 86 239
33 87 231
33 88 228
33 89 244
33 90 235
33 91 239
33 92 235
33 93 235
33 94 241
33 95 238
33 96 233
33 97 233
33 98 229
33 99 245
33 100 241
33 101 92
34 1 2
34 2 2
34 3 2
34 4 2
34 5 2
34 6 2
34 7 2
34 8 2
34 9 2
34 10 2
34 11 2
34 12 2
34 13 2
34 14 2
34 15 2
34 16 2
34 17 2
34 18 2
34 19 2
34 20 2
34 21 2
34 22 2
34 23 2
34 24 2
34 25 2
34 26 2
34 27 2
34 28 2
34 29 2
34 30 2
34 31 2
34 32 2
34 33 2
34 34 221
34 35 222
34 36 221
34 37 221
34 38 220
34 39 222
34 40 217
34 41 221
34 42 217
34 43 220
34 44 216
34 45 217
34 46 218
34 47 219
34 48 221
34 49 219
34 50 218
34 51 224
34 52 214
34 53 222
34 54 222
34 55 216
34 56 219
34 57 214
34 58 220
34 59 217
34 60 221
34 61 219
34 62 227
34 63 219
34 64 221
34 65 217
34 66 217
34 67 219
34 68 215
34 69 219
34 70 225
34 71 222
34 72 220
34 73 226
34 74 220
34 75 224
34 76 220
34 77 228
34 78 230
34 79 220
34 80 230
34 81 228
34 82 222
34 83 228
34 84 224
34 85 232
34 86 225
34 87 218
34 88 223
34 89 230
34 90 221
34 91 225
34 92 224
34 93 223
34 94 226
34 95 223
34 96 228
34 97 230
34 98 211
34 99 231
34 100 228
34 101 75
35 1 2
35 2 2
35 3 2
35 4 2
35 5 2
35 6 2
35 7 2
35 8 2
35 9 2
35 10 2
35 11 2
35 12 2
35 13 2
35 14 2
35 15 2
35 16 2
35 17 2
35 18 2
35 19 2
35 20 2
35 21 2
35 22 2
35 23 2
35 24 2
35 25 2
35 26 2
35 27 2
35 28 2
35 29 2
35 30 2
35 31 2
35 32 2
35 33 2
35 34 2
35 35 201
35 36 201
35 37 200
35 38 199
35 39 199
35 40 196
35 41 199
35 42 197
35 43 197
35 44 197
35 45 198
35 46 198
35 47 192
35 48 196
35 49 198
35 50 195
35 51 197
35 52 193
35 53 197
35 54 200
35 55 195
35 56 197
35 57 192
35 58 197
35 59 195
35 60 200
35 61 197
35 62 200
35 63 200
35 64 197
35 65 199
35 66 199
35 67 195
35 68 193
35 69 201
35 70 195
35 71 197
35 72 199
35 73 201
35 74 199
35 75 198
35 76 198
35 77 201
35 78 208
35 79 200
35 80 208
35 81 200
35 82 205
35 83 202
35 84 200
35 85 210
35 86 204
35 87 198
35 88 198
35 89 204
35 90 200
35 91 200
35 92 202
35 93 198
35 94 204
35 95 201
35 96 207
35 97 205
35 98 197
35 99 211
35 100 205
35 101 87
36 1 2
36 2 2
36 3 2
36 4 2
36 5 2
36 6 2
36 7 2
36 8 2
36 9 2
36 10 2
36 11 2
36 12 2
36 13 2
36 14 2
36 15 2
36 16 2
36 17 2
36 18 2
36 19 2
36 20 2
36 21 2
36 22 2
36 23 2
36 24 2
36 25 2
36 26 2
36 27 2
36 28 2
36 29 2
36 30 2
36 31 2
36 32 2
36 33 2
36 34 2
36 35 2
36 36 196
36 37 193
36 38 194
36 39 194
36 40 195
36 41 193
36 42 194
36 43 192
36 44 191
36 45 191
36 46 193
36 47 189
36 48 194
36 49 196
36 50 190
36 51 191
36 52 192
36 53 193
36 54 191
36 55 190
36 56 196
36 57 190
36 58 193
36 59 194
36 60 192
36 61 188
36 62 193
36 63 191
36 64 200
36 65 198
36 66 193
36 67 191
36 68 187
36 69 192
36 70 191
36 71 187
36 72 195
36 73 193
36 74 190
36 75 191
36 76 188
36 77 187
36 78 192
36 79 190
36 80 195
36 81 199
36 82 189
36 83 192
36 84 199
36 85 198
36 86 196
36 87 184
36 88 192
36 89 200
36 90 194
36 91 192
36 92 192
36 93 192
36 94 192
36 95 202
36 96 200
36 97 190
36 98 192
36 99 202
36 100 197
36 101 81
37 1 2
37 2 2
37 3 2
37 4 2
37 5 2
37 6 2
37 7 2
37 8 2
37 9 2
37 10 2
37 11 2
37 12 2
37 13 2
37 14 2
37 15 2
37 16 2
37 17 2
37 18 2
37 19 2
37 20 2
37 21 2
37 22 2
37 23 2
37 24 2
37 25 2
37 26 2
37 27 2
37 28 2
37 29 2
37 30 2
37 31 2
37 32 2
37 33 2
37 34 2
37 35 2
37 36 2
37 37 264
37 38 262
37 39 263
37 40 260
37 41 263
37 42 261
37 43 261
37 44 260
37 45 262
37 46 263
37 47 258
37 48 257
37 49 260
37 50 260
37 51 262
37 52 258
37 53 260
37 54 258
37 55 259
37 56 259
37 57 257
37 58 261
37 59 261
37 60 261
37 61 258
37 62 258
37 63 260
37 64 260
37 65 264
37 66 262
37 67 260
37 68 259
37 69 261
37 70 254
37 71 258
37 72 253
37 73 257
37 74 260
37 75 259
37 76 259
37 77 259
37 78 265
37 79 259
37 80 259
37 81 260
37 82 255
37 83 262
37 84 256
37 85 261
37 86 264
37 87 254
37 88 259
37 89 258
37 90 258
37 91 266
37 92 254
37 93 259
37 94 264
37 95 258
37 96 260
37 97 256
37 98 254
37 99 262
37 100 255
37 101 103
38 1 2
38 2 2
38 3 2
38 4 2
38 5 2
38 6 2
38 7 2
38 8 2
38 9 2
38 10 2
38 11 2
38 12 2
38 13 2
38 14 2
38 15 2
38 16 2
38 17 2
38 18 2
38 19 2
38 20 2
38 21 2
38 22 2
38 23 2
38 24 2
38 25 2
38 26 2
38 27 2
38 28 2
38 29 2
38 30 2
38 31 2
38 32 2
38 33 2
38 34 2
38 35 2
38 36 2
38 37 2
38 38 247
38 39 248
38 40 245
38 41 249
38 42 246
38 43 245
38 44 244
38 45 248
38 46 246
38 47 244
38 48 240
38 49 245
38 50 245
38 51 249
38 52 240
38 53 246
38 54 242
38 55 246
38 56 243
38 57 243
38 58 247
38 59 243
38 60 245
38 61 246
38 62 241
38 63 247
38 64 242
38 65 246
38 66 248
38 67 246
38 68 242
38 69 249
38 70 241
38 71 242
38 72 245
38 73 248
38 74 240
38 75 243
38 76 245
38 77 246
38 78 247
38 79 247
38 80 243
38 81 247
38 82 251
38 83 243
38 84 244
38 85 253
38 86 248
38 87 246
38 88 238
38 89 247
38 90 252
38 91 254
38 92 252
38 93 242
38 94 250
38 95 252
38 96 248
38 97 247
38 98 242
38 99 261
38 100 258
38 101 85
39 1 2
39 2 2
39 3 2
39 4 2
39 5 2
39 6 2
39 7 2
39 8 2
39 9 2
39 10 2
39 11 2
39 12 2
39 13 2
39 14 2
39 15 2
39 16 2
39 17 2
39 18 2
39 19 2
39 20 2
39 21 2
39 22 2
39 23 2
39 24 2
39 25 2
39 26 2
39 27 2
39 28 2
39 29 2
39 30 2
39 31 2
39 32 2
39 33 2
39 34 2
39 35 2
39 36 2
39 37 2
39 38 2
39 39 279
39 40 275
39 41 279
39 42 277
39 43 276
39 44 274
39 45 277
39 46 279
39 47 276
39 48 272
39 49 277
39 50 278
39 51 278
39 52 273
39 53 279
39 54 274
39 55 276
39 56 276
39 57 272
39 58 276
39 59 275
39 60 274
39 61 273
39 62 279
39 63 275
39 64 277
39 65 276
39 66 278
39 67 281
39 68 274
39 69 280
39 70 278
39 71 272
39 72 270
39 73 278
39 74 270
39 75 275
39 76 274
39 77 271
39 78 280
39 79 276
39 80 269
39 81 279
39 82 273
39 83 273
39 84 273
39 85 273
39 86 279
39 87 270
39 88 271
39 89 277
39 90 275
39 91 280
39 92 278
39 93 280
39 94 276
39 95 277
39 96 273
39 97 271
39 98 276
39 99 285
39 100 280
39 101 108
40 1 2
40 2 2
40 3 2
40 4 2
40 5 2
40 6 2
40 7 2
40 8 2
40 9 2
40 10 2
40 11 2
40 12 2
40 13 2
40 14 2
40 15 2
40 16 2
40 17 2
40 18 2
40 19 2
40 20 2
40 21 2
40 22 2
40 23 2
40 24 2
40 25 2
40 26 2
40 27 2
40 28 2
40 29 2
40 30 2
40 31 2
40 32 2
40 33 2
40 34 2
40 35 2
40 36 2
40 37 2
40 38 2
40 39 2
40 40 162
40 41 161
40 42 160
40 43 160
40 44 159
40 45 158
40 46 158
40 47 159
40 48 157
40 49 157
40 50 158
40 51 158
40 52 156
40 53 160
40 54 161
40 55 155
40 56 159
40 57 154
40 58 159
40 59 160
40 60 158
40 61 159
40 62 163
40 63 159
40 64 161
40 65 155
40 66 159
40 67 155
40 68 153
40 69 156
40 70 161
40 71 156
40 72 152
40 73 156
40 74 156
40 75 158
40 76 160
40 77 158
40 78 154
40 79 160
40 80 163
40 81 157
40 82 154
40 83 157
40 84 161
40 85 166
40 86 161
40 87 151
40 88 167
40 89 167
40 90 159
40 91 167
40 92 159
40 93 169
40 94 166
40 95 160
40 96 171
40 97 153
40 98 151
40 99 172
40 100 164
40 101 78
41 1 2
41 2 2
41 3 2
41 4 2
41 5 2
41 6 2
41 7 2
41 8 2
41 9 2
41 10 2
41 11 2
41 12 2
41 13 2
41 14 2
41 15 2
41 16 2
41 17 2
41 18 2
41 19 2
41 20 2
41 21 2
41 22 2
41 23 2
41 24 2
41 25 2
41 26 2
41 27 2
41 28 2
41 29 2
41 30 2
41 31 2
41 32 2
41 33 2
41 34 2
41 35 2
41 36 2
41 37 2
41 38 2
41 39 2
41 40 2
41 41 295
41 42 293
41 43 291
41 44 292
41 45 291
41 46 291
41 47 286
41 48 288
41 49 291
41 50 289
41 51 290
41 52 288
41 53 290
41 54 293
41 55 290
41 56 289
41 57 287
41 58 294
41 59 290
41 60 291
41 61 292
41 62 294
41 63 290
41 64 290
41 65 290
41 66 292
41 67 292
41 68 287
41 69 293
41 70 293
41 71 288
41 72 287
41 73 296
41 74 288
41 75 294
41 76 293
41 77 294
41 78 292
41 79 294
41 80 294
41 81 294
41 82 294
41 83 287
41 84 294
41 85 297
41 86 292
41 87 287
41 88 292
41 89 299
41 90 296
41 91 293
41 92 303
41 93 289
41 94 291
41 95 289
41 96 293
41 97 290
41 98 291
41 99 303
41 100 301
41 101 115
42 1 2
42 2 2
42 3 2
42 4 2
42 5 2
42 6 2
42 7 2
42 8 2
42 9 2
42 10 2
42 11 2
42 12 2
42 13 2
42 14 2
42 15 2
42 16 2
42 17 2
42 18 2
42 19 2
42 20 2
42 21 2
42 22 2
42 23 2
42 24 2
42 25 2
42 26 2
42 27 2
42 28 2
42 29 2
42 30 2
42 31 2
42 32 2
42 33 2
42 34 2
42 35 2
42 36 2
42 37 2
42 38 2
42 39 2
42 40 2
42 41 2
42 42 275
42 43 274
42 44 273
42 45 274
42 46 274
42 47 267
42 48 269
42 49 274
42 50 271
42 51 274
42 52 267
42 53 273
42 54 271
42 55 270
42 56 270
42 57 267
42 58 273
42 59 275
42 60 275
42 61 271
42 62 271
42 63 270
42 64 272
42 65 276
42 66 274
42 67 267
42 68 267
42 69 275
42 70 269
42 71 267
42 72 267
42 73 269
42 74 267
42 75 268
42 76 272
42 77 273
42 78 273
42 79 268
42 80 268
42 81 275
42 82 264
42 83 268
42 84 274
42 85 276
42 86 272
42 87 265
42 88 270
42 89 278
42 90 274
42 91 278
42 92 271
42 93 274
42 94 276
42 95 273
42 96 277
42 97 272
42 98 273
42 99 285
42 100 283
42 101 95
43 1 2
43 2 2
43 3 2
43 4 2
43 5 2
43 6 2
43 7 2
43 8 2
43 9 2
43 10 2
43 11 2
43 12 2
43 13 2
43 14 2
43 15 2
43 16 2
43 17 2
43 18 2
43 19 2
43 20 2
43 21 2
43 22 2
43 23 2
43 24 2
43 25 2
43 26 2
43 27 2
43 28 2
43 29 2
43 30 2
43 31 2
43 32 2
43 33 2
43 34 2
43 35 2
43 36 2
43 37 2
43 38 2
43 39 2
43 40 2
43 41 2
43 42 2
43 43 307
43 44 307
43 45 307
43 46 308
43 47 302
43 48 302
43 49 305
43 50 305
43 51 306
43 52 304
43 53 305
43 54 304
43 55 302
43 56 302
43 57 303
43 58 309
43 59 309
43 60 310
43 61 303
43 62 305
43 63 306
43 64 305
43 65 307
43 66 310
43 67 302
43 68 300
43 69 314
43 70 302
43 71 302
43 72 301
43 73 307
43 74 307
43 75 305
43 76 307
43 77 309
43 78 306
43 79 307
43 80 300
43 81 303
43 82 299
43 83 306
43 84 298
43 85 304
43 86 308
43 87 298
43 88 302
43 89 306
43 90 304
43 91 312
43 92 308
43 93 308
43 94 308
43 95 301
43 96 309
43 97 305
43 98 303
43 99 312
43 100 307
43 101 120
44 1 2
44 2 2
44 3 2
44 4 2
44 5 2
44 6 2
44 7 2
44 8 2
44 9 2
44 10 2
44 11 2
44 12 2
44 13 2
44 14 2
44 15 2
44 16 2
44 17 2
44 18 2
44 19 2
44 20 2
44 21 2
44 22 2
44 23 2
44 24 2
44 25 2
44 26 2
44 27 2
44 28 2
44 29 2
44 30 2
44 31 2
44 32 2
44 33 2
44 34 2
44 35 2
44 36 2
44 37 2
44 38 2
44 39 2
44 40 2
44 41 2
44 42 2
44 43 2
44 44 240
44 45 239
44 46 239
44 47 237
44 48 238
44 49 236
44 50 235
44 51 237
44 52 236
44 53 236
44 54 235
44 55 235
44 56 237
44 57 233
44 58 235
44 59 234
44 60 234
44 61 234
44 62 233
44 63 234
44 64 233
44 65 234
44 66 235
44 67 233
44 68 235
44 69 234
44 70 230
44 71 232
44 72 234
44 73 232
44 74 230
44 75 233
44 76 232
44 77 234
44 78 231
44 79 233
44 80 233
44 81 235
44 82 233
44 83 235
44 84 237
44 85 238
44 86 235
44 87 233
44 88 231
44 89 234
44 90 240
44 91 240
44 92 236
44 93 234
44 94 238
44 95 234
44 96 233
44 97 233
44 98 233
44 99 244
44 100 239
44 101 99
45 1 2
45 2 2
45 3 2
45 4 2
45 5 2
45 6 2
45 7 2
45 8 2
45 9 2
45 10 2
45 11 2
45 12 2
45 13 2
45 14 2
45 15 2
45 16 2
45 17 2
45 18 2
45 19 2
45 20 2
45 21 2
45 22 2
45 23 2
45 24 2
45 25 2
45 26 2
45 27 2
45 28 2
45 29 2
45 30 2
45 31 2
45 32 2
45 33 2
45 34 2
45 35 2
45 36 2
45 37 2
45 38 2
45 39 2
45 40 2
45 41 2
45 42 2
45 43 2
45 44 2
45 45 259
45 46 257
45 47 254
45 48 255
45 49 259
45 50 256
45 51 260
45 52 253
45 53 257
45 54 255
45 55 254
45 56 254
45 57 251
45 58 257
45 59 257
45 60 256
45 61 253
45 62 248
45 63 258
45 64 254
45 65 258
45 66 253
45 67 253
45 68 253
45 69 257
45 70 248
45 71 250
45 72 256
45 73 256
45 74 258
45 75 260
45 76 256
45 77 264
45 78 256
45 79 252
45 80 257
45 81 259
45 82 255
45 83 259
45 84 253
45 85 259
45 86 249
45 87 256
45 88 251
45 89 251
45 90 254
45 91 255
45 92 254
45 93 252
45 94 251
45 95 250
45 96 256
45 97 256
45 98 254
45 99 266
45 100 259
45 101 113
46 1 2
46 2 2
46 3 2
46 4 2
46 5 2
46 6 2
46 7 2
46 8 2
46 9 2
46 10 2
46 11 2
46 12 2
46 13 2
46 14 2
46 15 2
46 16 2
46 17 2
46 18 2
46 19 2
46 20 2
46 21 2
46 22 2
46 23 2
46 24 2
46 25 2
46 26 2
46 27 2
46 28 2
46 29 2
46 30 2
46 31 2
46 32 2
46 33 2
46 34 2
46 35 2
46 36 2
46 37 2
46 38 2
46 39 2
46 40 2
46 41 2
46 42 2
46 43 2
46 44 2
46 45 2
46 46 301
46 47 297
46 48 297
46 49 302
46 50 301
46 51 303
46 52 295
46 53 302
46 54 297
46 55 297
46 56 295
46 57 294
46 58 298
46 59 300
46 60 300
46 61 299
46 62 296
46 63 301
46 64 299
46 65 302
46 66 302
46 67 300
46 68 295
46 69 301
46 70 297
46 71 297
46 72 293
46 73 309
46 74 297
46 75 296
46 76 302
46 77 298
46 78 298
46 79 296
46 80 297
46 81 306
46 82 292
46 83 295
46 84 303
46 85 304
46 86 299
46 87 295
46 88 301
46 89 305
46 90 297
46 91 301
46 92 301
46 93 295
46 94 296
46 95 306
46 96 299
46 97 296
46 98 292
46 99 308
46 100 306
46 101 103
47 1 2
47 2 2
47 3 2
47 4 2
47 5 2
47 6 2
47 7 2
47 8 2
47 9 2
47 10 2
47 11 2
47 12 2
47 13 2
47 14 2
47 15 2
47 16 2
47 17 2
47 18 2
47 19 2
47 20 2
47 21 2
47 22 2
47 23 2
47 24 2
47 25 2
47 26 2
47 27 2
47 28 2
47 29 2
47 30 2
47 31 2
47 32 2
47 33 2
47 34 2
47 35 2
47 36 2
47 37 2
47 38 2
47 39 2
47 40 2
47 41 2
47 42 2
47 43 2
47 44 2
47 45 2
47 46 2
47 47 333
47 48 334
47 49 337
47 50 335
47 51 338
47 52 333
47 53 336
47 54 336
47 55 333
47 56 332
47 57 329
47 58 334
47 59 334
47 60 334
47 61 334
47 62 329
47 63 329
47 64 328
47 65 333
47 66 332
47 67 330
47 68 330
47 69 335
47 70 329
47 71 333
47 72 325
47 73 329
47 74 329
47 75 330
47 76 334
47 77 335
47 78 332
47 79 326
47 80 336
47 81 338
47 82 328
47 83 332
47 84 334
47 85 334
47 86 334
47 87 331
47 88 333
47 89 339
47 90 328
47 91 331
47 92 329
47 93 329
47 94 329
47 95 325
47 96 330
47 97 326
47 98 332
47 99 334
47 100 335
47 101 131
48 1 2
48 2 2
48 3 2
48 4 2
48 5 2
48 6 2
48 7 2
48 8 2
48 9 2
48 10 2
48 11 2
48 12 2
48 13 2
48 14 2
48 15 2
48 16 2
48 17 2
48 18 2
48 19 2
48 20 2
48 21 2
48 22 2
48 23 2
48 24 2
48 25 2
48 26 2
48 27 2
48 28 2
48 29 2
48 30 2
48 31 2
48 32 2
48 33 2
48 34 2
48 35 2
48 36 2
48 37 2
48 38 2
48 39 2
48 40 2
48 41 2
48 42 2
48 43 2
48 44 2
48 45 2
48 46 2
48 47 2
48 48 262
48 49 261
48 50 260
48 51 262
48 52 260
48 53 259
48 54 259
48 55 258
48 56 264
48 57 258
48 58 261
48 59 261
48 60 256
48 61 258
48 62 256
48 63 258
48 64 255
48 65 255
48 66 261
48 67 257
48 68 256
48 69 258
48 70 256
48 71 255
48 72 260
48 73 252
48 74 255
48 75 255
48 76 255
48 77 263
48 78 255
48 79 257
48 80 262
48 81 256
48 82 257
48 83 258
48 84 256
48 85 264
48 86 256
48 87 262
48 88 262
48 89 255
48 90 253
48 91 258
48 92 255
48 93 257
48 94 251
48 95 253
48 96 259
48 97 257
48 98 255
48 99 261
48 100 255
48 101 107
49 1 2
49 2 2
49 3 2
49 4 2
49 5 2
49 6 2
49 7 2
49 8 2
49 9 2
49 10 2
49 11 2
49 12 2
49 13 2
49 14 2
49 15 2
49 16 2
49 17 2
49 18 2
49 19 2
49 20 2
49 21 2
49 22 2
49 23 2
49 24 2
49 25 2
49 26 2
49 27 2
49 28 2
49 29 2
49 30 2
49 31 2
49 32 2
49 33 2
49 34 2
49 35 2
49 36 2
49 37 2
49 38 2
49 39 2
49 40 2
49 41 2
49 42 2
49 43 2
49 44 2
49 45 2
49 46 2
49 47 2
49 48 2
49 49 353
49 50 351
49 51 354
49 52 351
49 53 350
49 54 348
49 55 348
49 56 351
49 57 347
49 58 352
49 59 350
49 60 349
49 61 347
49 62 342
49 63 350
49 64 350
49 65 348
49 66 350
49 67 349
49 68 349
49 69 353
49 70 348
49 71 348
49 72 348
49 73 352
49 74 344
49 75 348
49 76 346
49 77 355
49 78 351
49 79 345
49 80 347
49 81 350
49 82 343
49 83 349
49 84 348
49 85 344
49 86 348
49 87 344
49 88 348
49 89 344
49 90 344
49 91 346
49 92 346
49 93 346
49 94 349
49 95 351
49 96 342
49 97 345
49 98 341
49 99 343
49 100 345
49 101 137
50 1 2
50 2 2
50 3 2
50 4 2
50 5 2
50 6 2
50 7 2
50 8 2
50 9 2
50 10 2
50 11 2
50 12 2
50 13 2
50 14 2
50 15 2
50 16 2
50 17 2
50 18 2
50 19 2
50 20 2
50 21 2
50 22 2
50 23 2
50 24 2
50 25 2
50 26 2
50 27 2
50 28 2
50 29 2
50 30 2
50 31 2
50 32 2
50 33 2
50 34 2
50 35 2
50 36 2
50 37 2
50 38 2
50 39 2
50 40 2
50 41 2
50 42 2
50 43 2
50 44 2
50 45 2
50 46 2
50 47 2
50 48 2
50 49 2
50 50 177
50 51 178
50 52 173
50 53 174
50 54 173
50 55 173
50 56 174
50 57 175
50 58 175
50 59 172
50 60 172
50 61 170
50 62 167
50 63 169
50 64 169
50 65 174
50 66 170
50 67 174
50 68 172
50 69 172
50 70 173
50 71 171
50 72 171
50 73 170
50 74 169
50 75 170
50 76 168
50 77 172
50 78 170
50 79 169
50 80 171
50 81 175
50 82 169
50 83 171
50 84 172
50 85 170
50 86 169
50 87 172
50 88 170
50 89 174
50 90 172
50 91 172
50 92 172
50 93 168
50 94 167
50 95 171
50 96 168
50 97 169
50 98 164
50 99 167
50 100 167
50 101 98
51 1 2
51 2 2
51 3 2
51 4 2
51 5 2
51 6 2
51 7 2
51 8 2
51 9 2
51 10 2
51 11 2
51 12 2
51 13 2
51 14 2
51 15 2
51 16 2
51 17 2
51 18 2
51 19 2
51 20 2
51 21 2
51 22 2
51 23 2
51 24 2
51 25 2
51 26 2
51 27 2
51 28 2
51 29 2
51 30 2
51 31 2
51 32 2
51 33 2
51 34 2
51 35 2
51 36 2
51 37 2
51 38 2
51 39 2
51 40 2
51 41 2
51 42 2
51 43 2
51 44 2
51 45 2
51 46 2
51 47 2
51 48 2
51 49 2
51 50 2
51 51 369
51 52 364
51 53 365
51 54 366
51 55 364
51 56 363
51 57 362
51 58 364
51 59 363
51 60 367
51 61 361
51 62 360
51 63 360
51 64 362
51 65 365
51 66 363
51 67 360
51 68 360
51 69 360
51 70 366
51 71 363
51 72 365
51 73 369
51 74 365
51 75 362
51 76 363
51 77 365
51 78 359
51 79 358
51 80 368
51 81 368
51 82 361
51 83 357
51 84 368
51 85 369
51 86 361
51 87 362
51 88 363
51 89 365
51 90 366
51 91 367
51 92 372
51 93 363
51 94 362
51 95 368
51 96 370
51 97 364
51 98 362
51 99 387
51 100 372
51 101 145
52 1 2
52 2 2
52 3 2
52 4 2
52 5 2
52 6 2
52 7 2
52 8 2
52 9 2
52 10 2
52 11 2
52 12 2
52 13 2
52 14 2
52 15 2
52 16 2
52 17 2
52 18 2
52 19 2
52 20 2
52 21 2
52 22 2
52 23 2
52 24 2
52 25 2
52 26 2
52 27 2
52 28 2
52 29 2
52 30 2
52 31 2
52 32 2
52 33 2
52 34 2
52 35 2
52 36 2
52 37 2
52 38 2
52 39 2
52 40 2
52 41 2
52 42 2
52 43 2
52 44 2
52 45 2
52 46 2
52 47 2
52 48 2
52 49 2
52 50 2
52 51 279
52 52 279
52 53 275
52 54 276
52 55 276
52 56 275
52 57 273
52 58 274
52 59 276
52 60 273
52 61 272
52 62 270
52 63 270
52 64 279
52 65 273
52 66 273
52 67 269
52 68 269
52 69 276
52 70 272
52 71 274
52 72 273
52 73 273
52 74 269
52 75 275
52 76 269
52 77 276
52 78 271
52 79 268
52 80 274
52 81 278
52 82 268
52 83 270
52 84 277
52 85 277
52 86 273
52 87 275
52 88 277
52 89 273
52 90 273
52 91 279
52 92 279
52 93 274
52 94 273
52 95 278
52 96 273
52 97 272
52 98 264
52 99 280
52 100 278
52 101 115
53 1 2
53 2 2
53 3 2
53 4 2
53 5 2
53 6 2
53 7 2
53 8 2
53 9 2
53 10 2
53 11 2
53 12 2
53 13 2
53 14 2
53 15 2
53 16 2
53 17 2
53 18 2
53 19 2
53 20 2
53 21 2
53 22 2
53 23 2
53 24 2
53 25 2
53 26 2
53 27 2
53 28 2
53 29 2
53 30 2
53 31 2
53 32 2
53 33 2
53 34 2
53 35 2
53 36 2
53 37 2
53 38 2
53 39 2
53 40 2
53 41 2
53 42 2
53 43 2
53 44 2
53 45 2
53 46 2
53 47 2
53 48 2
53 49 2
53 50 2
53 51 366
53 52 363
53 53 362
53 54 363
53 55 362
53 56 363
53 57 359
53 58 364
53 59 362
53 60 360
53 61 359
53 62 355
53 63 359
53 64 362
53 65 362
53 66 365
53 67 358
53 68 357
53 69 365
53 70 357
53 71 358
53 72 358
53 73 360
53 74 359
53 75 359
53 76 357
53 77 363
53 78 363
53 79 357
53 80 357
53 81 367
53 82 358
53 83 358
53 84 364
53 85 364
53 86 360
53 87 362
53 88 356
53 89 365
53 90 367
53 91 365
53 92 362
53 93 354
53 94 359
53 95 365
53 96 359
53 97 361
53 98 353
53 99 369
53 100 367
53 101 142
54 1 2
54 2 2
54 3 2
54 4 2
54 5 2
54 6 2
54 7 2
54 8 2
54 9 2
54 10 2
54 11 2
54 12 2
54 13 2
54 14 2
54 15 2
54 16 2
54 17 2
54 18 2
54 19 2
54 20 2
54 21 2
54 22 2
54 23 2
54 24 2
54 25 2
54 26 2
54 27 2
54 28 2
54 29 2
54 30 2
54 31 2
54 32 2
54 33 2
54 34 2
54 35 2
54 36 2
54 37 2
54 38 2
54 39 2
54 40 2
54 41 2
54 42 2
54 43 2
54 44 2
54 45 2
54 46 2
54 47 2
54 48 2
54 49 2
54 50 2
54 51 335
54 52 332
54 53 330
54 54 334
54 55 329
54 56 331
54 57 328
54 58 332
54 59 331
54 60 328
54 61 326
54 62 322
54 63 325
54 64 327
54 65 329
54 66 333
54 67 326
54 68 325
54 69 331
54 70 327
54 71 329
54 72 329
54 73 328
54 74 331
54 75 330
54 76 326
54 77 336
54 78 330
54 79 325
54 80 333
54 81 332
54 82 329
54 83 325
54 84 329
54 85 333
54 86 328
54 87 334
54 88 327
54 89 333
54 90 331
54 91 336
54 92 334
54 93 328
54 94 324
54 95 330
54 96 330
54 97 333
54 98 328
54 99 341
54 100 333
54 101 113
55 1 2
55 2 2
55 3 2
55 4 2
55 5 2
55 6 2
55 7 2
55 8 2
55 9 2
55 10 2
55 11 2
55 12 2
55 13 2
55 14 2
55 15 2
55 16 2
55 17 2
55 18 2
55 19 2
55 20 2
55 21 2
55 22 2
55 23 2
55 24 2
55 25 2
55 26 2
55 27 2
55 28 2
55 29 2
55 30 2
55 31 2
55 32 2
55 33 2
55 34 2
55 35 2
55 36 2
55 37 2
55 38 2
55 39 2
55 40 2
55 41 2
55 42 2
55 43 2
55 44 2
55 45 2
55 46 2
55 47 2
55 48 2
55 49 2
55 50 2
55 51 292
55 52 289
55 53 288
55 54 293
55 55 290
55 56 289
55 57 285
55 58 290
55 59 289
55 60 286
55 61 285
55 62 280
55 63 280
55 64 289
55 65 290
55 66 291
55 67 285
55 68 283
55 69 289
55 70 286
55 71 286
55 72 284
55 73 288
55 74 287
55 75 285
55 76 283
55 77 283
55 78 283
55 79 283
55 80 280
55 81 284
55 82 286
55 83 286
55 84 287
55 85 288
55 86 286
55 87 285
55 88 284
55 89 295
55 90 293
55 91 293
55 92 291
55 93 285
55 94 288
55 95 296
55 96 282
55 97 288
55 98 282
55 99 292
55 100 291
55 101 124
56 1 2
56 2 2
56 3 2
56 4 2
56 5 2
56 6 2
56 7 2
56 8 2
56 9 2
56 10 2
56 11 2
56 12 2
56 13 2
56 14 2
56 15 2
56 16 2
56 17 2
56 18 2
56 19 2
56 20 2
56 21 2
56 22 2
56 23 2
56 24 2
56 25 2
56 26 2
56 27 2
56 28 2
56 29 2
56 30 2
56 31 2
56 32 2
56 33 2
56 34 2
56 35 2
56 36 2
56 37 2
56 38 2
56 39 2
56 40 2
56 41 2
56 42 2
56 43 2
56 44 2
56 45 2
56 46 2
56 47 2
56 48 2
56 49 2
56 50 2
56 51 275
56 52 272
56 53 271
56 54 275
56 55 273
56 56 272
56 57 270
56 58 273
56 59 269
56 60 268
56 61 268
56 62 269
56 63 265
56 64 271
56 65 268
56 66 267
56 67 268
56 68 266
56 69 270
56 70 274
56 71 267
56 72 269
56 73 274
56 74 269
56 75 268
56 76 264
56 77 272
56 78 265
56 79 265
56 80 276
56 81 279
56 82 265
56 83 263
56 84 274
56 85 277
56 86 262
56 87 267
56 88 270
56 89 268
56 90 264
56 91 274
56 92 272
56 93 268
56 94 270
56 95 275
56 96 272
56 97 264
56 98 267
56 99 271
56 100 271
56 101 111
57 1 2
57 2 2
57 3 2
57 4 2
57 5 2
57 6 2
57 7 2
57 8 2
57 9 2
57 10 2
57 11 2
57 12 2
57 13 2
57 14 2
57 15 2
57 16 2
57 17 2
57 18 2
57 19 2
57 20 2
57 21 2
57 22 2
57 23 2
57 24 2
57 25 2
57 26 2
57 27 2
57 28 2
57 29 2
57 30 2
57 31 2
57 32 2
57 33 2
57 34 2
57 35 2
57 36 2
57 37 2
57 38 2
57 39 2
57 40 2
57 41 2
57 42 2
57 43 2
57 44 2
57 45 2
57 46 2
57 47 2
57 48 2
57 49 2
57 50 2
57 51 364
57 52 357
57 53 360
57 54 367
57 55 362
57 56 366
57 57 363
57 58 364
57 59 358
57 60 357
57 61 359
57 62 355
57 63 354
57 64 358
57 65 362
57 66 362
57 67 359
57 68 359
57 69 363
57 70 360
57 71 362
57 72 358
57 73 359
57 74 359
57 75 359
57 76 355
57 77 357
57 78 357
57 79 359
57 80 361
57 81 366
57 82 358
57 83 358
57 84 370
57 85 367
57 86 358
57 87 360
57 88 358
57 89 369
57 90 361
57 91 363
57 92 368
57 93 355
57 94 362
57 95 365
57 96 360
57 97 355
57 98 360
57 99 368
57 100 367
57 101 144
58 1 2
58 2 2
58 3 2
58 4 2
58 5 2
58 6 2
58 7 2
58 8 2
58 9 2
58 10 2
58 11 2
58 12 2
58 13 2
58 14 2
58 15 2
58 16 2
58 17 2
58 18 2
58 19 2
58 20 2
58 21 2
58 22 2
58 23 2
58 24 2
58 25 2
58 26 2
58 27 2
58 28 2
58 29 2
58 30 2
58 31 2
58 32 2
58 33 2
58 34 2
58 35 2
58 36 2
58 37 2
58 38 2
58 39 2
58 40 2
58 41 2
58 42 2
58 43 2
58 44 2
58 45 2
58 46 2
58 47 2
58 48 2
58 49 2
58 50 2
58 51 335
58 52 328
58 53 327
58 54 332
58 55 327
58 56 332
58 57 326
58 58 337
58 59 333
58 60 330
58 61 326
58 62 322
58 63 324
58 64 325
58 65 330
58 66 332
58 67 330
58 68 328
58 69 334
58 70 328
58 71 323
58 72 323
58 73 321
58 74 326
58 75 324
58 76 322
58 77 328
58 78 326
58 79 328
58 80 327
58 81 332
58 82 333
58 83 325
58 84 323
58 85 325
58 86 327
58 87 327
58 88 320
58 89 331
58 90 328
58 91 328
58 92 328
58 93 322
58 94 318
58 95 324
58 96 326
58 97 332
58 98 321
58 99 327
58 100 327
58 101 113
59 1 2
59 2 2
59 3 2
59 4 2
59 5 2
59 6 2
59 7 2
59 8 2
59 9 2
59 10 2
59 11 2
59 12 2
59 13 2
59 14 2
59 15 2
59 16 2
59 17 2
59 18 2
59 19 2
59 20 2
59 21 2
59 22 2
59 23 2
59 24 2
59 25 2
59 26 2
59 27 2
59 28 2
59 29 2
59 30 2
59 31 2
59 32 2
59 33 2
59 34 2
59 35 2
59 36 2
59 37 2
59 38 2
59 39 2
59 40 2
59 41 2
59 42 2
59 43 2
59 44 2
59 45 2
59 46 2
59 47 2
59 48 2
59 49 2
59 50 2
59 51 360
59 52 357
59 53 356
59 54 359
59 55 355
59 56 358
59 57 355
59 58 362
59 59 362
59 60 356
59 61 352
59 62 348
59 63 353
59 64 357
59 65 355
59 66 359
59 67 355
59 68 359
59 69 361
59 70 357
59 71 354
59 72 354
59 73 356
59 74 356
59 75 352
59 76 351
59 77 361
59 78 353
59 79 353
59 80 355
59 81 361
59 82 355
59 83 351
59 84 354
59 85 358
59 86 354
59 87 349
59 88 352
59 89 361
59 90 361
59 91 359
59 92 351
59 93 357
59 94 357
59 95 363
59 96 356
59 97 357
59 98 349
59 99 360
59 100 360
59 101 138
60 1 2
60 2 2
60 3 2
60 4 2
60 5 2
60 6 2
60 7 2
60 8 2
60 9 2
60 10 2
60 11 2
60 12 2
60 13 2
60 14 2
60 15 2
60 16 2
60 17 2
60 18 2
60 19 2
60 20 2
60 21 2
60 22 2
60 23 2
60 24 2
60 25 2
60 26 2
60 27 2
60 28 2
60 29 2
60 30 2
60 31 2
60 32 2
60 33 2
60 34 2
60 35 2
60 36 2
60 37 2
60 38 2
60 39 2
60 40 2
60 41 2
60 42 2
60 43 2
60 44 2
60 45 2
60 46 2
60 47 2
60 48 2
60 49 2
60 50 2
60 51 199
60 52 200
60 53 196
60 54 200
60 55 196
60 56 201
60 57 198
60 58 200
60 59 201
60 60 199
60 61 193
60 62 191
60 63 194
60 64 196
60 65 191
60 66 199
60 67 194
60 68 197
60 69 200
60 70 197
60 71 196
60 72 191
60 73 195
60 74 189
60 75 195
60 76 192
60 77 196
60 78 196
60 79 194
60 80 196
60 81 198
60 82 190
60 83 190
60 84 194
60 85 195
60 86 197
60 87 195
60 88 193
60 89 199
60 90 194
60 91 197
60 92 194
60 93 195
60 94 189
60 95 198
60 96 196
60 97 194
60 98 192
60 99 197
60 100 194
60 101 93
61 1 2
61 2 2
61 3 2
61 4 2
61 5 2
61 6 2
61 7 2
61 8 2
61 9 2
61 10 2
61 11 2
61 12 2
61 13 2
61 14 2
61 15 2
61 16 2
61 17 2
61 18 2
61 19 2
61 20 2
61 21 2
61 22 2
61 23 2
61 24 2
61 25 2
61 26 2
61 27 2
61 28 2
61 29 2
61 30 2
61 31 2
61 32 2
61 33 2
61 34 2
61 35 2
61 36 2
61 37 2
61 38 2
61 39 2
61 40 2
61 41 2
61 42 2
61 43 2
61 44 2
61 45 2
61 46 2
61 47 2
61 48 2
61 49 2
61 50 2
61 51 359
61 52 356
61 53 356
61 54 361
61 55 356
61 56 358
61 57 354
61 58 357
61 59 358
61 60 356
61 61 354
61 62 349
61 63 353
61 64 355
61 65 356
61 66 360
61 67 354
61 68 355
61 69 357
61 70 349
61 71 353
61 72 354
61 73 356
61 74 354
61 75 358
61 76 356
61 77 357
61 78 352
61 79 352
61 80 353
61 81 357
61 82 357
61 83 351
61 84 356
61 85 357
61 86 355
61 87 355
61 88 350
61 89 360
61 90 352
61 91 352
61 92 359
61 93 348
61 94 353
61 95 361
61 96 355
61 97 357
61 98 351
61 99 361
61 100 355
61 101 137
62 1 2
62 2 2
62 3 2
62 4 2
62 5 2
62 6 2
62 7 2
62 8 2
62 9 2
62 10 2
62 11 2
62 12 2
62 13 2
62 14 2
62 15 2
62 16 2
62 17 2
62 18 2
62 19 2
62 20 2
62 21 2
62 22 2
62 23 2
62 24 2
62 25 2
62 26 2
62 27 2
62 28 2
62 29 2
62 30 2
62 31 2
62 32 2
62 33 2
62 34 2
62 35 2
62 36 2
62 37 2
62 38 2
62 39 2
62 40 2
62 41 2
62 42 2
62 43 2
62 44 2
62 45 2
62 46 2
62 47 2
62 48 2
62 49 2
62 50 2
62 51 330
62 52 325
62 53 323
62 54 327
62 55 326
62 56 324
62 57 323
62 58 328
62 59 332
62 60 330
62 61 325
62 62 325
62 63 326
62 64 328
62 65 328
62 66 334
62 67 325
62 68 327
62 69 329
62 70 330
62 71 324
62 72 322
62 73 331
62 74 329
62 75 323
62 76 325
62 77 331
62 78 325
62 79 324
62 80 323
62 81 332
62 82 322
62 83 318
62 84 326
62 85 330
62 86 327
62 87 319
62 88 329
62 89 328
62 90 323
62 91 329
62 92 329
62 93 329
62 94 320
62 95 332
62 96 336
62 97 330
62 98 324
62 99 339
62 100 332
62 101 111
63 1 2
63 2 2
63 3 2
63 4 2
63 5 2
63 6 2
63 7 2
63 8 2
63 9 2
63 10 2
63 11 2
63 12 2
63 13 2
63 14 2
63 15 2
63 16 2
63 17 2
63 18 2
63 19 2
63 20 2
63 21 2
63 22 2
63 23 2
63 24 2
63 25 2
63 26 2
63 27 2
63 28 2
63 29 2
63 30 2
63 31 2
63 32 2
63 33 2
63 34 2
63 35 2
63 36 2
63 37 2
63 38 2
63 39 2
63 40 2
63 41 2
63 42 2
63 43 2
63 44 2
63 45 2
63 46 2
63 47 2
63 48 2
63 49 2
63 50 2
63 51 363
63 52 354
63 53 353
63 54 357
63 55 355
63 56 355
63 57 348
63 58 356
63 59 365
63 60 360
63 61 352
63 62 354
63 63 362
63 64 363
63 65 361
63 66 365
63 67 357
63 68 360
63 69 363
63 70 362
63 71 356
63 72 358
63 73 367
63 74 359
63 75 355
63 76 358
63 77 366
63 78 360
63 79 354
63 80 358
63 81 374
63 82 357
63 83 354
63 84 365
63 85 363
63 86 363
63 87 359
63 88 359
63 89 365
63 90 364
63 91 362
63 92 358
63 93 356
63 94 360
63 95 370
63 96 366
63 97 360
63 98 360
63 99 376
63 100 374
63 101 142
64 1 2
64 2 2
64 3 2
64 4 2
64 5 2
64 6 2
64 7 2
64 8 2
64 9 2
64 10 2
64 11 2
64 12 2
64 13 2
64 14 2
64 15 2
64 16 2
64 17 2
64 18 2
64 19 2
64 20 2
64 21 2
64 22 2
64 23 2
64 24 2
64 25 2
64 26 2
64 27 2
64 28 2
64 29 2
64 30 2
64 31 2
64 32 2
64 33 2
64 34 2
64 35 2
64 36 2
64 37 2
64 38 2
64 39 2
64 40 2
64 41 2
64 42 2
64 43 2
64 44 2
64 45 2
64 46 2
64 47 2
64 48 2
64 49 2
64 50 2
64 51 270
64 52 268
64 53 268
64 54 270
64 55 269
64 56 266
64 57 264
64 58 269
64 59 265
64 60 268
64 61 268
64 62 268
64 63 271
64 64 271
64 65 268
64 66 266
64 67 264
64 68 267
64 69 269
64 70 271
64 71 268
64 72 271
64 73 275
64 74 264
64 75 270
64 76 266
64 77 273
64 78 268
64 79 262
64 80 269
64 81 273
64 82 270
64 83 261
64 84 268
64 85 272
64 86 267
64 87 270
64 88 260
64 89 268
64 90 263
64 91 272
64 92 275
64 93 266
64 94 269
64 95 273
64 96 269
64 97 267
64 98 265
64 99 277
64 100 271
64 101 110
65 1 2
65 2 2
65 3 2
65 4 2
65 5 2
65 6 2
65 7 2
65 8 2
65 9 2
65 10 2
65 11 2
65 12 2
65 13 2
65 14 2
65 15 2
65 16 2
65 17 2
65 18 2
65 19 2
65 20 2
65 21 2
65 22 2
65 23 2
65 24 2
65 25 2
65 26 2
65 27 2
65 28 2
65 29 2
65 30 2
65 31 2
65 32 2
65 33 2
65 34 2
65 35 2
65 36 2
65 37 2
65 38 2
65 39 2
65 40 2
65 41 2
65 42 2
65 43 2
65 44 2
65 45 2
65 46 2
65 47 2
65 48 2
65 49 2
65 50 2
65 51 288
65 52 285
65 53 283
65 54 287
65 55 290
65 56 282
65 57 285
65 58 289
65 59 290
65 60 288
65 61 285
65 62 282
65 63 286
65 64 291
65 65 288
65 66 291
65 67 285
65 68 285
65 69 287
65 70 288
65 71 284
65 72 285
65 73 296
65 74 285
65 75 289
65 76 287
65 77 291
65 78 286
65 79 280
65 80 278
65 81 292
65 82 284
65 83 282
65 84 290
65 85 286
65 86 288
65 87 284
65 88 282
65 89 289
65 90 287
65 91 293
65 92 289
65 93 285
65 94 287
65 95 294
65 96 287
65 97 290
65 98 283
65 99 292
65 100 292
65 101 123
66 1 2
66 2 2
66 3 2
66 4 2
66 5 2
66 6 2
66 7 2
66 8 2
66 9 2
66 10 2
66 11 2
66 12 2
66 13 2
66 14 2
66 15 2
66 16 2
66 17 2
66 18 2
66 19 2
66 20 2
66 21 2
66 22 2
66 23 2
66 24 2
66 25 2
66 26 2
66 27 2
66 28 2
66 29 2
66 30 2
66 31 2
66 32 2
66 33 2
66 34 2
66 35 2
66 36 2
66 37 2
66 38 2
66 39 2
66 40 2
66 41 2
66 42 2
66 43 2
66 44 2
66 45 2
66 46 2
66 47 2
66 48 2
66 49 2
66 50 2
66 51 331
66 52 326
66 53 323
66 54 330
66 55 329
66 56 324
66 57 323
66 58 326
66 59 329
66 60 330
66 61 322
66 62 322
66 63 326
66 64 331
66 65 329
66 66 329
66 67 322
66 68 324
66 69 330
66 70 327
66 71 327
66 72 327
66 73 333
66 74 326
66 75 326
66 76 325
66 77 327
66 78 322
66 79 318
66 80 320
66 81 331
66 82 324
66 83 323
66 84 325
66 85 318
66 86 331
66 87 323
66 88 322
66 89 328
66 90 329
66 91 333
66 92 328
66 93 320
66 94 326
66 95 336
66 96 324
66 97 324
66 98 330
66 99 336
66 100 333
66 101 109
67 1 2
67 2 2
67 3 2
67 4 2
67 5 2
67 6 2
67 7 2
67 8 2
67 9 2
67 10 2
67 11 2
67 12 2
67 13 2
67 14 2
67 15 2
67 16 2
67 17 2
67 18 2
67 19 2
67 20 2
67 21 2
67 22 2
67 23 2
67 24 2
67 25 2
67 26 2
67 27 2
67 28 2
67 29 2
67 30 2
67 31 2
67 32 2
67 33 2
67 34 2
67 35 2
67 36 2
67 37 2
67 38 2
67 39 2
67 40 2
67 41 2
67 42 2
67 43 2
67 44 2
67 45 2
67 46 2
67 47 2
67 48 2
67 49 2
67 50 2
67 51 359
67 52 350
67 53 351
67 54 356
67 55 353
67 56 355
67 57 351
67 58 361
67 59 357
67 60 356
67 61 352
67 62 350
67 63 355
67 64 358
67 65 356
67 66 360
67 67 354
67 68 351
67 69 357
67 70 357
67 71 350
67 72 354
67 73 361
67 74 356
67 75 356
67 76 350
67 77 366
67 78 354
67 79 351
67 80 359
67 81 368
67 82 357
67 83 352
67 84 357
67 85 364
67 86 353
67 87 358
67 88 358
67 89 356
67 90 350
67 91 360
67 92 360
67 93 353
67 94 351
67 95 362
67 96 361
67 97 360
67 98 349
67 99 367
67 100 359
67 101 135
68 1 2
68 2 2
68 3 2
68 4 2
68 5 2
68 6 2
68 7 2
68 8 2
68 9 2
68 10 2
68 11 2
68 12 2
68 13 2
68 14 2
68 15 2
68 16 2
68 17 2
68 18 2
68 19 2
68 20 2
68 21 2
68 22 2
68 23 2
68 24 2
68 25 2
68 26 2
68 27 2
68 28 2
68 29 2
68 30 2
68 31 2
68 32 2
68 33 2
68 34 2
68 35 2
68 36 2
68 37 2
68 38 2
68 39 2
68 40 2
68 41 2
68 42 2
68 43 2
68 44 2
68 45 2
68 46 2
68 47 2
68 48 2
68 49 2
68 50 2
68 51 268
68 52 263
68 53 262
68 54 267
68 55 266
68 56 269
68 57 265
68 58 268
68 59 274
68 60 268
68 61 265
68 62 269
68 63 272
68 64 274
68 65 268
68 66 274
68 67 267
68 68 269
68 69 273
68 70 271
68 71 264
68 72 264
68 73 272
68 74 265
68 75 264
68 76 265
68 77 274
68 78 269
68 79 267
68 80 267
68 81 280
68 82 263
68 83 262
68 84 278
68 85 276
68 86 270
68 87 268
68 88 273
68 89 276
68 90 269
68 91 270
68 92 269
68 93 265
68 94 267
68 95 277
68 96 275
68 97 271
68 98 264
68 99 279
68 100 276
68 101 110
69 1 2
69 2 2
69 3 2
69 4 2
69 5 2
69 6 2
69 7 2
69 8 2
69 9 2
69 10 2
69 11 2
69 12 2
69 13 2
69 14 2
69 15 2
69 16 2
69 17 2
69 18 2
69 19 2
69 20 2
69 21 2
69 22 2
69 23 2
69 24 2
69 25 2
69 26 2
69 27 2
69 28 2
69 29 2
69 30 2
69 31 2
69 32 2
69 33 2
69 34 2
69 35 2
69 36 2
69 37 2
69 38 2
69 39 2
69 40 2
69 41 2
69 42 2
69 43 2
69 44 2
69 45 2
69 46 2
69 47 2
69 48 2
69 49 2
69 50 2
69 51 358
69 52 352
69 53 354
69 54 355
69 55 354
69 56 353
69 57 352
69 58 356
69 59 359
69 60 361
69 61 351
69 62 350
69 63 358
69 64 360
69 65 357
69 66 361
69 67 357
69 68 360
69 69 363
69 70 360
69 71 356
69 72 354
69 73 362
69 74 354
69 75 353
69 76 356
69 77 359
69 78 356
69 79 354
69 80 354
69 81 366
69 82 354
69 83 346
69 84 350
69 85 350
69 86 355
69 87 348
69 88 347
69 89 355
69 90 355
69 91 357
69 92 354
69 93 349
69 94 351
69 95 361
69 96 358
69 97 356
69 98 358
69 99 364
69 100 360
69 101 139
70 1 2
70 2 2
70 3 2
70 4 2
70 5 2
70 6 2
70 7 2
70 8 2
70 9 2
70 10 2
70 11 2
70 12 2
70 13 2
70 14 2
70 15 2
70 16 2
70 17 2
70 18 2
70 19 2
70 20 2
70 21 2
70 22 2
70 23 2
70 24 2
70 25 2
70 26 2
70 27 2
70 28 2
70 29 2
70 30 2
70 31 2
70 32 2
70 33 2
70 34 2
70 35 2
70 36 2
70 37 2
70 38 2
70 39 2
70 40 2
70 41 2
70 42 2
70 43 2
70 44 2
70 45 2
70 46 2
70 47 2
70 48 2
70 49 2
70 50 2
70 51 259
70 52 252
70 53 253
70 54 258
70 55 255
70 56 258
70 57 252
70 58 254
70 59 257
70 60 258
70 61 247
70 62 249
70 63 254
70 64 253
70 65 255
70 66 259
70 67 254
70 68 258
70 69 264
70 70 259
70 71 255
70 72 255
70 73 265
70 74 257
70 75 248
70 76 254
70 77 256
70 78 248
70 79 256
70 80 251
70 81 260
70 82 255
70 83 251
70 84 253
70 85 253
70 86 258
70 87 245
70 88 253
70 89 262
70 90 256
70 91 263
70 92 254
70 93 254
70 94 258
70 95 270
70 96 258
70 97 250
70 98 254
70 99 260
70 100 259
70 101 94
71 1 2
71 2 2
71 3 2
71 4 2
71 5 2
71 6 2
71 7 2
71 8 2
71 9 2
71 10 2
71 11 2
71 12 2
71 13 2
71 14 2
71 15 2
71 16 2
71 17 2
71 18 2
71 19 2
71 20 2
71 21 2
71 22 2
71 23 2
71 24 2
71 25 2
71 26 2
71 27 2
71 28 2
71 29 2
71 30 2
71 31 2
71 32 2
71 33 2
71 34 2
71 35 2
71 36 2
71 37 2
71 38 2
71 39 2
71 40 2
71 41 2
71 42 2
71 43 2
71 44 2
71 45 2
71 46 2
71 47 2
71 48 2
71 49 2
71 50 2
71 51 358
71 52 353
71 53 352
71 54 358
71 55 357
71 56 358
71 57 358
71 58 355
71 59 355
71 60 358
71 61 350
71 62 353
71 63 355
71 64 357
71 65 356
71 66 358
71 67 352
71 68 359
71 69 365
71 70 361
71 71 357
71 72 355
71 73 362
71 74 352
71 75 354
71 76 354
71 77 358
71 78 356
71 79 355
71 80 351
71 81 359
71 82 351
71 83 347
71 84 356
71 85 352
71 86 358
71 87 350
71 88 352
71 89 361
71 90 353
71 91 361
71 92 356
71 93 354
71 94 354
71 95 363
71 96 354
71 97 353
71 98 353
71 99 359
71 100 353
71 101 139
72 1 2
72 2 2
72 3 2
72 4 2
72 5 2
72 6 2
72 7 2
72 8 2
72 9 2
72 10 2
72 11 2
72 12 2
72 13 2
72 14 2
72 15 2
72 16 2
72 17 2
72 18 2
72 19 2
72 20 2
72 21 2
72 22 2
72 23 2
72 24 2
72 25 2
72 26 2
72 27 2
72 28 2
72 29 2
72 30 2
72 31 2
72 32 2
72 33 2
72 34 2
72 35 2
72 36 2
72 37 2
72 38 2
72 39 2
72 40 2
72 41 2
72 42 2
72 43 2
72 44 2
72 45 2
72 46 2
72 47 2
72 48 2
72 49 2
72 50 2
72 51 266
72 52 266
72 53 262
72 54 267
72 55 262
72 56 264
72 57 259
72 58 259
72 59 263
72 60 263
72 61 257
72 62 261
72 63 264
72 64 262
72 65 258
72 66 265
72 67 253
72 68 259
72 69 265
72 70 263
72 71 260
72 72 264
72 73 268
72 74 256
72 75 263
72 76 259
72 77 269
72 78 259
72 79 257
72 80 263
72 81 268
72 82 258
72 83 256
72 84 270
72 85 268
72 86 263
72 87 260
72 88 261
72 89 264
72 90 258
72 91 257
72 92 259
72 93 257
72 94 263
72 95 275
72 96 266
72 97 265
72 98 262
72 99 276
72 100 270
72 101 102
73 1 2
73 2 2
73 3 2
73 4 2
73 5 2
73 6 2
73 7 2
73 8 2
73 9 2
73 10 2
73 11 2
73 12 2
73 13 2
73 14 2
73 15 2
73 16 2
73 17 2
73 18 2
73 19 2
73 20 2
73 21 2
73 22 2
73 23 2
73 24 2
73 25 2
73 26 2
73 27 2
73 28 2
73 29 2
73 30 2
73 31 2
73 32 2
73 33 2
73 34 2
73 35 2
73 36 2
73 37 2
73 38 2
73 39 2
73 40 2
73 41 2
73 42 2
73 43 2
73 44 2
73 45 2
73 46 2
73 47 2
73 48 2
73 49 2
73 50 2
73 51 360
73 52 354
73 53 352
73 54 356
73 55 358
73 56 355
73 57 348
73 58 354
73 59 359
73 60 357
73 61 347
73 62 352
73 63 360
73 64 358
73 65 361
73 66 362
73 67 353
73 68 357
73 69 360
73 70 360
73 71 356
73 72 361
73 73 368
73 74 357
73 75 353
73 76 358
73 77 364
73 78 354
73 79 352
73 80 356
73 81 364
73 82 362
73 83 354
73 84 355
73 85 357
73 86 360
73 87 350
73 88 353
73 89 355
73 90 357
73 91 361
73 92 362
73 93 353
73 94 358
73 95 367
73 96 362
73 97 362
73 98 356
73 99 370
73 100 368
73 101 140
74 1 2
74 2 2
74 3 2
74 4 2
74 5 2
74 6 2
74 7 2
74 8 2
74 9 2
74 10 2
74 11 2
74 12 2
74 13 2
74 14 2
74 15 2
74 16 2
74 17 2
74 18 2
74 19 2
74 20 2
74 21 2
74 22 2
74 23 2
74 24 2
74 25 2
74 26 2
74 27 2
74 28 2
74 29 2
74 30 2
74 31 2
74 32 2
74 33 2
74 34 2
74 35 2
74 36 2
74 37 2
74 38 2
74 39 2
74 40 2
74 41 2
74 42 2
74 43 2
74 44 2
74 45 2
74 46 2
74 47 2
74 48 2
74 49 2
74 50 2
74 51 323
74 52 320
74 53 327
74 54 324
74 55 321
74 56 321
74 57 318
74 58 321
74 59 321
74 60 327
74 61 320
74 62 320
74 63 322
74 64 325
74 65 325
74 66 327
74 67 320
74 68 322
74 69 328
74 70 323
74 71 320
74 72 327
74 73 333
74 74 328
74 75 326
74 76 326
74 77 332
74 78 320
74 79 322
74 80 325
74 81 330
74 82 325
74 83 319
74 84 327
74 85 326
74 86 326
74 87 323
74 88 324
74 89 331
74 90 327
74 91 328
74 92 332
74 93 326
74 94 326
74 95 338
74 96 329
74 97 328
74 98 325
74 99 343
74 100 330
74 101 109
75 1 2
75 2 2
75 3 2
75 4 2
75 5 2
75 6 2
75 7 2
75 8 2
75 9 2
75 10 2
75 11 2
75 12 2
75 13 2
75 14 2
75 15 2
75 16 2
75 17 2
75 18 2
75 19 2
75 20 2
75 21 2
75 22 2
75 23 2
75 24 2
75 25 2
75 26 2
75 27 2
75 28 2
75 29 2
75 30 2
75 31 2
75 32 2
75 33 2
75 34 2
75 35 2
75 36 2
75 37 2
75 38 2
75 39 2
75 40 2
75 41 2
75 42 2
75 43 2
75 44 2
75 45 2
75 46 2
75 47 2
75 48 2
75 49 2
75 50 2
75 51 198
75 52 193
75 53 198
75 54 198
75 55 194
75 56 192
75 57 197
75 58 199
75 59 194
75 60 198
75 61 197
75 62 191
75 63 199
75 64 203
75 65 195
75 66 200
75 67 194
75 68 197
75 69 201
75 70 197
75 71 195
75 72 201
75 73 206
75 74 202
75 75 204
75 76 199
75 77 211
75 78 199
75 79 195
75 80 200
75 81 203
75 82 199
75 83 196
75 84 202
75 85 199
75 86 202
75 87 202
75 88 204
75 89 200
75 90 202
75 91 208
75 92 205
75 93 200
75 94 198
75 95 210
75 96 199
75 97 205
75 98 203
75 99 215
75 100 205
75 101 120
76 1 2
76 2 2
76 3 2
76 4 2
76 5 2
76 6 2
76 7 2
76 8 2
76 9 2
76 10 2
76 11 2
76 12 2
76 13 2
76 14 2
76 15 2
76 16 2
76 17 2
76 18 2
76 19 2
76 20 2
76 21 2
76 22 2
76 23 2
76 24 2
76 25 2
76 26 2
76 27 2
76 28 2
76 29 2
76 30 2
76 31 2
76 32 2
76 33 2
76 34 2
76 35 2
76 36 2
76 37 2
76 38 2
76 39 2
76 40 2
76 41 2
76 42 2
76 43 2
76 44 2
76 45 2
76 46 2
76 47 2
76 48 2
76 49 2
76 50 2
76 51 268
76 52 261
76 53 262
76 54 265
76 55 266
76 56 260
76 57 261
76 58 264
76 59 262
76 60 265
76 61 261
76 62 259
76 63 262
76 64 270
76 65 264
76 66 261
76 67 262
76 68 263
76 69 261
76 70 265
76 71 260
76 72 260
76 73 272
76 74 266
76 75 270
76 76 263
76 77 273
76 78 261
76 79 259
76 80 267
76 81 268
76 82 264
76 83 260
76 84 268
76 85 270
76 86 266
76 87 264
76 88 263
76 89 265
76 90 266
76 91 275
76 92 265
76 93 259
76 94 267
76 95 275
76 96 262
76 97 265
76 98 261
76 99 277
76 100 271
76 101 106
77 1 2
77 2 2
77 3 2
77 4 2
77 5 2
77 6 2
77 7 2
77 8 2
77 9 2
77 10 2
77 11 2
77 12 2
77 13 2
77 14 2
77 15 2
77 16 2
77 17 2
77 18 2
77 19 2
77 20 2
77 21 2
77 22 2
77 23 2
77 24 2
77 25 2
77 26 2
77 27 2
77 28 2
77 29 2
77 30 2
77 31 2
77 32 2
77 33 2
77 34 2
77 35 2
77 36 2
77 37 2
77 38 2
77 39 2
77 40 2
77 41 2
77 42 2
77 43 2
77 44 2
77 45 2
77 46 2
77 47 2
77 48 2
77 49 2
77 50 2
77 51 357
77 52 348
77 53 350
77 54 351
77 55 354
77 56 345
77 57 343
77 58 356
77 59 356
77 60 358
77 61 346
77 62 345
77 63 354
77 64 354
77 65 355
77 66 355
77 67 348
77 68 351
77 69 354
77 70 356
77 71 346
77 72 356
77 73 361
77 74 357
77 75 357
77 76 352
77 77 368
77 78 355
77 79 349
77 80 356
77 81 364
77 82 358
77 83 348
77 84 352
77 85 356
77 86 358
77 87 357
77 88 353
77 89 355
77 90 355
77 91 361
77 92 353
77 93 354
77 94 351
77 95 360
77 96 360
77 97 358
77 98 351
77 99 366
77 100 360
77 101 137
78 1 2
78 2 2
78 3 2
78 4 2
78 5 2
78 6 2
78 7 2
78 8 2
78 9 2
78 10 2
78 11 2
78 12 2
78 13 2
78 14 2
78 15 2
78 16 2
78 17 2
78 18 2
78 19 2
78 20 2
78 21 2
78 22 2
78 23 2
78 24 2
78 25 2
78 26 2
78 27 2
78 28 2
78 29 2
78 30 2
78 31 2
78 32 2
78 33 2
78 34 2
78 35 2
78 36 2
78 37 2
78 38 2
78 39 2
78 40 2
78 41 2
78 42 2
78 43 2
78 44 2
78 45 2
78 46 2
78 47 2
78 48 2
78 49 2
78 50 2
78 51 325
78 52 314
78 53 323
78 54 325
78 55 320
78 56 321
78 57 323
78 58 328
78 59 325
78 60 323
78 61 324
78 62 320
78 63 328
78 64 334
78 65 323
78 66 329
78 67 323
78 68 328
78 69 328
78 70 330
78 71 326
78 72 331
78 73 333
78 74 329
78 75 330
78 76 328
78 77 342
78 78 330
78 79 326
78 80 336
78 81 340
78 82 327
78 83 321
78 84 341
78 85 337
78 86 329
78 87 331
78 88 333
78 89 334
78 90 332
78 91 335
78 92 333
78 93 327
78 94 332
78 95 340
78 96 336
78 97 334
78 98 332
78 99 349
78 100 338
78 101 111
79 1 2
79 2 2
79 3 2
79 4 2
79 5 2
79 6 2
79 7 2
79 8 2
79 9 2
79 10 2
79 11 2
79 12 2
79 13 2
79 14 2
79 15 2
79 16 2
79 17 2
79 18 2
79 19 2
79 20 2
79 21 2
79 22 2
79 23 2
79 24 2
79 25 2
79 26 2
79 27 2
79 28 2
79 29 2
79 30 2
79 31 2
79 32 2
79 33 2
79 34 2
79 35 2
79 36 2
79 37 2
79 38 2
79 39 2
79 40 2
79 41 2
79 42 2
79 43 2
79 44 2
79 45 2
79 46 2
79 47 2
79 48 2
79 49 2
79 50 2
79 51 353
79 52 344
79 53 348
79 54 353
79 55 345
79 56 350
79 57 350
79 58 355
79 59 351
79 60 352
79 61 346
79 62 341
79 63 349
79 64 351
79 65 345
79 66 351
79 67 348
79 68 351
79 69 351
79 70 353
79 71 349
79 72 348
79 73 356
79 74 349
79 75 352
79 76 348
79 77 360
79 78 351
79 79 348
79 80 355
79 81 361
79 82 351
79 83 341
79 84 347
79 85 352
79 86 344
79 87 349
79 88 346
79 89 347
79 90 346
79 91 352
79 92 350
79 93 347
79 94 345
79 95 357
79 96 349
79 97 354
79 98 346
79 99 355
79 100 349
79 101 131
80 1 2
80 2 2
80 3 2
80 4 2
80 5 2
80 6 2
80 7 2
80 8 2
80 9 2
80 10 2
80 11 2
80 12 2
80 13 2
80 14 2
80 15 2
80 16 2
80 17 2
80 18 2
80 19 2
80 20 2
80 21 2
80 22 2
80 23 2
80 24 2
80 25 2
80 26 2
80 27 2
80 28 2
80 29 2
80 30 2
80 31 2
80 32 2
80 33 2
80 34 2
80 35 2
80 36 2
80 37 2
80 38 2
80 39 2
80 40 2
80 41 2
80 42 2
80 43 2
80 44 2
80 45 2
80 46 2
80 47 2
80 48 2
80 49 2
80 50 2
80 51 195
80 52 189
80 53 192
80 54 192
80 55 191
80 56 188
80 57 190
80 58 197
80 59 190
80 60 198
80 61 185
80 62 183
80 63 192
80 64 192
80 65 187
80 66 186
80 67 189
80 68 192
80 69 191
80 70 199
80 71 191
80 72 193
80 73 200
80 74 192
80 75 194
80 76 191
80 77 202
80 78 195
80 79 191
80 80 205
80 81 207
80 82 195
80 83 185
80 84 197
80 85 199
80 86 196
80 87 196
80 88 194
80 89 192
80 90 193
80 91 201
80 92 195
80 93 189
80 94 191
80 95 198
80 96 199
80 97 191
80 98 191
80 99 203
80 100 197
80 101 91
81 1 2
81 2 2
81 3 2
81 4 2
81 5 2
81 6 2
81 7 2
81 8 2
81 9 2
81 10 2
81 11 2
81 12 2
81 13 2
81 14 2
81 15 2
81 16 2
81 17 2
81 18 2
81 19 2
81 20 2
81 21 2
81 22 2
81 23 2
81 24 2
81 25 2
81 26 2
81 27 2
81 28 2
81 29 2
81 30 2
81 31 2
81 32 2
81 33 2
81 34 2
81 35 2
81 36 2
81 37 2
81 38 2
81 39 2
81 40 2
81 41 2
81 42 2
81 43 2
81 44 2
81 45 2
81 46 2
81 47 2
81 48 2
81 49 2
81 50 2
81 51 354
81 52 348
81 53 350
81 54 351
81 55 346
81 56 351
81 57 347
81 58 358
81 59 354
81 60 349
81 61 349
81 62 345
81 63 346
81 64 356
81 65 348
81 66 358
81 67 349
81 68 351
81 69 361
81 70 354
81 71 347
81 72 352
81 73 350
81 74 353
81 75 353
81 76 345
81 77 365
81 78 355
81 79 352
81 80 361
81 81 369
81 82 354
81 83 344
81 84 352
81 85 359
81 86 348
81 87 353
81 88 353
81 89 354
81 90 348
81 91 353
81 92 357
81 93 354
81 94 347
81 95 359
81 96 357
81 97 358
81 98 352
81 99 366
81 100 360
81 101 135
82 1 2
82 2 2
82 3 2
82 4 2
82 5 2
82 6 2
82 7 2
82 8 2
82 9 2
82 10 2
82 11 2
82 12 2
82 13 2
82 14 2
82 15 2
82 16 2
82 17 2
82 18 2
82 19 2
82 20 2
82 21 2
82 22 2
82 23 2
82 24 2
82 25 2
82 26 2
82 27 2
82 28 2
82 29 2
82 30 2
82 31 2
82 32 2
82 33 2
82 34 2
82 35 2
82 36 2
82 37 2
82 38 2
82 39 2
82 40 2
82 41 2
82 42 2
82 43 2
82 44 2
82 45 2
82 46 2
82 47 2
82 48 2
82 49 2
82 50 2
82 51 326
82 52 316
82 53 322
82 54 323
82 55 318
82 56 322
82 57 321
82 58 332
82 59 320
82 60 329
82 61 323
82 62 318
82 63 322
82 64 324
82 65 325
82 66 325
82 67 327
82 68 328
82 69 326
82 70 332
82 71 322
82 72 318
82 73 329
82 74 327
82 75 325
82 76 323
82 77 331
82 78 327
82 79 324
82 80 332
82 81 338
82 82 331
82 83 320
82 84 326
82 85 335
82 86 324
82 87 325
82 88 323
82 89 323
82 90 320
82 91 329
82 92 331
82 93 320
82 94 319
82 95 324
82 96 326
82 97 326
82 98 320
82 99 332
82 100 330
82 101 109
83 1 2
83 2 2
83 3 2
83 4 2
83 5 2
83 6 2
83 7 2
83 8 2
83 9 2
83 10 2
83 11 2
83 12 2
83 13 2
83 14 2
83 15 2
83 16 2
83 17 2
83 18 2
83 19 2
83 20 2
83 21 2
83 22 2
83 23 2
83 24 2
83 25 2
83 26 2
83 27 2
83 28 2
83 29 2
83 30 2
83 31 2
83 32 2
83 33 2
83 34 2
83 35 2
83 36 2
83 37 2
83 38 2
83 39 2
83 40 2
83 41 2
83 42 2
83 43 2
83 44 2
83 45 2
83 46 2
83 47 2
83 48 2
83 49 2
83 50 2
83 51 355
83 52 350
83 53 353
83 54 360
83 55 359
83 56 349
83 57 350
83 58 366
83 59 347
83 60 354
83 61 353
83 62 346
83 63 347
83 64 354
83 65 357
83 66 357
83 67 344
83 68 344
83 69 354
83 70 359
83 71 351
83 72 356
83 73 363
83 74 361
83 75 362
83 76 353
83 77 366
83 78 354
83 79 352
83 80 370
83 81 370
83 82 364
83 83 361
83 84 370
83 85 365
83 86 365
83 87 367
83 88 364
83 89 363
83 90 360
83 91 369
83 92 363
83 93 352
83 94 356
83 95 366
83 96 362
83 97 364
83 98 360
83 99 368
83 100 362
83 101 145
84 1 2
84 2 2
84 3 2
84 4 2
84 5 2
84 6 2
84 7 2
84 8 2
84 9 2
84 10 2
84 11 2
84 12 2
84 13 2
84 14 2
84 15 2
84 16 2
84 17 2
84 18 2
84 19 2
84 20 2
84 21 2
84 22 2
84 23 2
84 24 2
84 25 2
84 26 2
84 27 2
84 28 2
84 29 2
84 30 2
84 31 2
84 32 2
84 33 2
84 34 2
84 35 2
84 36 2
84 37 2
84 38 2
84 39 2
84 40 2
84 41 2
84 42 2
84 43 2
84 44 2
84 45 2
84 46 2
84 47 2
84 48 2
84 49 2
84 50 2
84 51 262
84 52 261
84 53 255
84 54 266
84 55 265
84 56 261
84 57 256
84 58 265
84 59 261
84 60 256
84 61 254
84 62 258
84 63 259
84 64 261
84 65 262
84 66 266
84 67 250
84 68 252
84 69 261
84 70 259
84 71 251
84 72 257
84 73 266
84 74 258
84 75 264
84 76 252
84 77 273
84 78 252
84 79 253
84 80 268
84 81 271
84 82 261
84 83 259
84 84 273
84 85 271
84 86 263
84 87 266
84 88 267
84 89 268
84 90 260
84 91 266
84 92 264
84 93 258
84 94 259
84 95 274
84 96 270
84 97 264
84 98 261
84 99 277
84 100 273
84 101 103
85 1 2
85 2 2
85 3 2
85 4 2
85 5 2
85 6 2
85 7 2
85 8 2
85 9 2
85 10 2
85 11 2
85 12 2
85 13 2
85 14 2
85 15 2
85 16 2
85 17 2
85 18 2
85 19 2
85 20 2
85 21 2
85 22 2
85 23 2
85 24 2
85 25 2
85 26 2
85 27 2
85 28 2
85 29 2
85 30 2
85 31 2
85 32 2
85 33 2
85 34 2
85 35 2
85 36 2
85 37 2
85 38 2
85 39 2
85 40 2
85 41 2
85 42 2
85 43 2
85 44 2
85 45 2
85 46 2
85 47 2
85 48 2
85 49 2
85 50 2
85 51 282
85 52 274
85 53 272
85 54 281
85 55 285
85 56 288
85 57 276
85 58 283
85 59 279
85 60 278
85 61 280
85 62 275
85 63 278
85 64 280
85 65 288
85 66 287
85 67 275
85 68 277
85 69 275
85 70 287
85 71 283
85 72 280
85 73 287
85 74 282
85 75 284
85 76 280
85 77 288
85 78 277
85 79 277
85 80 291
85 81 291
85 82 286
85 83 279
85 84 296
85 85 296
85 86 285
85 87 288
85 88 284
85 89 292
85 90 287
85 91 296
85 92 294
85 93 283
85 94 283
85 95 293
85 96 291
85 97 287
85 98 283
85 99 303
85 100 294
85 101 122
86 1 2
86 2 2
86 3 2
86 4 2
86 5 2
86 6 2
86 7 2
86 8 2
86 9 2
86 10 2
86 11 2
86 12 2
86 13 2
86 14 2
86 15 2
86 16 2
86 17 2
86 18 2
86 19 2
86 20 2
86 21 2
86 22 2
86 23 2
86 24 2
86 25 2
86 26 2
86 27 2
86 28 2
86 29 2
86 30 2
86 31 2
86 32 2
86 33 2
86 34 2
86 35 2
86 36 2
86 37 2
86 38 2
86 39 2
86 40 2
86 41 2
86 42 2
86 43 2
86 44 2
86 45 2
86 46 2
86 47 2
86 48 2
86 49 2
86 50 2
86 51 322
86 52 317
86 53 318
86 54 323
86 55 316
86 56 316
86 57 314
86 58 328
86 59 318
86 60 320
86 61 321
86 62 311
86 63 319
86 64 320
86 65 317
86 66 324
86 67 313
86 68 317
86 69 319
86 70 322
86 71 316
86 72 318
86 73 323
86 74 325
86 75 322
86 76 317
86 77 331
86 78 319
86 79 319
86 80 329
86 81 334
86 82 326
86 83 320
86 84 332
86 85 332
86 86 326
86 87 325
86 88 322
86 89 325
86 90 327
86 91 327
86 92 319
86 93 319
86 94 317
86 95 329
86 96 329
86 97 327
86 98 319
86 99 338
86 100 332
86 101 106
87 1 2
87 2 2
87 3 2
87 4 2
87 5 2
87 6 2
87 7 2
87 8 2
87 9 2
87 10 2
87 11 2
87 12 2
87 13 2
87 14 2
87 15 2
87 16 2
87 17 2
87 18 2
87 19 2
87 20 2
87 21 2
87 22 2
87 23 2
87 24 2
87 25 2
87 26 2
87 27 2
87 28 2
87 29 2
87 30 2
87 31 2
87 32 2
87 33 2
87 34 2
87 35 2
87 36 2
87 37 2
87 38 2
87 39 2
87 40 2
87 41 2
87 42 2
87 43 2
87 44 2
87 45 2
87 46 2
87 47 2
87 48 2
87 49 2
87 50 2
87 51 356
87 52 343
87 53 352
87 54 349
87 55 349
87 56 346
87 57 341
87 58 352
87 59 345
87 60 360
87 61 351
87 62 344
87 63 352
87 64 350
87 65 355
87 66 355
87 67 347
87 68 349
87 69 352
87 70 356
87 71 346
87 72 349
87 73 357
87 74 355
87 75 357
87 76 355
87 77 363
87 78 353
87 79 350
87 80 362
87 81 370
87 82 354
87 83 350
87 84 366
87 85 367
87 86 360
87 87 362
87 88 359
87 89 361
87 90 361
87 91 362
87 92 359
87 93 351
87 94 354
87 95 363
87 96 363
87 97 361
87 98 358
87 99 378
87 100 372
87 101 139
88 1 2
88 2 2
88 3 2
88 4 2
88 5 2
88 6 2
88 7 2
88 8 2
88 9 2
88 10 2
88 11 2
88 12 2
88 13 2
88 14 2
88 15 2
88 16 2
88 17 2
88 18 2
88 19 2
88 20 2
88 21 2
88 22 2
88 23 2
88 24 2
88 25 2
88 26 2
88 27 2
88 28 2
88 29 2
88 30 2
88 31 2
88 32 2
88 33 2
88 34 2
88 35 2
88 36 2
88 37 2
88 38 2
88 39 2
88 40 2
88 41 2
88 42 2
88 43 2
88 44 2
88 45 2
88 46 2
88 47 2
88 48 2
88 49 2
88 50 2
88 51 261
88 52 260
88 53 253
88 54 268
88 55 264
88 56 261
88 57 254
88 58 263
88 59 261
88 60 257
88 61 257
88 62 259
88 63 256
88 64 260
88 65 262
88 66 265
88 67 250
88 68 254
88 69 260
88 70 264
88 71 258
88 72 259
88 73 267
88 74 259
88 75 259
88 76 254
88 77 265
88 78 250
88 79 254
88 80 268
88 81 265
88 82 261
88 83 258
88 84 270
88 85 263
88 86 265
88 87 263
88 88 269
88 89 269
88 90 267
88 91 271
88 92 268
88 93 266
88 94 258
88 95 270
88 96 266
88 97 261
88 98 260
88 99 280
88 100 267
88 101 103
89 1 2
89 2 2
89 3 2
89 4 2
89 5 2
89 6 2
89 7 2
89 8 2
89 9 2
89 10 2
89 11 2
89 12 2
89 13 2
89 14 2
89 15 2
89 16 2
89 17 2
89 18 2
89 19 2
89 20 2
89 21 2
89 22 2
89 23 2
89 24 2
89 25 2
89 26 2
89 27 2
89 28 2
89 29 2
89 30 2
89 31 2
89 32 2
89 33 2
89 34 2
89 35 2
89 36 2
89 37 2
89 38 2
89 39 2
89 40 2
89 41 2
89 42 2
89 43 2
89 44 2
89 45 2
89 46 2
89 47 2
89 48 2
89 49 2
89 50 2
89 51 357
89 52 348
89 53 346
89 54 357
89 55 358
89 56 352
89 57 348
89 58 360
89 59 347
89 60 351
89 61 353
89 62 342
89 63 344
89 64 353
89 65 353
89 66 363
89 67 344
89 68 342
89 69 353
89 70 359
89 71 351
89 72 353
89 73 358
89 74 353
89 75 360
89 76 352
89 77 362
89 78 346
89 79 350
89 80 368
89 81 369
89 82 357
89 83 351
89 84 369
89 85 367
89 86 359
89 87 364
89 88 364
89 89 366
89 90 363
89 91 367
89 92 364
89 93 356
89 94 356
89 95 370
89 96 362
89 97 363
89 98 358
89 99 371
89 100 362
89 101 141
90 1 2
90 2 2
90 3 2
90 4 2
90 5 2
90 6 2
90 7 2
90 8 2
90 9 2
90 10 2
90 11 2
90 12 2
90 13 2
90 14 2
90 15 2
90 16 2
90 17 2
90 18 2
90 19 2
90 20 2
90 21 2
90 22 2
90 23 2
90 24 2
90 25 2
90 26 2
90 27 2
90 28 2
90 29 2
90 30 2
90 31 2
90 32 2
90 33 2
90 34 2
90 35 2
90 36 2
90 37 2
90 38 2
90 39 2
90 40 2
90 41 2
90 42 2
90 43 2
90 44 2
90 45 2
90 46 2
90 47 2
90 48 2
90 49 2
90 50 2
90 51 248
90 52 245
90 53 243
90 54 251
90 55 249
90 56 250
90 57 248
90 58 254
90 59 250
90 60 250
90 61 243
90 62 239
90 63 249
90 64 253
90 65 251
90 66 250
90 67 246
90 68 249
90 69 250
90 70 259
90 71 251
90 72 256
90 73 261
90 74 254
90 75 254
90 76 249
90 77 263
90 78 250
90 79 251
90 80 264
90 81 267
90 82 253
90 83 250
90 84 263
90 85 259
90 86 253
90 87 257
90 88 258
90 89 262
90 90 262
90 91 264
90 92 264
90 93 256
90 94 251
90 95 264
90 96 255
90 97 257
90 98 255
90 99 275
90 100 265
90 101 91
91 1 2
91 2 2
91 3 2
91 4 2
91 5 2
91 6 2
91 7 2
91 8 2
91 9 2
91 10 2
91 11 2
91 12 2
91 13 2
91 14 2
91 15 2
91 16 2
91 17 2
91 18 2
91 19 2
91 20 2
91 21 2
91 22 2
91 23 2
91 24 2
91 25 2
91 26 2
91 27 2
91 28 2
91 29 2
91 30 2
91 31 2
91 32 2
91 33 2
91 34 2
91 35 2
91 36 2
91 37 2
91 38 2
91 39 2
91 40 2
91 41 2
91 42 2
91 43 2
91 44 2
91 45 2
91 46 2
91 47 2
91 48 2
91 49 2
91 50 2
91 51 352
91 52 349
91 53 340
91 54 351
91 55 357
91 56 352
91 57 351
91 58 357
91 59 352
91 60 354
91 61 352
91 62 341
91 63 347
91 64 350
91 65 354
91 66 358
91 67 349
91 68 350
91 69 349
91 70 357
91 71 350
91 72 347
91 73 354
91 74 353
91 75 358
91 76 351
91 77 360
91 78 347
91 79 347
91 80 361
91 81 364
91 82 353
91 83 346
91 84 364
91 85 360
91 86 356
91 87 354
91 88 358
91 89 363
91 90 362
91 91 368
91 92 365
91 93 353
91 94 349
91 95 361
91 96 359
91 97 361
91 98 351
91 99 365
91 100 366
91 101 138
92 1 2
92 2 2
92 3 2
92 4 2
92 5 2
92 6 2
92 7 2
92 8 2
92 9 2
92 10 2
92 11 2
92 12 2
92 13 2
92 14 2
92 15 2
92 16 2
92 17 2
92 18 2
92 19 2
92 20 2
92 21 2
92 22 2
92 23 2
92 24 2
92 25 2
92 26 2
92 27 2
92 28 2
92 29 2
92 30 2
92 31 2
92 32 2
92 33 2
92 34 2
92 35 2
92 36 2
92 37 2
92 38 2
92 39 2
92 40 2
92 41 2
92 42 2
92 43 2
92 44 2
92 45 2
92 46 2
92 47 2
92 48 2
92 49 2
92 50 2
92 51 260
92 52 263
92 53 256
92 54 265
92 55 260
92 56 264
92 57 261
92 58 269
92 59 258
92 60 265
92 61 259
92 62 259
92 63 258
92 64 266
92 65 256
92 66 267
92 67 259
92 68 265
92 69 267
92 70 268
92 71 262
92 72 260
92 73 264
92 74 261
92 75 267
92 76 261
92 77 269
92 78 261
92 79 264
92 80 272
92 81 268
92 82 267
92 83 256
92 84 268
92 85 276
92 86 262
92 87 262
92 88 264
92 89 268
92 90 265
92 91 275
92 92 277
92 93 265
92 94 263
92 95 271
92 96 269
92 97 266
92 98 260
92 99 277
92 100 273
92 101 108
93 1 2
93 2 2
93 3 2
93 4 2
93 5 2
93 6 2
93 7 2
93 8 2
93 9 2
93 10 2
93 11 2
93 12 2
93 13 2
93 14 2
93 15 2
93 16 2
93 17 2
93 18 2
93 19 2
93 20 2
93 21 2
93 22 2
93 23 2
93 24 2
93 25 2
93 26 2
93 27 2
93 28 2
93 29 2
93 30 2
93 31 2
93 32 2
93 33 2
93 34 2
93 35 2
93 36 2
93 37 2
93 38 2
93 39 2
93 40 2
93 41 2
93 42 2
93 43 2
93 44 2
93 45 2
93 46 2
93 47 2
93 48 2
93 49 2
93 50 2
93 51 358
93 52 351
93 53 347
93 54 358
93 55 358
93 56 351
93 57 343
93 58 356
93 59 341
93 60 359
93 61 344
93 62 346
93 63 342
93 64 348
93 65 356
93 66 361
93 67 339
93 68 348
93 69 354
93 70 362
93 71 352
93 72 353
93 73 362
93 74 355
93 75 359
93 76 357
93 77 364
93 78 351
93 79 349
93 80 365
93 81 366
93 82 356
93 83 354
93 84 368
93 85 371
93 86 363
93 87 362
93 88 365
93 89 367
93 90 363
93 91 369
93 92 371
93 93 359
93 94 360
93 95 372
93 96 363
93 97 364
93 98 362
93 99 380
93 100 370
93 101 142
94 1 2
94 2 2
94 3 2
94 4 2
94 5 2
94 6 2
94 7 2
94 8 2
94 9 2
94 10 2
94 11 2
94 12 2
94 13 2
94 14 2
94 15 2
94 16 2
94 17 2
94 18 2
94 19 2
94 20 2
94 21 2
94 22 2
94 23 2
94 24 2
94 25 2
94 26 2
94 27 2
94 28 2
94 29 2
94 30 2
94 31 2
94 32 2
94 33 2
94 34 2
94 35 2
94 36 2
94 37 2
94 38 2
94 39 2
94 40 2
94 41 2
94 42 2
94 43 2
94 44 2
94 45 2
94 46 2
94 47 2
94 48 2
94 49 2
94 50 2
94 51 323
94 52 317
94 53 317
94 54 328
94 55 330
94 56 321
94 57 314
94 58 328
94 59 319
94 60 327
94 61 319
94 62 324
94 63 320
94 64 332
94 65 329
94 66 335
94 67 318
94 68 326
94 69 334
94 70 332
94 71 324
94 72 331
94 73 341
94 74 333
94 75 332
94 76 330
94 77 344
94 78 326
94 79 324
94 80 334
94 81 336
94 82 332
94 83 327
94 84 338
94 85 337
94 86 336
94 87 327
94 88 333
94 89 338
94 90 335
94 91 344
94 92 343
94 93 332
94 94 338
94 95 344
94 96 334
94 97 332
94 98 331
94 99 354
94 100 344
94 101 117
95 1 2
95 2 2
95 3 2
95 4 2
95 5 2
95 6 2
95 7 2
95 8 2
95 9 2
95 10 2
95 11 2
95 12 2
95 13 2
95 14 2
95 15 2
95 16 2
95 17 2
95 18 2
95 19 2
95 20 2
95 21 2
95 22 2
95 23 2
95 24 2
95 25 2
95 26 2
95 27 2
95 28 2
95 29 2
95 30 2
95 31 2
95 32 2
95 33 2
95 34 2
95 35 2
95 36 2
95 37 2
95 38 2
95 39 2
95 40 2
95 41 2
95 42 2
95 43 2
95 44 2
95 45 2
95 46 2
95 47 2
95 48 2
95 49 2
95 50 2
95 51 283
95 52 279
95 53 273
95 54 282
95 55 280
95 56 285
95 57 272
95 58 278
95 59 275
95 60 283
95 61 272
95 62 277
95 63 276
95 64 283
95 65 283
95 66 289
95 67 269
95 68 280
95 69 284
95 70 287
95 71 280
95 72 283
95 73 291
95 74 283
95 75 281
95 76 284
95 77 288
95 78 276
95 79 272
95 80 286
95 81 289
95 82 282
95 83 279
95 84 289
95 85 293
95 86 287
95 87 279
95 88 289
95 89 288
95 90 287
95 91 294
95 92 295
95 93 286
95 94 288
95 95 298
95 96 290
95 97 289
95 98 282
95 99 306
95 100 295
95 101 121
96 1 2
96 2 2
96 3 2
96 4 2
96 5 2
96 6 2
96 7 2
96 8 2
96 9 2
96 10 2
96 11 2
96 12 2
96 13 2
96 14 2
96 15 2
96 16 2
96 17 2
96 18 2
96 19 2
96 20 2
96 21 2
96 22 2
96 23 2
96 24 2
96 25 2
96 26 2
96 27 2
96 28 2
96 29 2
96 30 2
96 31 2
96 32 2
96 33 2
96 34 2
96 35 2
96 36 2
96 37 2
96 38 2
96 39 2
96 40 2
96 41 2
96 42 2
96 43 2
96 44 2
96 45 2
96 46 2
96 47 2
96 48 2
96 49 2
96 50 2
96 51 267
96 52 268
96 53 267
96 54 266
96 55 261
96 56 264
96 57 256
96 58 267
96 59 266
96 60 271
96 61 260
96 62 264
96 63 263
96 64 263
96 65 258
96 66 272
96 67 252
96 68 266
96 69 271
96 70 267
96 71 257
96 72 268
96 73 271
96 74 270
96 75 265
96 76 266
96 77 278
96 78 262
96 79 260
96 80 265
96 81 271
96 82 269
96 83 267
96 84 273
96 85 278
96 86 270
96 87 261
96 88 274
96 89 270
96 90 268
96 91 273
96 92 277
96 93 276
96 94 270
96 95 282
96 96 280
96 97 272
96 98 270
96 99 293
96 100 283
96 101 112
97 1 2
97 2 2
97 3 2
97 4 2
97 5 2
97 6 2
97 7 2
97 8 2
97 9 2
97 10 2
97 11 2
97 12 2
97 13 2
97 14 2
97 15 2
97 16 2
97 17 2
97 18 2
97 19 2
97 20 2
97 21 2
97 22 2
97 23 2
97 24 2
97 25 2
97 26 2
97 27 2
97 28 2
97 29 2
97 30 2
97 31 2
97 32 2
97 33 2
97 34 2
97 35 2
97 36 2
97 37 2
97 38 2
97 39 2
97 40 2
97 41 2
97 42 2
97 43 2
97 44 2
97 45 2
97 46 2
97 47 2
97 48 2
97 49 2
97 50 2
97 51 356
97 52 353
97 53 352
97 54 352
97 55 352
97 56 346
97 57 345
97 58 359
97 59 358
97 60 360
97 61 351
97 62 347
97 63 351
97 64 361
97 65 352
97 66 364
97 67 347
97 68 356
97 69 363
97 70 355
97 71 349
97 72 360
97 73 362
97 74 362
97 75 364
97 76 360
97 77 373
97 78 357
97 79 347
97 80 361
97 81 367
97 82 361
97 83 349
97 84 365
97 85 368
97 86 356
97 87 348
97 88 356
97 89 354
97 90 363
97 91 367
97 92 369
97 93 359
97 94 364
97 95 373
97 96 369
97 97 363
97 98 359
97 99 383
97 100 373
97 101 142
98 1 2
98 2 2
98 3 2
98 4 2
98 5 2
98 6 2
98 7 2
98 8 2
98 9 2
98 10 2
98 11 2
98 12 2
98 13 2
98 14 2
98 15 2
98 16 2
98 17 2
98 18 2
98 19 2
98 20 2
98 21 2
98 22 2
98 23 2
98 24 2
98 25 2
98 26 2
98 27 2
98 28 2
98 29 2
98 30 2
98 31 2
98 32 2
98 33 2
98 34 2
98 35 2
98 36 2
98 37 2
98 38 2
98 39 2
98 40 2
98 41 2
98 42 2
98 43 2
98 44 2
98 45 2
98 46 2
98 47 2
98 48 2
98 49 2
98 50 2
98 51 318
98 52 319
98 53 314
98 54 318
98 55 310
98 56 314
98 57 305
98 58 321
98 59 318
98 60 319
98 61 311
98 62 309
98 63 311
98 64 315
98 65 310
98 66 323
98 67 309
98 68 315
98 69 321
98 70 314
98 71 310
98 72 316
98 73 322
98 74 318
98 75 321
98 76 316
98 77 329
98 78 312
98 79 309
98 80 320
98 81 326
98 82 319
98 83 312
98 84 327
98 85 328
98 86 316
98 87 314
98 88 314
98 89 317
98 90 322
98 91 322
98 92 320
98 93 319
98 94 319
98 95 329
98 96 325
98 97 323
98 98 319
98 99 339
98 100 332
98 101 98
99 1 2
99 2 2
99 3 2
99 4 2
99 5 2
99 6 2
99 7 2
99 8 2
99 9 2
99 10 2
99 11 2
99 12 2
99 13 2
99 14 2
99 15 2
99 16 2
99 17 2
99 18 2
99 19 2
99 20 2
99 21 2
99 22 2
99 23 2
99 24 2
99 25 2
99 26 2
99 27 2
99 28 2
99 29 2
99 30 2
99 31 2
99 32 2
99 33 2
99 34 2
99 35 2
99 36 2
99 37 2
99 38 2
99 39 2
99 40 2
99 41 2
99 42 2
99 43 2
99 44 2
99 45 2
99 46 2
99 47 2
99 48 2
99 49 2
99 50 2
99 51 354
99 52 349
99 53 342
99 54 353
99 55 346
99 56 346
99 57 339
99 58 356
99 59 348
99 60 348
99 61 343
99 62 345
99 63 342
99 64 348
99 65 346
99 66 361
99 67 342
99 68 352
99 69 361
99 70 352
99 71 346
99 72 350
99 73 355
99 74 350
99 75 353
99 76 351
99 77 366
99 78 347
99 79 345
99 80 356
99 81 359
99 82 353
99 83 348
99 84 360
99 85 361
99 86 351
99 87 350
99 88 350
99 89 356
99 90 357
99 91 359
99 92 363
99 93 351
99 94 351
99 95 359
99 96 361
99 97 355
99 98 358
99 99 382
99 100 368
99 101 138
100 1 2
100 2 2
100 3 2
100 4 2
100 5 2
100 6 2
100 7 2
100 8 2
100 9 2
100 10 2
100 11 2
100 12 2
100 13 2
100 14 2
100 15 2
100 16 2
100 17 2
100 18 2
100 19 2
100 20 2
100 21 2
100 22 2
100 23 2
100 24 2
100 25 2
100 26 2
100 27 2
100 28 2
100 29 2
100 30 2
100 31 2
100 32 2
100 33 2
100 34 2
100 35 2
100 36 2
100 37 2
100 38 2
100 39 2
100 40 2
100 41 2
100 42 2
100 43 2
100 44 2
100 45 2
100 46 2
100 47 2
100 48 2
100 49 2
100 50 2
100 51 114
100 52 108
100 53 113
100 54 113
100 55 122
100 56 121
100 57 108
100 58 132
100 59 123
100 60 129
100 61 122
100 62 124
100 63 122
100 64 129
100 65 130
100 66 147
100 67 127
100 68 131
100 69 142
100 70 140
100 71 127
100 72 132
100 73 139
100 74 139
100 75 137
100 76 135
100 77 152
100 78 132
100 79 131
100 80 144
100 81 152
100 82 142
100 83 131
100 84 146
100 85 142
100 86 139
100 87 133
100 88 141
100 89 143
100 90 141
100 91 151
100 92 151
100 93 144
100 94 142
100 95 154
100 96 146
100 97 144
100 98 144
100 99 162
100 100 164
100 101 129
